"","DU0098","DU0099","TT0040","TT0041","TT0046","TT0047","TT0044","TT0045","KL0014","DU0091","TT0048","DU0093","DU0094","DU0095","DU0096","DU0097","DU0010","DU0011","DU0012","DU0013","DU0014","DU0015","DU0016","DU0017","DU0018","DU0019","KL0006","KL0005","KL0004","DU0087","DU0085","DU0084","DU0083","DU0082","DU0081","DU0080","DU0088","TT0050","KL0009","KL0008","TT0055","TT0054","TT0057","TT0056","KL0003","KL0002","KL0001","CH0050","CH0051","CH0052","CH0053","TT0042","DU0009","DU0008","DU0007","DU0006","DU0005","DU0004","DU0003","DU0002","DU0001","CH0010","CH0012","CH0013","DU0090","CH0049","CH0043","CH0041","CH0040","CH0047","CH0046","TT0062","CH0044","DU0100","DU0078","TT0049","DU0072","DU0073","DU0070","DU0071","DU0076","DU0077","DU0074","DU0075","KL0012","DU0038","SG0009","SG0001","SG0002","SG0003","SG0004","SG0006","SG0007","DU0069","DU0068","DU0039","CH0038","CH0039","CH0036","CH0037","CH0034","CH0035","DU0065","CH0033","DU0067","CH0031","TT0034","CH0024","CH0027","SG0017","TT0043","SG0012","SG0010","SG0018","DU0054","DU0055","DU0056","DU0057","DU0050","DU0051","DU0052","DU0053","DU0028","DU0058","DU0059","CH0028","TT0008","TT0009","TT0006","TT0007","TT0004","TT0005","CH0021","CH0020","CH0023","TT0001","TT0058","DU0043","DU0042","DU0041","DU0040","DU0047","DU0046","DU0045","DU0044","DU0049","DU0048","CH0019","TT0019","TT0018","TT0015","TT0014","TT0017","TT0016","CH0014","CH0015","CH0016","TT0012","DU0061","DU0060","DU0063","KL0010","CH0002","TT0059","DU0062","SG0013","DU0064","TT0061","CH0006","CH0005","CH0004","CH0003","CH0030","CH0001","DU0066","DU0036","DU0037","DU0034","DU0035","DU0032","DU0033","DU0030","DU0031","TT0020","TT0021","TT0022","TT0023","TT0024","TT0025","TT0026","TT0027","TT0063","TT0028","TT0029","TT0037","TT0036","TT0035","DU0079","TT0033","TT0032","TT0030","TT0039","TT0038","DU0025","DU0024","DU0027","DU0026","DU0021","DU0020","DU0023","DU0022","DU0029","TT0053","TT0052","AL0003","AL0002","AL0004"
"DU0098",0.5,0.00318042974828255,0.00110512637525071,0.00450531849429848,0.00110343849221667,0.00329741200152579,0.00173824270632351,0.0016884131176592,0.00116007617907032,0.00315525510985862,0.00157902151338603,0.00372138021544268,0.00399591036174003,0.00379526273987685,0.00400360260666979,0.0021060279221906,0.0036715688955167,0.00103365799197231,0.0010986026553485,0.00118158253055723,0.00323452287689129,0.00118231773518526,0.0032210442933561,0.00110895473466321,0.00169302876744498,0.00175673039542494,0.00151297729515188,0.00149261217888189,0.0010087541572732,0.00386363688243757,0.00380252548305672,0.00189012014988511,0.00389710369682767,0.00395804921301003,0.00400088173352498,0.00373995449806398,0.00186461583747007,0.00223510119472577,0.00110138409455274,0.00175072787290916,0.00146960955233169,0.00356931353702823,0.00110117634529279,0.00151741184095854,0.0033564005521875,0.00322049541275704,0.00110145669866267,0.0011159755124729,0.00247982805319759,0.00359130067172916,0.00167203960390932,0.00321748280937417,0.00319729790301582,0.00111222583844511,0.00318541158291923,0.00300812709937094,0.00338431034886916,0.00169564066684999,0.0011248772436273,0.00323453190846622,0.00397777733508664,0.00152757037954069,0.00154193412482249,0.00111001170678261,0.00452886128912934,0.00110207754721815,0.00181519087885092,0.00410145323755344,0.00326341806326931,0.00171847192700288,0.00177607079593722,0.00229794520203236,0.00117644254480326,0.00336593025037337,0.00180968217070123,0.0022614760760994,0.00387120636848802,0.00164678730262616,0.00176041941110909,0.00233513707622067,0.00390551666020501,0.00378515051534765,0.00384867804660079,0.00388826514897532,0.00111932995788643,0.00321205687645565,0.00109892619423555,0.00120169538298282,0.00110387038067749,0.00171281048571577,0.0011292880857468,0.00117649089202428,0.00125963277688585,0.00194937440408376,0.0039715059267195,0.00322130802258306,0.00241504486689501,0.00322888879423653,0.00112300024539236,0.00151063329650555,0.00111417816833639,0.00352128560988736,0.00391620592797254,0.00164534990736545,0.00352666208510316,0.00116356727635565,0.00109428459546831,0.00175332732072317,0.00183128692144527,0.00176774624175324,0.00151550308505273,0.00188872842840681,0.0011688348940578,0.00453561426001273,0.00375138184811706,0.00397663022465202,0.00475055927654138,0.00445071307762656,0.00456656275813286,0.00394530315402089,0.00396829783375629,0.00174134008413161,0.00353851037421544,0.00395775356851228,0.00171196731623921,0.00166249584452012,0.00154134180024258,0.00112686626623627,0.00450749383786123,0.00234280406881314,0.00175466037097184,0.0011015132707776,0.00322891759664875,0.00157925638067141,0.00321203236963258,0.00320985060539324,0.00148388711328782,0.00122049771426538,0.0017457686709745,0.00109861507552412,0.00125909652869936,0.0035135070008225,0.00322321141375455,0.00318106847106646,0.00110773374891672,0.00450604982736399,0.00146215442186835,0.00180471774681161,0.0032040943374048,0.00330324465,0.00188117897939936,0.00119009695653028,0.00320761937544799,0.00146558633129674,0.00110224659327621,0.00380895548347002,0.00103367454617512,0.00169282323142496,0.00250459672163011,0.00171428911311753,0.00127508928486569,0.00173062871682512,0.0012174989759885,0.00109773333056268,0.00224443915896296,0.00116963964837021,0.00398999966767035,0.0039717409107945,0.0016702017809652,0.00387862708308214,0.00149426790291513,0.00118202343387891,0.00151804447917236,0.00370713989668423,0.00182359405534152,0.00321370977710398,0.0012343151391206,0.00113380968229182,0.00315734406125644,0.00151181795981742,0.0011009472238859,0.00145473499418364,0.00113122179535969,0.00322703555709011,0.00110422438460681,0.00109163094840165,0.00227707155214777,0.00149304639790695,0.00127952613173709,0.00387849321620344,0.00110238440688122,0.00321961501882237,0.00113735877848716,0.00116652851196774,0.00148876057390649,0.00109301545986788,0.00147998465809107,0.00178523244675793,0.00109589964372133,0.00101846971763134,0.00320392227622312,0.00110133998535749,0.00223103575131213,0.00173614243999586,0.00354066935368977,0.00111031336926138,0.00116288704170686,0.00322575484847254,0.00157403875003798,0.0032260444981495,0.00169120680490345,0.00110961337277006,0.00227458078085792,0.00112441870171172,0.00128340349683927,0.00172885756519997,0.00319550129138365
"DU0099",0.00318042974828255,0.5,0.00204085479129036,0.00308801156523393,0.00100594966737255,0.00291716556215913,0.0010822661036727,0.00172360868579942,0.00210266109991569,0.0038080560385851,0.00164768293009613,0.00350196962862824,0.00347052847184426,0.00353625128672193,0.00307230442609238,0.00112089798464094,0.00389949731890125,0.00228728613468901,0.00205468794151457,0.00212454432585352,0.00397382281033304,0.00213247175254637,0.00288103282955399,0.00206631859166998,0.00122078555666993,0.00154587746151735,0.0020336089015497,0.00192570267879266,0.00224668754183146,0.0035267298365453,0.00332597574808268,0.00155007385964118,0.00349246482524174,0.003433666868063,0.00308892564068204,0.00351481719226369,0.00153828444603238,0.00109160886962807,0.00205727369463153,0.00109236755085014,0.001983971511579,0.00389643777203278,0.0020484901310864,0.00203462759919078,0.0029909176879401,0.00395276149942444,0.00206072373588094,0.00206131059259791,0.00156403730455901,0.00384143883197417,0.00164576808355375,0.00394560682359537,0.00391221845321667,0.00204208796571174,0.00389442227738076,0.00111836716237823,0.00298268341643868,0.00109409402356245,0.00205750226354555,0.00397386427282264,0.0031413074338131,0.00202669470459271,0.00200876799965386,0.000985159291256663,0.00308184964325543,0.00205973899005894,0.00110514524832625,0.0032399711640763,0.0029206930133033,0.00162883092605548,0.00108202310298245,0.00110949050026913,0.00208336338204609,0.00301126592642958,0.00163182411425862,0.00110700086940632,0.00349619240005104,0.00165374628843557,0.0015363482876092,0.00111256929766795,0.00314228713330034,0.00353165296606694,0.00352736011907519,0.0035014810201548,0.00203441148753822,0.00393779283755343,0.00204627320452933,0.00108284133430281,0.0020439411910624,0.0011222753211103,0.00204135111623644,0.00103628740836901,0.00107623286538474,0.00151059746719002,0.00304904595905143,0.00395242488142009,0.00154665645665174,0.00396561582015936,0.00207203728966666,0.00199078511982701,0.00207407682387489,0.00380316927570023,0.00349198706607859,0.0010641657016693,0.00377791809082293,0.00208110486694904,0.00203113256743091,0.001164194182684,0.00110271857820811,0.00154068884158053,0.00204096413991488,0.00104946666686232,0.00104637722135631,0.00308701201679,0.00392210252491017,0.00345684666276757,0.00311386109146471,0.00305382837210676,0.00351373686496972,0.00350805886652838,0.00346570078834498,0.00156796576974806,0.00382961554635131,0.00345695227719058,0.00164250321544026,0.00107909946520786,0.00209402448763764,0.00205692466082492,0.003065304485584,0.0011408466194961,0.0011039342974352,0.00100183647693963,0.00396551529607188,0.00106100919158049,0.00393641964051988,0.0039329138882146,0.00194832906390632,0.00105526805182419,0.00111053605811598,0.00203750202293368,0.0010882657439142,0.00380427700782972,0.00395621402918996,0.00388699650120909,0.00204685958238082,0.00308943661218082,0.00197399163616083,0.00153151230383434,0.00392049553173465,0.00292713465153761,0.00162639294110014,0.00106754642269938,0.00392571244589925,0.00104231495820112,0.00203922329861017,0.00308439224231806,0.00223059105147696,0.00160692775920461,0.00157332166464219,0.00154563906667527,0.00107680282904455,0.00109534026891298,0.00110787588444544,0.00203153472249023,0.00110909982293356,0.00210752756158923,0.00348217774627982,0.00310118471027717,0.00126374705528923,0.00348858601925205,0.00195864722329486,0.00205268624014506,0.00108606600145831,0.0030660000469959,0.0015943676279056,0.00393907863130945,0.00105489000368031,0.00202653431522019,0.00383532929914129,0.001952584272651,0.00201795560871474,0.00195884990306957,0.00204228825812105,0.00396277304546906,0.00205034648443108,0.00195787345060515,0.00108330230980409,0.00199775918483622,0.00115627866126948,0.00348840736283646,0.00204602379093056,0.00395023719394584,0.00214631965260339,0.00206532772019406,0.00200003769810388,0.00198752366027045,0.0019894053087955,0.00151212685224446,0.00203919284269768,0.00225546339508118,0.00392313364314384,0.00204498025912529,0.00109029268782437,0.00153184328453074,0.00383110233774688,0.00206904975073753,0.00210702583181272,0.00395758986290037,0.00163197296599388,0.00396102321567217,0.00167952403049722,0.00206265694951411,0.00110839229440242,0.00207265883117144,0.00107510284291399,0.00159761010942395,0.00390773348522952
"TT0040",0.00110512637525071,0.00204085479129036,0.5,0.00108078675990736,0.00281269628199475,0.00107946999592975,0.00243752330217722,0.00129861697589989,0.00325689411226507,0.00197499495942242,0.0026595166687202,0.00160874965053196,0.00146542264884098,0.00159593409429858,0.00104812643816251,0.00100805240034714,0.00201220852884133,0.00235299578247669,0.00385547138187585,0.00214652361354085,0.0021136081592221,0.00215271552474263,0.00107418304952403,0.00339402777673238,0.00283030086017508,0.00302214440952636,0.00332348284711631,0.00343610147663798,0.00230397671309618,0.00116798617824671,0.00107256867605673,0.00260932858852673,0.00112733301927491,0.00144517397809653,0.00106352837140357,0.0019880651277623,0.00264119981347111,0.00243520645403641,0.00411451821857423,0.0024541421588618,0.00344533384854711,0.00205202716546526,0.00400847100841535,0.00204095605343515,0.00109225503941558,0.00210224382198361,0.00408796387655345,0.00313813011998248,0.00176997572957309,0.00161560615334082,0.00223051512152813,0.00209473365881001,0.00206452571882293,0.0037191876727865,0.00205848377483719,0.00326675000771453,0.0010648362049546,0.00290549691596659,0.00356411745425142,0.00211363021202996,0.00107866504913727,0.0024164912269916,0.00230502217989124,0.00183159019433435,0.00105013392474553,0.00402707940784753,0.00181275276179604,0.00143869247015893,0.00108973476408007,0.00191998496464147,0.00217360414901071,0.00249151510536993,0.00243578970688021,0.0010634446002615,0.00119490602285415,0.00302517690139964,0.00152793236663779,0.0016359843214174,0.00345944126080846,0.00247941742122107,0.00115260650515391,0.00159730225715946,0.00117428040240247,0.00114010546303126,0.00357769451655609,0.0020898518926561,0.00399296967001331,0.00296953148568537,0.00330243954171936,0.00264863029023536,0.00341125573548217,0.00247046628056955,0.00253059201671121,0.00140558207875134,0.00104961677517889,0.00210000294009644,0.00138786969506382,0.00211011597305042,0.00304814260708767,0.00245059195799679,0.00327274483420598,0.00198841238622508,0.0011252165634181,0.00148814822799841,0.00195779093948221,0.0025016541352043,0.00387406070369693,0.00223229974648686,0.00144369677738431,0.00331169576041106,0.00335552759330042,0.00134441659176132,0.00306078052373254,0.00107584779355032,0.00160879977402773,0.00107833062969495,0.00105229839519084,0.00104562576470625,0.00108662937867987,0.00111897084401106,0.00147076393217016,0.00306603698901447,0.00198946887798247,0.00146542835874673,0.0016085449842252,0.00241435156085501,0.00338632232818732,0.00354136522995214,0.0010690338457112,0.00282006718704217,0.00230288507625685,0.00289700057897807,0.00210937772036664,0.00221532274593621,0.00208788794824294,0.00208509945409932,0.00326776536074418,0.00320480903794179,0.00331396008354293,0.00396744200734758,0.00320064571766286,0.0019890803404458,0.00210363629811697,0.00204844165237965,0.00400283939779946,0.00106289940377772,0.00214534251286685,0.00189347216095681,0.00207003060898892,0.00108339554413701,0.00117572616974985,0.00285032170498084,0.00207294958592609,0.00262715568178605,0.00330169146370324,0.00106239612450257,0.00228559248189603,0.00268643812656128,0.00260731367527676,0.00320277038744701,0.00299634293581725,0.00272402663128463,0.00216583755857998,0.00408413211709277,0.00315747543498742,0.00319298379170654,0.00108162046976936,0.00105494862878829,0.00155178421778844,0.0015273128989879,0.00248108348706179,0.00230367072923876,0.00141879369705379,0.00109583848968758,0.00228276097678208,0.00208908144156708,0.00298017451522332,0.00265311942035872,0.00200570739994099,0.00301114075653339,0.00379384639615928,0.00373178705534183,0.0035227194480849,0.00210816396329856,0.00407420916134293,0.00357928913328033,0.00140013316193932,0.00333955987462487,0.00137833156727291,0.00153864488305771,0.00401850533384631,0.00209639415541938,0.00215766846569778,0.00206962212737809,0.00282024500190662,0.00383243838047132,0.00344818817968126,0.00304143353911999,0.00375863694420445,0.00231554928585337,0.00207752377908878,0.00369643568656857,0.00324129465429269,0.00311423526910592,0.00199889853852246,0.00333172665695764,0.00325892725796256,0.00209744716391478,0.004133052049993,0.00210754829212148,0.0016664353013644,0.00399593074058095,0.00253823242135385,0.00368700454499932,0.00141307518082476,0.0019809777085958,0.00206248065287646
"TT0041",0.00450531849429848,0.00308801156523393,0.00108078675990736,0.5,0.00139718896654861,0.00332959493624244,0.00219246594141736,0.00116095717886179,0.00111003684025311,0.00305895073396486,0.00152370960230048,0.00359098168141404,0.00385211712067306,0.00364120242293762,0.00384642214323793,0.00209279183623742,0.00355473851347799,0.000964154376724121,0.00107941659282039,0.00108713068545889,0.0031409835590271,0.00108970691191114,0.00500565343967017,0.00109454719159991,0.00123040895506198,0.00167180635046603,0.00108504414032246,0.00142444314386629,0.000938748304926034,0.00370070223788493,0.00396242536788876,0.00178422192065233,0.00373195779959807,0.00382192967059649,0.00389642252065945,0.00322743279000009,0.00176605201987172,0.00227448877644493,0.00107835924279854,0.00218727179380194,0.00141625804500092,0.00309306502055339,0.00107887853423451,0.00138719859901571,0.00367579170183262,0.00312723834261131,0.00107899743441908,0.00110509075172286,0.00237827904571332,0.00309801401499184,0.00122074290495071,0.00312411523184804,0.00310434843058728,0.00107902395178694,0.00344193772418658,0.00166016197816598,0.00334565670221081,0.00167906287803588,0.00108519101357853,0.00314099233739557,0.00393734453578632,0.00111952378150667,0.00148647652963365,0.0020545889926003,0.0043328119840833,0.00108009762665523,0.00171618951973546,0.00401209717837452,0.00488204703178715,0.00167000898937023,0.00167448826906494,0.00218665115416606,0.00114533205650605,0.00600619358281368,0.00165330387288422,0.00221387559687585,0.00371791320808708,0.0011208785388176,0.00168071968864665,0.00223034474004907,0.00372852258822342,0.00363093686643959,0.00368642797475566,0.00372475674419913,0.00108184893128946,0.00311895793811619,0.00107653152210812,0.00308995944353636,0.00108986421529518,0.00166340201933282,0.00108594812942339,0.00221119177158821,0.00124971195243755,0.00184121089750535,0.00384023053311883,0.00312803558368831,0.0023015342885828,0.0031354385285934,0.00110928852852409,0.0014565048097013,0.00110221767034973,0.00339637826555587,0.00373775233372637,0.00170870620245499,0.00340598679709573,0.00113447874124048,0.00107365069436372,0.00167271477542841,0.00222996336015941,0.00168700539950841,0.00109191022780996,0.00177993503804612,0.00266612691455677,0.00444385841699485,0.00323297161354696,0.00382400197541565,0.00437416527744609,0.00429600353798161,0.00391669724999347,0.00377800949101379,0.0038207338914657,0.00164787246001648,0.00306898285488041,0.00380805018087729,0.00153596682846636,0.00163077369949204,0.00110494496761179,0.00108664898510104,0.00443004176323595,0.00222221059369443,0.00177320052386803,0.001595076038646,0.00313546714774593,0.001671287445153,0.00311891918716645,0.00311668659436152,0.00105869732402059,0.00156400593940197,0.00224688045906188,0.00107619754394318,0.00131317971065693,0.0033961342075711,0.00312994924658231,0.00308855804982627,0.00108101655842512,0.00431750739718862,0.00110424591270365,0.00173013030957071,0.00311107773915792,0.00499723397033308,0.00167222079701137,0.00312273531358427,0.00311451389851732,0.00159525815710979,0.00108813281633902,0.00372653030297752,0.000953812113931764,0.00165563073681798,0.00237635516656907,0.00161494352643133,0.00165420437532644,0.00168226437574249,0.00493209769889395,0.00107402837233429,0.00215421577377845,0.00111778873020979,0.00383075652465457,0.0038724664709442,0.00160778000194761,0.00371738089635297,0.00146905189926128,0.00149568607916543,0.00150524101324317,0.00496409096080449,0.00169962652720632,0.00312049550804782,0.00169087414994394,0.00110842438319752,0.00306368322466691,0.0014521170570554,0.00107060548050816,0.00141089402927113,0.00106358342232859,0.00313364654157005,0.00107852385795833,0.00140242672441896,0.00236759398895761,0.00106455479473291,0.00165395452860754,0.00374892707487971,0.00107971727883935,0.00312633356552261,0.00102725104193734,0.00107261660082028,0.00143980614231013,0.00141401591398419,0.0010652757964121,0.00172044579461528,0.00107720812388363,0.000943981953532859,0.0031109619487241,0.00108284739787355,0.00244428124999626,0.00167338479130993,0.00306781613888116,0.00109693749605277,0.00111265973958783,0.00313219043743599,0.00150515387594043,0.0031327771198101,0.00155513139040842,0.00108263168204706,0.00219845292643125,0.00108829704269674,0.00164603285242901,0.00165590197313179,0.00310268832823625
"TT0046",0.00110343849221667,0.00100594966737255,0.00281269628199475,0.00139718896654861,0.5,0.00591340007160296,0.00442176608825472,0.000918560585683732,0.00162315272284086,0.000998109196306684,0.00201467608936306,0.00120437791857161,0.00123085300580509,0.00111622423859959,0.00108447955061059,0.00138517345413591,0.00102364910783376,0.000936789040588794,0.00332729737088335,0.000924051552583938,0.00103850281362298,0.000928189918345972,0.00395971754605923,0.00338539733914494,0.00366934075533815,0.00244058058168365,0.00170349514613912,0.00221947568072226,0.000905822560247288,0.00103224783348235,0.00174476435349483,0.00181941883157428,0.00103005434604983,0.00119970736871989,0.00127489998756764,0.00111198943041588,0.00185096411682811,0.00367081725264517,0.00285182410461057,0.00474373489079908,0.00358224530402156,0.0010129984603258,0.00295907271130501,0.000896100875310081,0.00537668066689889,0.00103485856353366,0.00290911664375451,0.00307143150702649,0.00202853493623448,0.00100825877979147,0.00244567081100252,0.00103188108237365,0.00101572732254368,0.00225853349339927,0.0011075973916921,0.00409579459095607,0.00186648781242803,0.00277028083617211,0.00209567071000837,0.00103850209388219,0.00226408116712156,0.00218943048588483,0.00185405012990092,0.0125392356496176,0.00111159497041906,0.00299151194860194,0.00260788526665005,0.00139495349464689,0.00529222287618368,0.00209886493612956,0.00308390215981044,0.00366921959734274,0.00209855004644654,0.00182348997868405,0.000928545961239593,0.00285880840191704,0.00112937871513519,0.00139859504347939,0.00313993208023269,0.00239625687137324,0.0010287858487684,0.00111497291333634,0.0010282932458755,0.00103632566234225,0.00221438355655303,0.00103017582137832,0.00297888646674449,0.00306726595580566,0.00329040502628512,0.00217410756557703,0.00196224646723633,0.00702847411675288,0.00228222353227751,0.00120830439249922,0.00126151292965357,0.00103298128638704,0.00198060241594436,0.00103699796843657,0.00293572811164302,0.00246177156066254,0.00323266615212077,0.00109584757575607,0.00103009673738811,0.00565395931043932,0.0011243650288894,0.00227034506175501,0.00314687555754125,0.00319039409107759,0.00249404331469948,0.00266707236292715,0.00200256468193384,0.00189361382515835,0.00655496994303996,0.00268960148850361,0.00101914713564455,0.00105424199612119,0.0012386807078915,0.00131841352570352,0.00106384383875265,0.00103292062025469,0.00128233669618471,0.00227921338527582,0.000994450633612321,0.00116587934004762,0.00112282246555514,0.0036079469418951,0.0017190100027872,0.00207616739032488,0.00165588290048461,0.00238373306088874,0.00460974333733353,0.0135179847056175,0.00103691876422635,0.00547876296075827,0.00102930113259267,0.00102814754724638,0.00191938147702468,0.00398359545368457,0.0031496268015683,0.00297883640321811,0.00449014110407442,0.0011182227875197,0.00103467166690988,0.00101029027883236,0.00256350277460352,0.00119158766307957,0.00232507102331,0.00274469241356329,0.00102060243754648,0.00262952540238555,0.000945524284508305,0.00517428534923261,0.00102101684934312,0.00833510996698944,0.00329389132383867,0.00130404613361878,0.000908659085143295,0.00212170279421976,0.00183429923681866,0.00232382236218627,0.00383449511249205,0.00239541024130068,0.00369832523558951,0.00277535152174932,0.00308374773992723,0.0015826524704738,0.00104088332906008,0.00118876545857068,0.00205857873391125,0.00113868243753294,0.00280002389898719,0.00169590282944972,0.00248107090167423,0.00153174807136303,0.00163434948812526,0.00102976090343975,0.00377331053242648,0.00240427720134284,0.00108511603965945,0.00239745280800582,0.00237851858090271,0.00247030523281714,0.0020689452742922,0.00103645075603852,0.00263639491591297,0.00236709066009558,0.00352554598784568,0.00194592175112164,0.00513436177079996,0.00118880240213716,0.00292312825059611,0.0010320796222835,0.000907856055684529,0.00099014588173953,0.00278426421913501,0.00257861967315764,0.0020398888911049,0.00385385948774816,0.00343276676119039,0.000909905245997856,0.00102495576205482,0.00355203329692931,0.00352351650664738,0.00242423348933231,0.00100096855012038,0.00330769921607798,0.00162402412149767,0.00103011929501569,0.00287369251027786,0.00103641930942145,0.00108918123482063,0.00253235495922812,0.00329985930504516,0.002200343169827,0.00516581487950572,0.00271401634432189,0.00101791954587305
"TT0047",0.00329741200152579,0.00291716556215913,0.00107946999592975,0.00332959493624244,0.00591340007160296,0.5,0.00314321111313211,0.000932139375349721,0.00106740412834908,0.00301012602084205,0.00109163985545307,0.00313048184922736,0.00332527843320376,0.00305283769179603,0.00425188272687659,0.00177686421777594,0.00297808129401075,0.000871685716648278,0.00109658490974514,0.000895342154523979,0.00296873065767251,0.000900870367772849,0.00530632921619002,0.00110292788525759,0.00147508666293288,0.0014230953021791,0.00105989162214879,0.00104729545778173,0.000845465270208879,0.00320584666908527,0.00369861607926922,0.00141786794748962,0.00324649257663207,0.00349938784529364,0.00451835197481977,0.0031694661169153,0.00154618160188352,0.00255612768008728,0.00108152910789145,0.00341083294752365,0.00108908707151136,0.00292417976492235,0.00108387746565769,0.000879112783076011,0.00645397542268082,0.00295558119926607,0.00108376727259925,0.00109853546595881,0.00141288992112458,0.00292262116810595,0.00130674876692991,0.00295279339792759,0.00293337214375884,0.00106407141821503,0.00292288726927335,0.00161627853204678,0.00539536706576299,0.00265882953750178,0.00106823845036358,0.00296873927377765,0.00417831389759622,0.00109372471884997,0.00107549269633437,0.00581172116627042,0.00434615053001544,0.00108719926566742,0.00130558292035936,0.00355316221636009,0.00629260429162209,0.00117409230288895,0.00226972198901411,0.0024024193070292,0.00110811903805662,0.00352013734980774,0.00121884281305205,0.00253206523277204,0.00330667078025467,0.00114041201399722,0.00147515048927627,0.00263984954704176,0.00324100920539109,0.00313721688817482,0.00307442945123353,0.00329705109357629,0.0010637835261821,0.00294766690504919,0.00108271178533198,0.00144922464462718,0.00109397939326676,0.00133415076297515,0.00106390286373529,0.00515910015176733,0.00353136873895302,0.00153753109391657,0.00420724443763678,0.0029562739162867,0.00126289901495413,0.00296341322478895,0.0010994650047306,0.00108958084974881,0.00110258668357799,0.00288606924109641,0.00326203379470497,0.00374480461919006,0.00296055765567287,0.00111072490819179,0.00108350330206763,0.00161005123160788,0.00254994758738556,0.00133938632111001,0.00106953575764553,0.00291374428887509,0.00410706573605143,0.00438793518780914,0.0031135843758739,0.00352556622312338,0.00436677048480106,0.00435058908026318,0.00323409204606835,0.00331897513094652,0.00330521313411415,0.00139057179145878,0.00289947714529988,0.00341738329691103,0.00114493791249659,0.00263163914065777,0.00107671460399221,0.00106869191330068,0.00363235689003938,0.00124215619849112,0.00175319209913936,0.00558607472621251,0.0029634287122224,0.00282633789511561,0.00294764280298363,0.00294552827355212,0.00114920123045573,0.00323788780466171,0.001378886860859,0.00108238488908258,0.00262506882133137,0.00288319382045868,0.00295805025735365,0.0029182057667557,0.00107473386152704,0.00337282935774265,0.00167310262277019,0.00153225025781938,0.00294000704770892,0.00537557637433087,0.00101845846912768,0.00279772163129646,0.00294318653014534,0.00428143663076728,0.00109256579377261,0.00472029339140069,0.000845695730475218,0.00115043068544746,0.00130449101523732,0.00133625232568178,0.00275522055605796,0.00250281394304814,0.00162846826595975,0.00107464148966637,0.00240152354980465,0.00106811657785652,0.00344321481112639,0.00457218862991665,0.00114676376563812,0.00334555356855401,0.001076404916613,0.00109385913206681,0.00304342275955447,0.00342192309388091,0.00134693925314014,0.00294923456967017,0.00313798995088183,0.0010884888415852,0.00289928814889835,0.00107056769450053,0.00106811449547745,0.00104749673551354,0.00105092528267567,0.00296166093219015,0.00107520571590282,0.00115229750522754,0.00234464806240009,0.00105243533227961,0.0039163009594318,0.00318284152364555,0.0010840595448009,0.00295481132889479,0.000876384869269066,0.000889638205730708,0.00108117644857179,0.00114773778198628,0.00104636372467477,0.00161147920085249,0.00109600087171785,0.000844135650538074,0.00294005190952112,0.00110349879578784,0.00164688998601591,0.00128225154750936,0.00289794286551377,0.00110136844109497,0.0010699549716489,0.00295998541614217,0.001110458291614,0.002960786295207,0.00107867933208579,0.00107608099020386,0.00171440414474383,0.00107269369967972,0.00352300894301733,0.0014611324250992,0.00293202019318202
"TT0044",0.00173824270632351,0.0010822661036727,0.00243752330217722,0.00219246594141736,0.00442176608825472,0.00314321111313211,0.5,0.00114613453054398,0.00427192415151381,0.00106219700723568,0.00374107055269009,0.00150794744487,0.00165332052968964,0.00149519313512706,0.0016356025563776,0.00251045044402566,0.00111569170120758,0.0010085819688395,0.00211095821158826,0.00113262033666732,0.00111195624918454,0.0011327326684492,0.00280735608796093,0.00161870513392577,0.00185434936567711,0.00389744641199719,0.00415885511091392,0.00348511108667166,0.000968249075126349,0.00117447144317596,0.00160250438352513,0.00490425426526047,0.00154395552489523,0.00162897909272386,0.0022190555176505,0.00113759667861738,0.0049178358678131,0.00557257853378617,0.00239002750834993,0.00599485266882187,0.00165704769969844,0.00108485049707609,0.00228743670708693,0.00139137125985052,0.00336235860814848,0.00110852957719854,0.00235690332055522,0.00152049535413357,0.00193922531350838,0.00108277611919185,0.00176871749606533,0.00110405285947953,0.0010881050450234,0.00299802038338531,0.00108703412258599,0.00311491640093374,0.001486604509201,0.00401670663158576,0.00338848996197296,0.00111195583453994,0.00239228576755184,0.00129786378923103,0.00158723039840477,0.00405396339212771,0.00168668477183483,0.00229235116159066,0.0019186745738474,0.00227098036439922,0.00322940891796909,0.00170165147753757,0.00207365422272146,0.00225625049274351,0.00131056081194673,0.00148752189889253,0.0015752041991112,0.00378297534388249,0.00154327857062188,0.00151308276704914,0.00280067804108634,0.00501878496609806,0.0011814008274448,0.00114778757505864,0.00151902233322227,0.00118415007231286,0.00321800325242603,0.00110287574333095,0.00226817156735847,0.00331163893396693,0.00158206434041068,0.00520094731909441,0.00383404935972258,0.00604886709004678,0.00358158852836583,0.00192968818416644,0.00166776893700356,0.00110745349823608,0.00187042399568292,0.0011121492323185,0.0014910106047365,0.00162865382994919,0.00157200848941534,0.00139218135174153,0.00119438054573454,0.00306691220013101,0.00139916064581527,0.00133036573098066,0.00215786306866471,0.00166657521422309,0.00244903450596037,0.0034780058087207,0.00391400535968461,0.00209979615314849,0.00457367269296934,0.00251157516152291,0.00114001144065063,0.00160871392326046,0.00219622754565306,0.00169579815644882,0.00166716359542712,0.00120305041514892,0.00165038422346631,0.00373173869114334,0.00107384993714788,0.00160876406780412,0.00150542567041906,0.00227049058700319,0.00334687789303171,0.00341373484402281,0.00229378390419092,0.00376918884429716,0.00276329111383788,0.00457610022526515,0.00111095561849346,0.00306442511181694,0.00110196006665647,0.00110045760730433,0.00328575071759668,0.00308309572266376,0.00366065289680152,0.00225200879641147,0.00365302400612683,0.00139566287375865,0.00110922877298206,0.0010820464167871,0.00258846734816004,0.00165901032817081,0.00155797082395874,0.00190518759005282,0.00108909651006709,0.00169353924230681,0.00159367006183678,0.00324000124702367,0.00109123601468886,0.00354027895665563,0.00158090049514147,0.00160701896259008,0.00098616456499183,0.0039534938756481,0.00549601244599171,0.00320434030819044,0.00419809475796917,0.00432414556663597,0.00181255739691414,0.00239115263765693,0.00301647975995201,0.00420504379139204,0.00158050729889385,0.00215698320785933,0.00131726767924333,0.00154504977532825,0.0014404849658404,0.0012574166156318,0.00171347692812386,0.00158423135744882,0.00442048129817093,0.00110159568519912,0.00382745775808446,0.00135775636537601,0.00107157294345225,0.00269334785001554,0.00272006844203936,0.00302965713607296,0.00278155827796023,0.00111125521024919,0.00254857552278209,0.00322769242227904,0.00253593029443072,0.00345120356994554,0.00305704474137003,0.001580301138294,0.00230191317563915,0.00110491667706995,0.00103490968166799,0.00139194543820627,0.00173068833742403,0.00299683601906942,0.00333294742012085,0.0022671728336982,0.00203969213812749,0.00097988398053865,0.00109714428510831,0.00178136899870286,0.00376365734215107,0.00373863105886713,0.00107337200680142,0.00159381611464149,0.00427292158411985,0.00110031381276497,0.00284654249959603,0.00111095644983927,0.0015507839206977,0.00267584459553388,0.00500124131655494,0.00319053653100453,0.00310083880443692,0.00183565800136686,0.00108641956625716
"TT0045",0.0016884131176592,0.00172360868579942,0.00129861697589989,0.00116095717886179,0.000918560585683732,0.000932139375349721,0.00114613453054398,0.5,0.00178586592315106,0.00169527595901035,0.00214797442330322,0.0022283127565312,0.00173098766046449,0.00223223742206356,0.00164865200687634,0.00131875045420737,0.00175434426679777,0.00505336254716643,0.00170593019131137,0.0112620879205721,0.00133954837293203,0.0100510563246587,0.000909177894855668,0.00172298866262684,0.00223777154032452,0.0017033353940668,0.00216379894344206,0.00169949375930549,0.00571962721871009,0.00222998578925496,0.00112404374788166,0.00172839431741028,0.00175581372261491,0.00167182703773403,0.0014730643474907,0.0022248438478926,0.00171044659954644,0.00154554842102828,0.00171117394817955,0.00111850498141571,0.00167562827166961,0.0021573145649336,0.00130723716606083,0.0145786728327919,0.00119499329240356,0.00174185056589005,0.0017140553903241,0.00132663478316522,0.0017775367670164,0.00209764497037555,0.00225350345745439,0.00173629901531351,0.00174190822455842,0.00171722453545466,0.001316550816946,0.00109498359960701,0.00095958531058285,0.00107276716329308,0.00171978040145732,0.00133954360219838,0.00105818118643557,0.00174816107719429,0.00174032765380606,0.000889469573783025,0.00156674133256802,0.00130305710488179,0.00168725055932163,0.00165445871627427,0.000924523350657998,0.00228709250332356,0.00161053175675916,0.0015466550504843,0.00177608377752191,0.000957190591087056,0.0117869495552965,0.00110390668196636,0.00175819455088844,0.0017593144244885,0.0017293802255143,0.00113213382228667,0.00178275841747559,0.00222358435061417,0.00222141666668777,0.00176572691637633,0.00130643514844167,0.00173514028862084,0.00170794967896274,0.000942237339991026,0.00171945519618234,0.00157598480887802,0.00173872247886949,0.000909876366817411,0.000942288205068774,0.00182653906810169,0.00159385039769107,0.00174038211047064,0.00176542386926749,0.00174895026593197,0.00173734403733343,0.00170894718577634,0.00132107365592616,0.00211907053155565,0.00175154807265853,0.00110335390997544,0.00166107706489706,0.00176857309439094,0.00170769287638514,0.0017296805402797,0.00114061125155459,0.00173557083252985,0.00172348905820603,0.00104347264082074,0.000923605279706515,0.00158049699083754,0.00223265832018967,0.00172169963039601,0.0011389985321862,0.00156897418371238,0.00171927342116736,0.0017517513040792,0.00172371338148246,0.0017268295122071,0.00170052628072401,0.00173168036312197,0.0287564476882296,0.00138064283989354,0.00177583887784653,0.00173170508053333,0.00161077397715072,0.00167560850323564,0.00163235853877169,0.00090269938477888,0.00174892243708935,0.00105752732954868,0.00173079660898945,0.00173048856158415,0.00167446615591793,0.000955023962909044,0.00112486935316433,0.00169998601920501,0.00101194553618466,0.00168479848721966,0.00174331107057947,0.00172964910535169,0.00171010452247224,0.00166369757549279,0.0016067299792371,0.00176809473918343,0.0017346757849689,0.000932739099302499,0.030965966562203,0.000902205357878064,0.001737153077417,0.000975052583578015,0.00171061992635177,0.00101798137543339,0.00970899787577593,0.0021964095907312,0.00169924656822931,0.00170954974952545,0.00103100509354832,0.00144214072706834,0.000910962440384586,0.00169812642652209,0.0015492999724708,0.00178559424315267,0.00175147728424106,0.00143126427374601,0.00231066286918809,0.00175287048955168,0.00168863998354414,0.00176949275973819,0.0012013040215169,0.00119933597607275,0.00178231719618846,0.00173226739531655,0.000966684868246253,0.00173467062588139,0.0016878897919557,0.00165619510653502,0.00169858542480669,0.0016566303849092,0.0013261580033188,0.00174750880848588,0.00170437980733488,0.00170956414291643,0.00116392144873272,0.00170690244164552,0.00107533965416318,0.00177726736682126,0.00170763668949767,0.00132800276157231,0.0202593689714433,0.0105948320863061,0.00169674438265209,0.00132498572617528,0.00169414396562769,0.00169491617909922,0.00170622381475542,0.00725640546696681,0.00173980050257168,0.00170691047883179,0.00151850551018574,0.00172473595972394,0.00170709681354606,0.00172689453650081,0.00177197458691917,0.00134316504308468,0.00221325334591738,0.00133431876387159,0.0111992515760994,0.00171728186112057,0.0016343879287327,0.00132308780644165,0.00101022177977105,0.0017651939219786,0.00173096263597524
"KL0014",0.00116007617907032,0.00210266109991569,0.00325689411226507,0.00111003684025311,0.00162315272284086,0.00106740412834908,0.00427192415151381,0.00178586592315106,0.5,0.00203089567149605,0.00447170609619859,0.00165765885828718,0.00115096961330251,0.00165301462861584,0.00109921363965767,0.000983845869652985,0.00167592957943648,0.00245860065691055,0.002799597868745,0.00224062712155881,0.00219166381479296,0.00224507389587548,0.00104475981498568,0.0025837579909204,0.00177673991930077,0.00318789858468059,0.0049305803900401,0.00382721704371292,0.0024031609653597,0.00121672885916007,0.00116441916048846,0.00551140732722371,0.00117951849589978,0.00112872654945025,0.00109582735350711,0.00165533178722997,0.00537759364920044,0.00393483439026572,0.00325008742785422,0.00404387631419973,0.0025199881571089,0.0021226434580488,0.0031416405172555,0.00212696276050777,0.00109377394465746,0.0021794317928309,0.00322312961699047,0.00249415424999153,0.00127799371915321,0.0020562818741479,0.00187082932240086,0.00217067950218204,0.0021328600400393,0.00380090519974564,0.00211307805391889,0.00223444439232787,0.00107417419092235,0.00269662135562284,0.00419061230451744,0.00219168740024923,0.0011051486043485,0.0022552412886419,0.00219473240531764,0.0012969098443565,0.00109399315663884,0.00316042990842001,0.00135376737995685,0.00114694295894584,0.00106790890409748,0.00176944199248995,0.00148949838763396,0.00155180722284729,0.00231362587675695,0.00103533291257707,0.0012715097586266,0.00250506902393935,0.00119264436269496,0.00250176496124649,0.00217136716816909,0.00366221484747055,0.00120445848991961,0.00165371790707444,0.00122053081766312,0.00118453628833903,0.0039856635704063,0.00216619704376729,0.00312238321708597,0.00259529064201168,0.00253502904785319,0.00431204620365302,0.0046148371016043,0.00323340032449951,0.00310805688864532,0.00104520731691206,0.00109179622063489,0.00217720087157054,0.00126055069654541,0.00218843663497978,0.00247838258315408,0.00221603162364342,0.00255119996001249,0.00204098750795186,0.00117666901079948,0.00124530527830237,0.00201218622392315,0.00233328091552792,0.00300662580668452,0.00152767023767414,0.00123842615604622,0.00276548773746525,0.00467228738908058,0.00131628853765556,0.00210324627946112,0.00110677780703657,0.00166858228226548,0.00112583984245387,0.0010860676159333,0.00108566149056004,0.00115186847372266,0.00116706249599033,0.00115107066680138,0.00310371492697878,0.00205239792766321,0.00114085514723658,0.00169479243333624,0.00152340264320743,0.00424879091621663,0.00421022251721533,0.00110624738018973,0.00296944057178331,0.00150148906010365,0.00172632433712428,0.00218726526242664,0.00145530060823174,0.00216411161013287,0.00216349681094442,0.00402061616501184,0.00223890562346483,0.00232604821760782,0.00310061338390578,0.00227503025315065,0.00204218351570358,0.00218093122473853,0.00211272050977677,0.00341366248691626,0.00111465060656912,0.00213464482089282,0.00130813690340062,0.00213946717152359,0.00103640381619642,0.00127475298853832,0.00169573926463716,0.00214382851578549,0.00159868627877648,0.00252932030242586,0.0010861083548541,0.00239264182392477,0.00380520786944248,0.00563692066262023,0.00263126779703364,0.00269296913582525,0.0030084762907294,0.0013698921652945,0.00322610500615066,0.0022297475315241,0.00639942240205207,0.00112680913584549,0.00109090253845283,0.00181129175573339,0.00118446360299754,0.00232063877523297,0.00222120509768723,0.00121501567574013,0.00106763445843111,0.00537921427581485,0.00216487667818569,0.00250151029508173,0.00230164714254632,0.00206037039681934,0.00339888184312587,0.00351209643975831,0.00343899392753964,0.00367395426137196,0.00218637757520865,0.00338735222072527,0.00361676318106316,0.00121259852429643,0.00421659401246328,0.0013175609138028,0.00119417251301326,0.0031539066777876,0.00217286986731048,0.00226071910326801,0.00214393185776457,0.00232448739837843,0.00342295847461326,0.00408245648479388,0.00165587353179966,0.00273912644911509,0.00242377260300945,0.00215340406250181,0.00269620860708225,0.00228546739984778,0.00304619074346001,0.00206163924452384,0.00256611161777761,0.00642909418030875,0.00216714483737902,0.00284390202273573,0.00218494672607111,0.00135989967332357,0.00351395931631376,0.00352636770777745,0.00400804479107228,0.00120222693122595,0.00177575920977728,0.00213134716982919
"DU0091",0.00315525510985862,0.0038080560385851,0.00197499495942242,0.00305895073396486,0.000998109196306684,0.00301012602084205,0.00106219700723568,0.00169527595901035,0.00203089567149605,0.5,0.00161465298306534,0.00347092112610387,0.00344919762562812,0.00350559808974495,0.00342978372207904,0.00147599966615526,0.00347748546535221,0.0022088056471504,0.00199299446523694,0.0020552794104331,0.00389889943141397,0.00206290195570311,0.00285592419673373,0.00200872406283133,0.00201332821909569,0.00152508514151792,0.00197099279256798,0.00153131563456513,0.00216709146162024,0.00351167520334758,0.00330211987326981,0.00153713214469984,0.00348098602320813,0.00342294000106251,0.00340520735421177,0.0038959884194139,0.0015306776886677,0.00106540166454926,0.00199299905199046,0.00107055738964826,0.001947228379165,0.0038231943343934,0.0019831797989577,0.00198562150937487,0.00296417243036836,0.00387802179487839,0.00199637973459805,0.00200486130596339,0.00117046345230666,0.00342466272280378,0.00205663796064851,0.00387149273509285,0.0038358837877004,0.00197550702055585,0.00381727025768011,0.00110610009319764,0.00309878052203025,0.00138661260424265,0.00198950119445906,0.00389887643380252,0.00311702653375854,0.00198161752463729,0.00197325439542663,0.000977820777318188,0.00342580028859566,0.00199617287736593,0.00148682745217619,0.00321444976103907,0.00289494238252288,0.00163004814617926,0.00145904550712952,0.00146907081768917,0.00203815272956584,0.00305376311302841,0.00162305233244007,0.00144564728857617,0.00348116498642746,0.00164520339301658,0.00153401233219182,0.00145962775980625,0.00351498052174927,0.00390036825270175,0.00349813547299729,0.00348943142616805,0.00196534913807104,0.00386384697540588,0.00198076863323046,0.00106171324881337,0.00198748549863695,0.00109342739485842,0.00197404050135484,0.00101681706166779,0.00119669055011225,0.00157098569942165,0.00340108531994928,0.00387765016986618,0.00154902674826448,0.00389060413401716,0.00201613238816167,0.00196008849150519,0.00201683234166218,0.00375867074590673,0.00348068925663902,0.00107112477410412,0.00373035389429867,0.00203389189257306,0.00196757162507145,0.00155428246801799,0.00144810201311178,0.00151547256437492,0.0019723300075178,0.00138975692704636,0.0010307986148576,0.0030668152648362,0.00390026716613616,0.00344640819968341,0.00344898661926818,0.00340798412477671,0.00348653294970552,0.00349693527993616,0.00343479167288083,0.00155902048261192,0.0037783946868582,0.00344532003575895,0.00162722248923585,0.00137667365900788,0.00202419602601659,0.0019870265891642,0.00304311908223123,0.0011186187275216,0.0010920186015954,0.000988449723869107,0.00389069847144287,0.00105608972902988,0.00386265064127175,0.00385891489958415,0.00194797349754684,0.00104665251924306,0.00142312429511068,0.00197609763815147,0.00107683627900684,0.00374879135880983,0.00388145233430958,0.00381091201633006,0.0019792593383837,0.00344587619255591,0.0019278800717712,0.00152910366097529,0.00384719357498267,0.00290720831784546,0.00160204132181923,0.00105371474028053,0.00385158328529659,0.00103137285570454,0.00198289627501868,0.00331922829857035,0.00215396749308675,0.00157954168789039,0.00117033813137384,0.00154005047900276,0.00136356118195624,0.00140111440922438,0.00112332651118213,0.00196798530722213,0.00146989930222775,0.00203583948847348,0.00347355910985406,0.00340084972212681,0.00206647112572163,0.00347378560422511,0.00156581103060423,0.00200655811122692,0.00131096803867417,0.00324494467255812,0.00158769758206217,0.00386523168012981,0.00104288125355928,0.0019761182358674,0.00378933369697894,0.00155760453185074,0.00195062525306452,0.00191017448523243,0.00197630420800879,0.00388794250807982,0.00198557854415425,0.00191374650087596,0.00145501526571027,0.00194241307994319,0.00113930991982184,0.00345442261263086,0.00198130344029864,0.00387452240523958,0.00207931287908462,0.00200749649939305,0.00195395274714536,0.00193330410333291,0.00193507680064911,0.00151713737301573,0.00197895537979075,0.0021771088570516,0.0038495256293427,0.00198425999567729,0.00107074634282326,0.00150549071918446,0.00377627610281263,0.00201137799130909,0.00203547544757203,0.00388067133132859,0.00160144783629408,0.00388600293518395,0.0016529485282397,0.00199602292253674,0.00109072349767415,0.00200407925644114,0.00108161940415471,0.00159137282981952,0.0038350707623703
"TT0048",0.00157902151338603,0.00164768293009613,0.0026595166687202,0.00152370960230048,0.00201467608936306,0.00109163985545307,0.00374107055269009,0.00214797442330322,0.00447170609619859,0.00161465298306534,0.5,0.00206605426933484,0.00154285281424257,0.00164781266485487,0.001501743596951,0.00107028249310427,0.00207227921098922,0.00229459880582088,0.00313714874227287,0.00210627343903771,0.00210575486094853,0.0021080185871221,0.00107155751334435,0.00262511702932173,0.00257561569071793,0.00382487933685983,0.0041312288840003,0.00406828381538515,0.00187084647870513,0.00162861903685965,0.0011353003697127,0.00395147069694654,0.00158413560128641,0.00152054139240675,0.00111859007810779,0.00205672285723841,0.00397876205559424,0.00371682014250813,0.00341005587502398,0.00375283230321431,0.00242624651019283,0.0016591881290859,0.00290860731872069,0.00166617065197657,0.00111193213336508,0.00209483341956701,0.00337991285471442,0.00251457209494354,0.00172667471070414,0.00206499458731433,0.00235420324343689,0.00208699376392827,0.00127482329555315,0.00397870762167091,0.00126887201334854,0.0025077847917997,0.00109959929580919,0.00298819676008491,0.00434806794703639,0.00210572099287279,0.00111409904589989,0.00222084373723924,0.00217534235798405,0.00139623373948744,0.00148022402042792,0.00331535230024437,0.00183945912130968,0.00114584680741409,0.00109167114746123,0.00181304444553684,0.00199966641520201,0.00208013683848928,0.00226729753077188,0.00106252137340333,0.00159601328538852,0.0027875544571989,0.00158751384011152,0.00256154092720451,0.00280286919465619,0.0037749998172102,0.00161369613651414,0.00206425342873763,0.00205379659263644,0.00159304781282849,0.0033944034548637,0.00208275603293528,0.00289102908411343,0.00289171632149406,0.00257295629383051,0.00408689249105991,0.00458619006604354,0.00347883849076689,0.00337345605010472,0.00146951881849427,0.00110675392370644,0.00209296226280182,0.00172192464819629,0.00210311678123101,0.00248909392010633,0.00182852688455457,0.00258061263484595,0.00162272277757097,0.00158018426692135,0.00130450111824576,0.00161700923430598,0.00229041687013297,0.00277717202621411,0.00204888686425289,0.00130484479771847,0.00344270133140117,0.00413794603340076,0.00140886331527292,0.00236522042657914,0.00111620505359569,0.00207336696362477,0.00152975074867592,0.00110346327314039,0.00110202974933396,0.00156175652783258,0.001574639164333,0.00155294611983797,0.00375012223916067,0.00162700397575366,0.00153382699590921,0.00168195403798777,0.00167458827097732,0.00384636643687088,0.00397593760505415,0.00112354304435873,0.00365110443667213,0.00202448396017852,0.00217807719582167,0.00210206562239216,0.00158012389810102,0.00208090672121359,0.00207818800068543,0.00380986299470582,0.00251814182623037,0.00260762518390998,0.00248413694290658,0.0025390607052086,0.00161844717476801,0.00209657002263386,0.00165158595723329,0.00320221841702038,0.00150907956430486,0.00168945342001969,0.00176405551376607,0.00127697010530638,0.00106769465348311,0.00167178895968118,0.00214369889522249,0.00167138961201108,0.00195618786239696,0.00256911431745295,0.00110963042091952,0.00222387948410432,0.00406989637042004,0.00398022355109962,0.00326695192635035,0.00298589621334777,0.00329580483167932,0.00151449499270781,0.00339075123130269,0.00249675287661659,0.00439798167399926,0.00153376665546006,0.0011119175836319,0.00227411557844061,0.00158337077869004,0.00239238286155118,0.0017888496585559,0.00128256425668621,0.00109409760886241,0.00398954723418557,0.00208141098707488,0.00278894991314258,0.0019110224001695,0.00162595650439797,0.00366013229316025,0.00330801431613736,0.00327646212771109,0.00378946580701251,0.0021013847453629,0.0035591925865662,0.00344529873474302,0.00127441480133376,0.00397899125821451,0.00129564853389983,0.00160609990338635,0.00292177510530742,0.00208835072229833,0.0013883233715525,0.00131882110452017,0.00196937799784554,0.00286505676987722,0.00425713147004307,0.00241968016971957,0.00305317162478513,0.00225557085995518,0.00207058312092476,0.00260383770883205,0.00255674233371243,0.00370927557825318,0.00163604901480597,0.0026015134676171,0.00447396785511633,0.00168906050803368,0.00351215907566537,0.00210018348416176,0.0016861320495719,0.00368993107570472,0.00414755149223056,0.00417880496113537,0.00126053514350789,0.00183544134227188,0.00127318546799005
"DU0093",0.00372138021544268,0.00350196962862824,0.00160874965053196,0.00359098168141404,0.00120437791857161,0.00313048184922736,0.00150794744487,0.0022283127565312,0.00165765885828718,0.00347092112610387,0.00206605426933484,0.5,0.00365411834148813,0.00411766353807573,0.00360925807460879,0.00159216249684859,0.00402072200071033,0.00130121460865175,0.00161162590532911,0.00134653519763366,0.00317766774430381,0.00170806432754247,0.00310453264384395,0.00161776907031066,0.00212487049180901,0.00210170629200194,0.00161457947420438,0.00198335606693425,0.00159688909129858,0.00411733973049617,0.00375111975768499,0.00169409680992846,0.00365999084586351,0.00361530711910422,0.00356179127760207,0.00407295615451778,0.00167975929942421,0.00156025272120225,0.00122412668743768,0.00151199559091334,0.00158090054751938,0.00351309996290893,0.00160968899015767,0.00166429849839342,0.00330385539911437,0.00316318745095651,0.00122499933034926,0.00161622488672924,0.00170957842328161,0.00350899568582309,0.0021601806826354,0.00315972189808129,0.00352440589523327,0.00161176520155385,0.003511748279705,0.00151892664058451,0.00323040997735144,0.00148214555269445,0.00162472384679918,0.00317767413673774,0.00359500347963461,0.00161029029406034,0.00161511295114188,0.00118032751489227,0.00359151080086896,0.00161620265439469,0.00161831533262854,0.003710164079373,0.00317690641317749,0.00219264131622276,0.00158264910694805,0.00156062489594943,0.00125562749099618,0.00322706828570368,0.00175533813876352,0.00155166399048782,0.00408587366168819,0.0016438073693537,0.00165398240795318,0.00158859775617981,0.00369063181330272,0.00411068313261375,0.00411147518949874,0.00366621772269587,0.00161123701417309,0.00354600802811395,0.0016065058589022,0.00132327001617602,0.00160309225018801,0.00149904698872528,0.00161647552256843,0.0012194408638404,0.00116674686441041,0.001711625424957,0.00358421127876512,0.00316369545610297,0.00169242208798491,0.00317185353617549,0.00123059062691623,0.00199154874829667,0.00122780116166642,0.00346254169254065,0.00366041441803526,0.00144074795665774,0.00384452546176375,0.00125074474211756,0.00159703499641143,0.00165836605889201,0.0015437808750427,0.00166421393546413,0.0016192724255457,0.0015272547565286,0.00126537650404975,0.00359920555296087,0.00408882916706487,0.00362514573641957,0.00360891697830934,0.00358931688051327,0.00368242254447725,0.00367825433051166,0.00364604146424684,0.00211109425309358,0.00347690976683679,0.00363124769883194,0.00222891807594554,0.00143549921488003,0.00165530871949999,0.00162411514105907,0.00360965927027745,0.00163200455379333,0.00159088024468403,0.00120452295981035,0.00317194423748311,0.00142236469029193,0.00354512220705982,0.00354219895859161,0.00158334902808664,0.00132744497171716,0.00153344615579289,0.00160291741832424,0.00145952846375215,0.003841993166462,0.00316588803759558,0.00350374197055165,0.00161118143372544,0.00363005380413996,0.00158291926175885,0.00167210859188458,0.00353280023464494,0.00318662705327174,0.00182025252740352,0.00125120068630226,0.00353681016013647,0.00135825273513436,0.00159960361146633,0.0034418794482482,0.00164222193684308,0.00169105506006722,0.00170244396398879,0.00166977126861385,0.00145771497594717,0.00148935214920618,0.00124429758446971,0.00159896208500357,0.00157685034373825,0.00166269628211125,0.00365182843856691,0.00353858084401706,0.00214940652297712,0.00407406209742159,0.00197393520679516,0.00163778552837169,0.00133518750836196,0.00339822378487679,0.00172439545457387,0.00354736856780246,0.00136892533569429,0.00160596854019112,0.00347598427542731,0.00200332125062774,0.00159235328298625,0.00195960465710371,0.0012393092342576,0.00316994631806317,0.00161262073436887,0.00196371766735393,0.00158467521572487,0.00159310090265051,0.00144907910219861,0.0040834255580094,0.00160753021077815,0.00355495472532092,0.00170079718940789,0.00167016263496708,0.00158712645675776,0.00198051459593141,0.00158402348906581,0.00162837002002346,0.0016020853090703,0.00130173243505888,0.00353454650378758,0.00160590516947812,0.00153904375729187,0.0020870605786594,0.00348009158682229,0.00122533889140765,0.00166128599906961,0.00356084383272955,0.00210188174599891,0.00316886563407582,0.00219792461556044,0.00123048726474112,0.00159847717370934,0.00124014890937633,0.00133537901805191,0.00215727568601142,0.00352247096109701
"DU0094",0.00399591036174003,0.00347052847184426,0.00146542264884098,0.00385211712067306,0.00123085300580509,0.00332527843320376,0.00165332052968964,0.00173098766046449,0.00115096961330251,0.00344919762562812,0.00154285281424257,0.00365411834148813,0.5,0.00371088821436983,0.00436027674179259,0.00211486835324364,0.00358136555003688,0.00104235314577672,0.00108272855359979,0.00123643438380655,0.00315226382689299,0.00123634187926407,0.00319568931001875,0.00109586677856926,0.00166570884652891,0.00226230405568512,0.00111934561677186,0.00148063546164184,0.00102014489005691,0.0037750809374432,0.00643813463058137,0.00251321631395677,0.00380524543956305,0.00434370327880866,0.0038377398926747,0.00366221611080006,0.00237520726698561,0.00215647578228797,0.00108704696398191,0.00166300524147299,0.00145008011021097,0.00310665105276347,0.00108588699204164,0.00155822655582014,0.00344650781793278,0.00313844904435873,0.00108695127279613,0.00110302851052473,0.00240068286096486,0.00348931604042803,0.00165940627706156,0.00313540226088076,0.00311529815358832,0.00110077254452731,0.00347818696720634,0.00159795580269793,0.00342866332475075,0.00162804109397881,0.00111323705185215,0.0031522725713084,0.00384373724203072,0.00113278841896241,0.00152180497084247,0.00118369651238551,0.00388202354481873,0.00108696272564404,0.00223826384936664,0.00394769958036685,0.00329083908069452,0.00169957907048183,0.00219563517703491,0.00216206227689196,0.00115965571874704,0.00325208685747284,0.00231540538113314,0.00171692730449739,0.00380351420713505,0.00162041723532931,0.00219548832914769,0.00222274258269311,0.00379904225971493,0.0037050718735345,0.00375335078805716,0.00379517296746127,0.00148065771431332,0.00313008582818835,0.00108348643451615,0.00134818845394492,0.00109071410111222,0.00162372171371973,0.00111662342594052,0.0012276657509908,0.00128140990111339,0.00242172372647419,0.00434198476910285,0.00313919672836245,0.00236663279586693,0.00314672889508186,0.00111035428687007,0.00149688936274935,0.00110147806038399,0.00343801298264863,0.0038112208665145,0.00157698238648229,0.00344617987301411,0.0011483073131364,0.00107846480236844,0.00172292466901282,0.00173165112831688,0.00221385894496074,0.00149786060270006,0.00184481487696907,0.00126274553958099,0.00387610345801174,0.00366864449351147,0.00433116625065279,0.00389810647744679,0.00434156469360326,0.00442298808653634,0.00431970878662063,0.00442753178600522,0.00217562213027362,0.0034508336400798,0.00435440797931926,0.00178228637657184,0.00157954908051406,0.0011348580255269,0.00111489762199295,0.00433454274174909,0.00222255205837214,0.002188987328309,0.00119236548445014,0.00314675697560943,0.0015323835817045,0.00313000270198181,0.00312781592875374,0.00147151268129676,0.00140255696035672,0.00165251399722282,0.00108295179375995,0.00154458227358575,0.00343347292627572,0.00314110429327892,0.00309929413918906,0.00109421724891381,0.00437758521494567,0.00148482830057722,0.00224400543961932,0.00312196414490611,0.00333678222263538,0.00236655201394345,0.00124680328590096,0.00312542403987895,0.00141742755869972,0.00108902835419568,0.00367006837462206,0.00106708296976689,0.00165722197559942,0.00260440424398191,0.00171291208616187,0.00159501180526816,0.00164323925739644,0.00116398720485737,0.00108317421949635,0.00218629242384581,0.00116104458295072,0.00432945423977144,0.00380823766340367,0.00164227081448651,0.0037926972053339,0.00146739339386903,0.00116382285114419,0.00147967101013777,0.00356427683675229,0.00224732297110769,0.00313166304984639,0.00146319104696446,0.00149018905685162,0.00345008756124236,0.00147959729602659,0.00108854940703549,0.00144199177667044,0.00111832683253027,0.00314490231558592,0.00109080601900372,0.00145187540789313,0.00223302303598505,0.00147130144577511,0.0015271338254955,0.00423015569389486,0.0010871073574913,0.00313750253537969,0.00153108080001293,0.00155466641792576,0.00146897312820623,0.00145699537761717,0.00145892066743779,0.0022225773079095,0.001080619741732,0.00104090197086544,0.00312201638504682,0.00108668300957423,0.00166522018167551,0.00216770628700486,0.0034518810215908,0.00109750443079962,0.00115377577883523,0.00314335669879329,0.00155853209405755,0.00314389378195515,0.00175918311805989,0.00109697181093074,0.00223036998687789,0.00111337686321669,0.00143810978433831,0.00171587353433634,0.00311351459882988
"DU0095",0.00379526273987685,0.00353625128672193,0.00159593409429858,0.00364120242293762,0.00111622423859959,0.00305283769179603,0.00149519313512706,0.00223223742206356,0.00165301462861584,0.00350559808974495,0.00164781266485487,0.00411766353807573,0.00371088821436983,0.5,0.00368586101227277,0.00191988908716168,0.00406088749978179,0.00125864830777784,0.00120201797512773,0.00134482836814748,0.00320630574832846,0.00171121479797556,0.00309787469236654,0.00120338510118385,0.00215081071868072,0.00168726466424991,0.00160618639974321,0.00157544763570053,0.00154720899064374,0.00419980847131726,0.00384173888927408,0.0017308063515477,0.00419673883346536,0.00369392129092571,0.00362881280035937,0.00413768797399939,0.00171160545174531,0.00155791955968336,0.0012066869107455,0.00152215755730746,0.00156731085910706,0.0035472904427253,0.00159631773275495,0.00166703460926487,0.00331633825741881,0.00319167836007247,0.00120755816167817,0.00159932832592078,0.00172736298216765,0.00354368338964868,0.00217171310284963,0.00318840455212626,0.0035586543379259,0.00159870517400854,0.00354323282932073,0.00149204591573857,0.00330649122951072,0.00116938080753394,0.00121778892092011,0.00320631263573183,0.00368115086689167,0.00159441498408125,0.00159876104958596,0.0010068663676017,0.00367142917127994,0.00160372511318728,0.0016386364403267,0.00374870878394674,0.00304252683181319,0.00219088632796147,0.00161477121375255,0.00157736394714535,0.00123501707767194,0.00331810468350879,0.00180462333813872,0.00155867811296912,0.00417123149478345,0.00215019278737977,0.00211840700357579,0.00161109736046829,0.0042166368624939,0.00422262903753002,0.0041755673811573,0.00417951293759654,0.00159749842443292,0.00318259959764729,0.0015943013946383,0.00129076983206691,0.00158683637295602,0.00119093767765107,0.00160618315734142,0.00117489455172036,0.00117202683006503,0.00226683570823396,0.00366108417193983,0.00319238139130129,0.00170590577704773,0.00320046307674591,0.0012082140452546,0.00158116000669362,0.0012059370545183,0.00349546520158092,0.00419968384085341,0.00141085638324506,0.00388760856479354,0.00122777031937028,0.00158333976140233,0.00167581246653771,0.00154815888929127,0.00167074836134486,0.00160941899233748,0.001587573478029,0.00120456213663841,0.00365078642721155,0.00417828522066282,0.00370895272939206,0.00370616347487071,0.00364731230906654,0.0037792871192874,0.00419493042369664,0.00371206863694503,0.00215433631027758,0.00392145507383888,0.00370992452971798,0.00224326114751646,0.00144703766156796,0.00164136992329382,0.00161104745880646,0.0036548593896295,0.00164123540025295,0.00158443813113128,0.00102011792146705,0.00320055213504919,0.00109236177087162,0.00357891529911711,0.00357591336184739,0.00157752824970299,0.00110503580229457,0.00158039802008926,0.00159163593465254,0.00143303075523658,0.0034893588333642,0.00319448327632805,0.00353803285396538,0.00159881737459506,0.00372665362402924,0.00154923876061269,0.00167443972280697,0.00356732200862821,0.00306503307021252,0.00184216368663481,0.00120823344574109,0.00357124576072223,0.0010678940697601,0.00158390304711502,0.00349741445324849,0.00123712683404896,0.00169328683835804,0.0017403704592356,0.00215062127215643,0.00114478356043619,0.00150574488587004,0.00112844012622268,0.00158738969607443,0.00160053304902415,0.00165951014020787,0.0037420538453049,0.0036076405018411,0.00212937660303777,0.00415349310450235,0.00156080159505337,0.0016200247457458,0.00134122088866398,0.0034339471517693,0.00222216908085824,0.00358103806772765,0.0011092366650973,0.00158849838200945,0.00350986496717229,0.00199772732574395,0.00158022985860949,0.00155406360873248,0.0012349447540189,0.00319854375859029,0.00160012119713956,0.00155674533202054,0.00157861006572611,0.00158601940973002,0.00117212794964353,0.00371202068145602,0.00159631275811417,0.00358862472827003,0.00166422294440898,0.00167601291465921,0.00157004595068425,0.0015692349983443,0.00157254178174832,0.00164813809309736,0.00158745872016383,0.00122970149463294,0.00356822203385267,0.00159185514714799,0.00115227236180625,0.00166356369262393,0.00351336012228166,0.00120367475574083,0.00165674065436972,0.00359475269696323,0.00209785827225105,0.00319746719664079,0.00223655910664392,0.00121255265896359,0.00160280897063753,0.00122130201534814,0.00133042739035938,0.00171719041921113,0.00355679940413563
"DU0096",0.00400360260666979,0.00307230442609238,0.00104812643816251,0.00384642214323793,0.00108447955061059,0.00425188272687659,0.0016356025563776,0.00164865200687634,0.00109921363965767,0.00342978372207904,0.001501743596951,0.00360925807460879,0.00436027674179259,0.00368586101227277,0.5,0.00218075377336121,0.00355232000348346,0.000972550913165835,0.0010420490246378,0.00117797404795948,0.00312512762329969,0.00117858096601481,0.00313117829414743,0.00105754479581861,0.00213508531038282,0.00170520876099961,0.00107118078132619,0.00142307708878443,0.000947871333379281,0.00377154891265541,0.00406089475946939,0.00232352222852933,0.00425009315390067,0.00440992851924432,0.00454438580713163,0.00364496898929453,0.00233821678300192,0.00210304947245768,0.00104448011152796,0.00165557272172044,0.00140464643348292,0.00308029016543374,0.00104428206761122,0.00149082304650101,0.00327569718761497,0.00311151039158564,0.00104447374600041,0.00106302348808036,0.00233535535559871,0.0034668246423204,0.00162290141358776,0.00310861839110504,0.00308903392878747,0.00105607536295275,0.0030770660800006,0.00157274759682652,0.00450386138877066,0.00227878823856267,0.00106738520148651,0.0031251365174855,0.00386514686673694,0.00109046559729197,0.00110218894711117,0.0010842120851786,0.00459619524176779,0.00104470150942987,0.00227133668848748,0.00394812981508351,0.00317924208326133,0.00165002212606307,0.00240103996859333,0.00242683295942408,0.00111568546959441,0.00337246928908904,0.0022967593396013,0.00235507878533635,0.00423394401954291,0.00165225301846721,0.00220476084909136,0.00241905883248827,0.00380262372562022,0.00368013108965118,0.0037347012343705,0.00425420159740529,0.00106232388677509,0.00310334727021865,0.00104174195470588,0.00116270458982506,0.00105263458423731,0.00163702095016168,0.00106921424168614,0.00114383412335651,0.00277618936809567,0.0024120074200945,0.00450915949653166,0.00311230709151085,0.00231965804527626,0.00311965758022646,0.00106873376507367,0.00107831735988073,0.00106207149424118,0.00340063722088374,0.0042601211218278,0.00156924014822455,0.003409767059549,0.00110392592429276,0.00103783794181028,0.00226178070522143,0.00241983726911125,0.00170580254169292,0.00107745626315003,0.0026361642561284,0.00113195278701869,0.00386880300184693,0.00364547840451373,0.00443906478539129,0.00458106418343213,0.00451781235180212,0.00442599331210733,0.00431873573728579,0.00430104622851516,0.00214408127664748,0.00342032442784537,0.00437017415320817,0.00169298864706246,0.00228452649984537,0.0010868899634191,0.00106915004454693,0.00429896892610277,0.00219841524370187,0.00212663630571859,0.00107392118026615,0.00311969023991476,0.00120702035007471,0.00310332741126099,0.00310115801059235,0.00143420972753369,0.00167885467628364,0.00169123451260222,0.00104164666378615,0.00151841157742562,0.00303398065958602,0.00311414974394928,0.00307331219061262,0.00105131820602289,0.00439623186760548,0.00140381197984889,0.00173881123928276,0.00309571834342731,0.0035221042615052,0.0022794648525149,0.00114572371662057,0.00309909856746939,0.00115808177802702,0.00105114395127756,0.00444566806783004,0.000975925334833008,0.00161676151265193,0.00233269467156853,0.00212727744944982,0.00168156980473982,0.0023382770941128,0.00116616598921055,0.00104124296684965,0.00239829924225164,0.00110828717560027,0.00442228601560782,0.0045276760908321,0.00160556354741379,0.00423468402252532,0.00142597672958832,0.00111539303615341,0.0024288995817638,0.00359906979980152,0.00224849948983873,0.00310496224181769,0.00165476100683209,0.00107570717468111,0.00341590093046379,0.00144536212333094,0.00104539179619219,0.00103151036245774,0.00108139200948378,0.00311786076430432,0.00104769608177366,0.00103674274576125,0.00220297092016764,0.00106348427376265,0.00126793589028307,0.00375684430853624,0.00104555474211724,0.00311066235572679,0.00109203001212407,0.00149108754348657,0.00141881626001439,0.00103739185071708,0.00140848548488539,0.00229154422344115,0.00104177003320294,0.000958594035249019,0.00309548367086665,0.00104838865260603,0.00164058945976973,0.00167124416155899,0.00341833914487711,0.00105869252645267,0.00110195530893467,0.00311656685947258,0.00150467185021285,0.00311689229859905,0.00169171998697829,0.00105313815850263,0.00216639553167327,0.00106750681645424,0.00124727611897826,0.00165439954469921,0.0030874197033063
"DU0097",0.0021060279221906,0.00112089798464094,0.00100805240034714,0.00209279183623742,0.00138517345413591,0.00177686421777594,0.00251045044402566,0.00131875045420737,0.000983845869652985,0.00147599966615526,0.00107028249310427,0.00159216249684859,0.00211486835324364,0.00191988908716168,0.00218075377336121,0.5,0.00118122610664196,0.00616122518468648,0.00093584936713943,0.00103249913333645,0.00108155918038877,0.00102382522426806,0.00391294188372087,0.000947724520919452,0.00186625540096673,0.00190558160857281,0.00102944948836991,0.00101125435341255,0.00362887170711709,0.00199418587733439,0.00205953191464262,0.00209045877051694,0.0020569127116302,0.00215660921335677,0.00275339374412002,0.00162245535841886,0.00211007586124862,0.00190487037352588,0.000945772112276894,0.00249315857831242,0.000984397371502997,0.0010576126625433,0.000935248480871816,0.00107105039264799,0.00163622084315439,0.00107548436373051,0.000945429317239775,0.000951494726863274,0.0020857150566343,0.00113975163247198,0.00154665273693127,0.00107280212308053,0.00113148158494723,0.000952015350373186,0.0011256993988004,0.00194752702248602,0.00231312316536049,0.0026024694010139,0.000961159279423318,0.00108156217497091,0.00276153465993713,0.0010660696756175,0.00107081230622496,0.00129672225837752,0.00265161028600397,0.000940052243782969,0.00204160078686439,0.00267525750180706,0.00149666962970714,0.00120866927640618,0.00204294806746004,0.0024669320124373,0.00103207179233883,0.00565185392728246,0.00201280293983939,0.00250881009865187,0.00204713548415061,0.00159038400504026,0.00197919008387158,0.00258181507180204,0.00201581659019926,0.00190908664176759,0.00193267048612179,0.00208144361166717,0.00101839822445292,0.00107055123521037,0.000932646969501825,0.00157850298411873,0.00093829494158865,0.00197039826305472,0.000958170076943758,0.00258743568565823,0.00171297578256897,0.129435706712363,0.00271034076690243,0.00107482127101982,0.00209407665018707,0.00107911030984199,0.00096127855454548,0.00103715133700244,0.000953995943706653,0.00110990077017904,0.00206245862926879,0.00239563972687445,0.00147083344574824,0.00101753970519282,0.000922651403193503,0.00195112579609959,0.00268805402935745,0.0019222433771951,0.00102487658592471,0.0030029858022786,0.00145071238407731,0.00207964358103564,0.00160556858320229,0.00215798612546493,0.00291679632378252,0.0022023883487511,0.00219391719481164,0.00209932446721684,0.002085269419942,0.00192633408590305,0.00146233901926069,0.00216688331036014,0.00193358861081437,0.00249730816030607,0.000949447136383544,0.000959417921707874,0.00206462975902691,0.00190457968593739,0.00194733231213335,0.0013376097347422,0.00107919069835071,0.00233211385490809,0.00106993109509702,0.00106869943027449,0.00136350604626057,0.00233069800681181,0.00268665475686762,0.000997391010432346,0.00187494497265266,0.00144928429270489,0.00107619333241944,0.00112294850041658,0.00094423727605733,0.00281830001189823,0.00101019084402541,0.00198617881866487,0.00113527182491031,0.00183439196917332,0.0020923363575394,0.00278091673752308,0.00106552255276608,0.00173474684191745,0.000936536340230541,0.00244516112299471,0.00197689000405084,0.00117127215898993,0.00205699294508737,0.0019254626717169,0.00261803243141526,0.00262238060309319,0.00125721975470676,0.000934647775352263,0.00204693952199099,0.000982544394202639,0.00217142565475054,0.00276027069799151,0.00153418920900602,0.00204035163837523,0.00100831719010217,0.00107502559127045,0.00188723627634661,0.00183503225541117,0.00204740649850749,0.00107063385410081,0.00268565412600894,0.00103838716348661,0.00111781516886269,0.00101927211099474,0.00100241658719941,0.0009863302189415,0.000986040407582428,0.00107839898413355,0.000947031409928606,0.000993528411790397,0.00201764722167329,0.00102369839885019,0.00168227685831275,0.00199532705518245,0.000934849187086677,0.00107355068701532,0.00140844399407724,0.00105420081109336,0.00100385844895089,0.00100013004174775,0.00100091192861188,0.00200995592271939,0.000929215567313109,0.00241490974485108,0.00106590776996893,0.000933827916847812,0.00241331469039377,0.00188158740091146,0.00111218623723057,0.000949916491392655,0.000985259393736189,0.00107472248098151,0.00144184519379521,0.00107766123805544,0.00180044974441427,0.000955734045636478,0.00191530763576719,0.000967360912428405,0.00428564935743335,0.00160139484586554,0.00113111370654713
"DU0010",0.0036715688955167,0.00389949731890125,0.00201220852884133,0.00355473851347799,0.00102364910783376,0.00297808129401075,0.00111569170120758,0.00175434426679777,0.00167592957943648,0.00347748546535221,0.00207227921098922,0.00402072200071033,0.00358136555003688,0.00406088749978179,0.00355232000348346,0.00118122610664196,0.5,0.00176352082079391,0.00163647755727915,0.00134811451378104,0.00319416472662094,0.00171331721116539,0.00310517911006093,0.00164727715627022,0.0016730212659488,0.00161285145160835,0.00162794371828156,0.00197740811675223,0.00209354491401322,0.00363785889108008,0.00364015562002933,0.00162036071189739,0.00361127442123925,0.00355317985294006,0.00317364718715691,0.00403282733720296,0.00160787345775546,0.00151455196978117,0.00163861977057407,0.00146322989348399,0.00198579404586017,0.00352557148103798,0.00202254081248827,0.00202402602654035,0.00326726334543814,0.0035739951951593,0.00124916516637171,0.00164721284013232,0.00166889497338474,0.0039115703371289,0.00213624104513209,0.00356883970717912,0.00392845299702651,0.00163027652218701,0.00391058829630656,0.00114408216673239,0.00304880679232232,0.00112406520033316,0.001642737700096,0.00319417095953117,0.00321620439838725,0.00163825272425803,0.00202810129603077,0.00116785352838708,0.00353677285590483,0.00125053436674536,0.00157162456963493,0.00331962212384703,0.00314262851361531,0.00217222855958642,0.00116097524200119,0.00151922598699163,0.00168430145420076,0.00338452744508588,0.00168842254641133,0.00114400158397053,0.00360653084700988,0.00208084815700734,0.00160098399572218,0.00115685835140578,0.0036380833015014,0.00405531201546152,0.00405592034382036,0.00361888545582759,0.00200738564893659,0.00356246140834068,0.00201735654022844,0.00135610222209188,0.00163214774490455,0.00146007775323025,0.0016329282187877,0.00122286420365101,0.00109811989096763,0.00159472455722895,0.00351839581763533,0.00357416634098829,0.00165854841241056,0.00318823863193988,0.00165686671845057,0.0016206214650764,0.00125817395751314,0.00346820560182131,0.00361080561416231,0.00111539068220843,0.0038473038705929,0.00128022397211799,0.00200492578116819,0.00161959451294156,0.00151193552312134,0.00160441513150795,0.00201532376460229,0.00116038535956445,0.00126053932817934,0.00317065995345399,0.00405356962506258,0.00357325793961074,0.00355066472963036,0.00314310971840395,0.00363420606793607,0.00362170918519254,0.00357673675553419,0.00163484800234149,0.00388328238844226,0.00356753146694093,0.00168992684878224,0.00111728227281331,0.00207509934807296,0.00203122813353471,0.00354722682828026,0.00159050230291638,0.00154841306420124,0.001179353741884,0.00318825595912339,0.00108944931749773,0.00356165409804805,0.00355850160548426,0.00159628167217962,0.00130042418326785,0.00152246311862547,0.00201059258530265,0.00111895992029057,0.00346267865304272,0.00357721356860325,0.0039032928433407,0.00201936691714584,0.00357196928411741,0.00200806760308748,0.00162138775283539,0.00393654221399631,0.00312521740010654,0.0016746952163507,0.00126714397915403,0.00394175393932864,0.00130947297911485,0.00162855778272678,0.00339627518743106,0.00170159635156377,0.00209734125172041,0.0016464066399936,0.00162445718258784,0.00110123876286465,0.00113205280847046,0.00140946449510047,0.00162179016105206,0.0011517354458176,0.0016808493338742,0.00360143018004094,0.0031828216961346,0.00217771715029694,0.00359830008152482,0.00202874447587345,0.00207301850465375,0.0011422794426797,0.0034096064134045,0.00167440845031375,0.00356386817561782,0.00133802506051116,0.00202393300917011,0.0034839335462592,0.00204103803282346,0.00199541515704546,0.00196468212981618,0.00126633888152962,0.0031863083172651,0.00163540897846497,0.00157971808412484,0.00154738346554757,0.00160987302316072,0.00145645066012056,0.00361048175088453,0.00201812480450157,0.00357171029057805,0.00167853771895612,0.00204351407844955,0.00199793226633019,0.00159472428457318,0.00159988338848882,0.00157821932076286,0.00162592559019997,0.00138779564331455,0.00355060793727771,0.0020185845589243,0.00150182415407982,0.00161506350771388,0.00388010522144366,0.00164910241848863,0.00167972951451254,0.00397189014831039,0.00208986151992979,0.00358101848433632,0.0021101370181113,0.00164337866099765,0.00115154801595717,0.00125821299767367,0.00128014107061421,0.00168509621082868,0.00392436353152816
"DU0011",0.00103365799197231,0.00228728613468901,0.00235299578247669,0.000964154376724121,0.000936789040588794,0.000871685716648278,0.0010085819688395,0.00505336254716643,0.00245860065691055,0.0022088056471504,0.00229459880582088,0.00130121460865175,0.00104235314577672,0.00125864830777784,0.000972550913165835,0.00616122518468648,0.00176352082079391,0.5,0.00240977303063562,0.00311925439552523,0.00239789505043327,0.00304999148477389,0.000880289319594945,0.00242351870497931,0.0013288045893425,0.00111101383853267,0.00235695938770624,0.00212480497383208,0.0493412236110204,0.00112853638612053,0.00100635431973295,0.00106204080115851,0.00108652791329432,0.00100354755379401,0.000952698548774124,0.00129780656153115,0.00105719194137443,0.00100166463193393,0.00241443353895253,0.0010011143665789,0.00226405402750918,0.00231830018630192,0.00238248670570353,0.0032817449409256,0.000907097269852988,0.00238104061373591,0.00242007445731398,0.00240840112956813,0.00104842527500804,0.00221707652498539,0.00134801309331632,0.00237258225802212,0.00233055977821721,0.00238156055440349,0.00229907822941978,0.00106372582416302,0.000889385016908207,0.000997528834422898,0.00240557227992495,0.00239789832994791,0.000957132039297172,0.00233463507068645,0.0022825450411977,0.000882313133243414,0.000962842942929899,0.00241400961266142,0.00104697522248273,0.00104061519024191,0.000871230614511083,0.00131754277977892,0.00102930134968907,0.00100529007740673,0.00242360864905783,0.000937293688300312,0.00193606078134395,0.00100403233633297,0.00118877770353617,0.0023494415741178,0.00110769411209616,0.000997316896765636,0.00111512150838497,0.00125766055779061,0.00113604653624544,0.00109891723818039,0.0023382269135801,0.00236538485466447,0.00238320108056065,0.00097429682045485,0.0023869458442846,0.00109500176639012,0.00237409727578503,0.000916976728805167,0.000927762616880057,0.00615812768257246,0.000965781991414897,0.0023792549779762,0.00103973547173261,0.00239240179747594,0.00242941893585371,0.00226191973336389,0.00243431472253743,0.00221206538609062,0.0010834193724413,0.000967980252159485,0.00215805260353175,0.00242550180646677,0.00236046706926634,0.00111645112644756,0.000968698482658424,0.00111194469795394,0.00233137282432266,0.000874484116699087,0.00093166533369045,0.00096812146172632,0.00126424192693613,0.00103120965260364,0.000955948646070024,0.000949797056165672,0.00102894916530987,0.00107972765961278,0.00102574109095696,0.00122142828904827,0.00222607284146893,0.0010413672583715,0.0040791304113346,0.000979493070819151,0.00243092683199251,0.00239429302529928,0.000963228277022251,0.00108815120931408,0.00102844228317482,0.000924446786553852,0.00239226658114421,0.000993370806982624,0.0023639219935739,0.00235654782026953,0.00223573963296516,0.00095333881709601,0.00104083158190106,0.00237017908058305,0.00100683140698262,0.00221075052183311,0.00238341940965241,0.00230501850703992,0.00238004052833343,0.00100411424809641,0.00219227340426173,0.00106799547085208,0.00234107391336463,0.000867960952610337,0.00462703089467788,0.00092735974155353,0.00234428144462387,0.000977012515031485,0.00237916675488648,0.000922109100235399,0.027436398159275,0.00168660490106782,0.00106648902842973,0.00122210885469933,0.00100210736241045,0.00100546878090418,0.000916576633368294,0.00236359595998715,0.00101293798454892,0.00246169113317591,0.00104848316598483,0.000946020392646594,0.00143538637085903,0.0011844456237125,0.00225160269258256,0.00234668895555455,0.000938836207945026,0.000921500245414545,0.00113126847510452,0.00236591427946177,0.000957061006459225,0.00232802954076656,0.00223936864623204,0.00214929701626681,0.00233692563082381,0.00223753397043942,0.0024289912087424,0.00239017751547479,0.00240002386581376,0.00224198318913145,0.000937330193736528,0.00230726360122711,0.00110955297742026,0.0011772774352933,0.00238251964820522,0.00237294905725252,0.0124000483381655,0.00294740675750506,0.00228057909262061,0.00228643493534796,0.00229706831540678,0.00107835555342508,0.00237997379557832,0.0346849556766255,0.00235155687033276,0.00237984824160921,0.00102574440998913,0.0011078438890664,0.00223613801020251,0.00242852886785049,0.00246588486653201,0.00237342818607049,0.00179022750223302,0.00238724191357076,0.00200233351501839,0.00241849749360813,0.00103177611068594,0.00242908087519584,0.000949032374888354,0.00122614719008353,0.00232931121973075
"DU0012",0.0010986026553485,0.00205468794151457,0.00385547138187585,0.00107941659282039,0.00332729737088335,0.00109658490974514,0.00211095821158826,0.00170593019131137,0.002799597868745,0.00199299446523694,0.00313714874227287,0.00161162590532911,0.00108272855359979,0.00120201797512773,0.0010420490246378,0.00093584936713943,0.00163647755727915,0.00240977303063562,0.5,0.0021825301375405,0.00214977996900486,0.00218778724580407,0.00109265531227746,0.00397297296586364,0.00380555853094117,0.00231484095378646,0.00304026341530909,0.00313908954292798,0.00235470882684198,0.0015626962514296,0.00104850204221754,0.00172503235377834,0.00112565282989885,0.00106905490394756,0.0010497800936407,0.0015981076685792,0.00174836294640199,0.00211514687743145,0.0040178042197265,0.00212815910392711,0.00401036367311152,0.002077227321056,0.0040952656363738,0.00206172763150387,0.0011069762081863,0.00213764542828464,0.00407344068265619,0.00366527753334847,0.00153605128674105,0.00201039174496743,0.00219317835638172,0.00213039591279332,0.00208956145184149,0.0034363415590721,0.00206867100294361,0.00338725504519759,0.00105564480964442,0.0025648320827204,0.00328585844357071,0.00214976526292596,0.00107445612763343,0.0028510270902816,0.00248789968170092,0.00220952809875041,0.00104064145226786,0.00414521991882369,0.00220316615754412,0.00110555242494331,0.00111036560513035,0.00172523094536002,0.00260782913510445,0.0030569963949152,0.00267002515567128,0.00107456984017235,0.00119522568622697,0.00269046091066251,0.00113600810000661,0.0024685769244432,0.00314589842545403,0.00214190374131528,0.00115084403433971,0.00120206229537935,0.0015726570586256,0.00114066473488821,0.00327080433335259,0.00212453788890891,0.00411357088213798,0.00266706997578736,0.00386521690695318,0.00228104447128131,0.00313038229512275,0.00218792746146225,0.00221036088024495,0.000996752231050824,0.00103840586584843,0.00213508186400807,0.00157006004971825,0.00214568695913269,0.00355002937719193,0.00293464295366525,0.00382986978091831,0.00199525222562479,0.00112229206797704,0.00192569211329939,0.00196499168595246,0.00296646427101238,0.00425057148706776,0.00274281977410098,0.00185238328905452,0.00259791868637943,0.00305748899836784,0.00145605979871215,0.00308253927859009,0.00107201576130259,0.0016114303894636,0.00107283056277797,0.00103886478422235,0.00103454633261414,0.00107954004363147,0.00111477546121041,0.00108181948376517,0.00235907637694055,0.00200480260599648,0.00108426021021505,0.00124017177259473,0.00290843961207083,0.00309245804299455,0.00325816174292212,0.00106139852174083,0.00248812324526465,0.00284029695892705,0.00342228756280323,0.00214520940386713,0.00274029799964398,0.00212323414336496,0.00211716268000688,0.0030060947034899,0.00294264229154776,0.00308681738944135,0.0041044724219214,0.00297426296416408,0.00199806774868156,0.00213890106382056,0.0020703007707323,0.00372952966979479,0.00105353995192949,0.00219555246232124,0.00193540188612582,0.00209948427337886,0.00110184844790892,0.00118603686114673,0.00330842814271076,0.00210287522743917,0.0032295180774381,0.00386444425879904,0.00104940059486509,0.00234266045633375,0.00276237474506998,0.00172094407505336,0.0025254102354049,0.00265548480423568,0.00238183395217008,0.00267372716798905,0.00391664234349293,0.0029716667836528,0.00276052631666575,0.00107891793325217,0.00104186542578139,0.00215741981334276,0.00113713098680924,0.00331952389372624,0.00247643681048658,0.00162489563016637,0.00111221649642987,0.00178271111392658,0.0021246434540516,0.00266016505823639,0.00302669488441033,0.00202007664319868,0.00345844429331675,0.00351230359921115,0.00343673429239178,0.00329365838872986,0.00214376111789453,0.00381024229689703,0.00328042435258898,0.00160667402654996,0.00307609172788593,0.001442841110005,0.00114737662128863,0.00406278560714977,0.00213077220965067,0.00220305979594498,0.00208230391647926,0.0032574078632005,0.00353706033510053,0.00316775764497316,0.00324188323669115,0.00434286792190017,0.0023735998541181,0.00211186860363161,0.00428452686234702,0.00300302184269373,0.00240935046515876,0.00201773228997784,0.00390001169310981,0.00280555078056461,0.00212799855619077,0.00345596785789583,0.00214275946232759,0.00128656328231513,0.00372261094140924,0.00220753110999001,0.00340495267694441,0.00163296684844052,0.00242455091194419,0.00209032543280653
"DU0013",0.00118158253055723,0.00212454432585352,0.00214652361354085,0.00108713068545889,0.000924051552583938,0.000895342154523979,0.00113262033666732,0.0112620879205721,0.00224062712155881,0.0020552794104331,0.00210627343903771,0.00134653519763366,0.00123643438380655,0.00134482836814748,0.00117797404795948,0.00103249913333645,0.00134811451378104,0.00311925439552523,0.0021825301375405,0.5,0.00219449423922214,0.0249558532690921,0.000880317740168644,0.0021962403584357,0.00134570151759877,0.00127871596748445,0.00218631135581247,0.00207834257147184,0.00322302624009475,0.00131760685855078,0.00110028017716742,0.00128376289166037,0.00127871459361807,0.00122107134405562,0.00104301435421696,0.00135410191958424,0.00127377279955341,0.00112158534168728,0.00219016005133146,0.00109604027269715,0.00208186800536732,0.00215499295205417,0.00217139329148577,0.0209649091463365,0.000965427913747444,0.00218195211788385,0.00219478360950823,0.00218456078524576,0.00127652071922159,0.00203323643485544,0.00133235997496382,0.00217438763092389,0.00215148150871036,0.00217931371399986,0.00213005026229331,0.0011226810005545,0.000927205817475871,0.00104054140926526,0.00218881924141655,0.0021944625409115,0.00102215464891984,0.00215703834508606,0.00211604076658626,0.000874619317569572,0.00110966047199571,0.00218536185091787,0.00117758055993154,0.00119218133817905,0.000886846439946792,0.00136418805924947,0.00119812199297017,0.00112226398008702,0.00221239833940877,0.000940012464719322,0.0248619511752287,0.00106017420208719,0.00128912538006846,0.00223260954795587,0.00128162227700874,0.00108265035360308,0.00130435436476278,0.00134285635904492,0.0012754846235304,0.00129116211936243,0.00214953846506605,0.00217861690671927,0.00217387645415061,0.000959562195722021,0.00217677188673815,0.00118723091251495,0.00217780156730503,0.000913154550128856,0.000923782477642882,0.00117763059392744,0.0011287526472266,0.00218033830154797,0.00125312425491221,0.00219222005034581,0.00220362595178348,0.00209057244479932,0.00220372985282594,0.00207181841333211,0.00127572943016621,0.00105005735396338,0.00205966015142574,0.00221172309479011,0.00215455787669436,0.00127203620024922,0.00104101578810659,0.00129934040996728,0.00215041631893964,0.000988373530216428,0.000935424309092309,0.00114844587071346,0.00136347528949774,0.00122857302539392,0.0010558135512347,0.00107961789589892,0.00123589774677796,0.00127521305345669,0.00124745727977934,0.00129702126860413,0.00207153143069555,0.00124921778745387,0.0117461591169016,0.00105067319657741,0.00222112368567488,0.00219226517345398,0.00111275024781025,0.00120856027215655,0.00120128863116193,0.00090720271182205,0.00219224487195427,0.00102558924518983,0.00216652084942429,0.00216008870042043,0.00206505007544289,0.000964839936464163,0.00108716980561374,0.0021603981264969,0.00100460690477289,0.00205622591723223,0.00218414640979558,0.00213926607494704,0.00217448060251916,0.00120015303029446,0.00202577568388702,0.00127880714585458,0.00215828284666333,0.000892584391838566,0.0108552946872978,0.000914757828493342,0.0021627672483901,0.000962342761671264,0.0021600118904326,0.000970140766264447,0.00415938813100752,0.0016634276215452,0.00127501340258851,0.00129393553613769,0.00103809503475088,0.00108895678042905,0.000877367286590849,0.00215859794112811,0.00113600196920819,0.00224229028628983,0.00124705860784687,0.00102883392729101,0.0017291050915343,0.00128327597039445,0.00202328604694104,0.00215944048448917,0.000970226219131161,0.000954936435846234,0.00132512050854316,0.00216825914732497,0.000974339812959795,0.00214633439042688,0.00208019147995575,0.00204445136092047,0.00213869052498326,0.00206238691042988,0.00220778511455247,0.00219032287448874,0.00217873401649078,0.00208240278409145,0.00104789582441003,0.00212913830482725,0.00109199681853498,0.00129594822993994,0.00217401461989686,0.00217194754723393,0.00703089819753177,0.0245835664991846,0.00210008181521666,0.00211515161379615,0.00211780781641647,0.00124270206550068,0.0021697771478167,0.00366614443419417,0.00216933184004217,0.00216976045124274,0.00111744760777026,0.00129236337634704,0.00208052704916092,0.00220094854128099,0.00224341859928744,0.00217574188857001,0.00178921245551272,0.00218482939967788,0.0242733940439034,0.00219640126847487,0.0012003295800068,0.00220689332652586,0.00097538124657963,0.00132594044326363,0.00215834574408253
"DU0014",0.00323452287689129,0.00397382281033304,0.0021136081592221,0.0031409835590271,0.00103850281362298,0.00296873065767251,0.00111195624918454,0.00133954837293203,0.00219166381479296,0.00389889943141397,0.00210575486094853,0.00317766774430381,0.00315226382689299,0.00320630574832846,0.00312512762329969,0.00108155918038877,0.00319416472662094,0.00239789505043327,0.00214977996900486,0.00219449423922214,0.5,0.00220276009943129,0.00293185060007552,0.00216145509649575,0.00126016298003768,0.00120123781246144,0.00211093744004399,0.00161754437837636,0.00234879904646438,0.00319684659290671,0.00337898036269671,0.00119915888154226,0.00316740030884398,0.00312014995853589,0.00313945992738913,0.00318756440890658,0.00119220501235426,0.00111917938591447,0.00215183235270943,0.00112042592043888,0.00205109856989872,0.00399760593340243,0.00213300226581608,0.00208024279279422,0.00304326662236123,0.0040680241736781,0.00215569454830236,0.00215300799742279,0.00119387346119599,0.00393100623266799,0.00128429075459681,0.0040610206561454,0.00401574658416822,0.00213106692931407,0.00398565132155142,0.00115000202921348,0.00303562099818984,0.00112323156385189,0.00215063243353627,0.00409059671462799,0.00319497890472404,0.00210563301624949,0.00207228571167063,0.00101444116439989,0.00313441418719833,0.00215469612853549,0.00114707646998068,0.00329490619881378,0.00297210594298684,0.00126844365747414,0.00114776644988635,0.00113886875499779,0.00217223941104415,0.00306286990862891,0.00128102308944289,0.00113603867138317,0.00316921195639039,0.00214196650687636,0.00119775573304399,0.00114329573112636,0.00319997155308555,0.0032009210845169,0.00319573947091659,0.00317701845141254,0.00210376576587963,0.00405177947519998,0.00213197469538628,0.00111222085343749,0.00213518126045059,0.00115012356720078,0.00212864864792191,0.00106621411885251,0.00110815999791353,0.00113704269405355,0.00309919505486886,0.00406802026861512,0.00117853522256678,0.00408190668401571,0.00216644330054947,0.00205632006979964,0.00216990244418404,0.00389103195457357,0.00316795679566789,0.00108923696445052,0.00386329027193868,0.00217112439026024,0.00211610325394923,0.00119857048151968,0.00112361260068471,0.00119103356953059,0.00210657341596842,0.00112986171527425,0.00107696988929068,0.00313933542614743,0.00320268796694638,0.00313920491720913,0.00316469477059277,0.00310628976645416,0.00319127449343052,0.00318312057222483,0.00314039219679943,0.00122291567269446,0.00391613981477246,0.00313869032995787,0.0012640970077702,0.00110958284482354,0.00217297249123946,0.00214337333679584,0.00311295283083867,0.00117270769457712,0.00113316195935348,0.0010331048608745,0.00408201908023137,0.00109236918982606,0.00405133055187135,0.00404434442248248,0.0020282673970805,0.00108600635469366,0.00114047065551734,0.00212358615602867,0.00112766978648956,0.00389191433508564,0.00407187147246812,0.00398683334499673,0.00213283064825755,0.00314252362653039,0.00204300990886916,0.00117339649314669,0.00402840317831821,0.00297830580957724,0.0012414029689646,0.00109969035842149,0.00403454131760744,0.00107369609900143,0.00212940127666153,0.00313504714587981,0.00233303642762358,0.00125875258614312,0.00122470009309277,0.00121459567495226,0.00110787591405826,0.00112579689397548,0.00113988998587073,0.0021187123746942,0.00114085328169724,0.00219877804721428,0.00316401098825453,0.00315219750130292,0.00171225559453728,0.00316171264192848,0.0020338654160808,0.00211933286644481,0.00111103825743073,0.00311647399545055,0.00124159570803271,0.00405383704265731,0.00108424493872214,0.00209809974744149,0.00392432887789767,0.00164304071040637,0.00209872326529648,0.00202396243788906,0.00216425286717082,0.00407919168098956,0.00214362236914267,0.00202459562731282,0.00110269674177959,0.00207663632343103,0.00119368200480032,0.00315771061567683,0.00213468754497857,0.00406310928848443,0.0022125155566232,0.00210952760746791,0.00206484805362754,0.00205637030518948,0.00206854089135253,0.0011752742403793,0.00212996383536453,0.00236319623426854,0.0040367444111887,0.00213342415239756,0.00111935295626318,0.00118594634087349,0.00392300734364592,0.00216432660511784,0.0021994314281188,0.0040673115812262,0.00128602418712184,0.00407706970445379,0.00132306284213619,0.00215644705657874,0.00113901102046688,0.0021667110519692,0.00109959046646866,0.0012381997526839,0.00401393860060311
"DU0015",0.00118231773518526,0.00213247175254637,0.00215271552474263,0.00108970691191114,0.000928189918345972,0.000900870367772849,0.0011327326684492,0.0100510563246587,0.00224507389587548,0.00206290195570311,0.0021080185871221,0.00170806432754247,0.00123634187926407,0.00171121479797556,0.00117858096601481,0.00102382522426806,0.00171331721116539,0.00304999148477389,0.00218778724580407,0.0249558532690921,0.00220276009943129,0.5,0.00088661627267329,0.00220129789267399,0.00134400526875383,0.00127716832531436,0.00218821505984621,0.0020839421943357,0.00313742461788098,0.00131957983347723,0.00110776853241387,0.00128109882812456,0.00128099327431113,0.00122285401786213,0.00104597317400281,0.00171886828838731,0.00127118490202673,0.00111830875331947,0.00219476408959962,0.0010979248941484,0.00208660056594329,0.00216116960040503,0.00217773268846876,0.0200119902647194,0.000971567812047228,0.0021903714873014,0.00219931373422078,0.00219054436974532,0.00127440122275178,0.00203805250534677,0.00170055653744766,0.00218245021506698,0.00216004296147933,0.00218422216450697,0.00213893940989127,0.00112706953451851,0.000933127921249359,0.0010415977587001,0.00219283672583033,0.00220273964455561,0.00102844124780834,0.00216296676870218,0.00212177286262766,0.000878615173361669,0.00110977408718406,0.002190720117112,0.00117344334988519,0.00119513030037525,0.00089379411400481,0.00173212367919644,0.00119622091921634,0.00111926209665042,0.00221899780017905,0.000946325201947351,0.0241560024366638,0.0010610800540215,0.00129118881111281,0.00224068404140267,0.00127888102836443,0.00108205733276922,0.00130674019957204,0.00171005001942455,0.00127897438220245,0.00129332865199598,0.00215462096703649,0.00218772363131083,0.00217970349840551,0.000963034414689046,0.00218243665534285,0.00118382617161172,0.00218186129359454,0.000915697561632212,0.000925126569214356,0.00116704486098687,0.00113132954065391,0.00218834957299349,0.00125132290287272,0.00220004880366138,0.00220873463930749,0.0020969385554399,0.00220911521533381,0.00207766440074328,0.00127799533008302,0.00105465686129761,0.00207049116646809,0.00221823145369217,0.00215956669564982,0.00127016736909755,0.00104381577064758,0.00129728614799155,0.00215450235282749,0.000988032642159991,0.000939034902281478,0.00115086871124194,0.00173077590345161,0.00122827337782413,0.00105941095769584,0.00108068717270151,0.00123670376810773,0.00127732355171523,0.00124872278956163,0.00129548956846176,0.00207931536622895,0.0012500093407302,0.0111958503698405,0.00104952681343267,0.00222577881874808,0.00219737600411119,0.00111294484509228,0.00120500822096483,0.00119913828516079,0.000911171146526657,0.00219993121121928,0.00102971129388052,0.00217470853888564,0.00216824736209918,0.00206889188732314,0.000967346793557302,0.00108852292311613,0.00216565766410692,0.00100856063430182,0.00206380399563066,0.00219221391900547,0.00214713687971373,0.00217999056896334,0.00120097627688153,0.0020298578882194,0.00127875610857249,0.00216672241241782,0.00089814272025266,0.00998622496089344,0.000918245981339832,0.00217124820862202,0.000966315436775762,0.00216465951004256,0.000976068398621743,0.00396810290649974,0.00130350278333712,0.00127210111461464,0.00129273237686981,0.00104019143792332,0.00108691791880651,0.000881031279994438,0.0021636588144845,0.0011328804870818,0.00224635188710638,0.00124676296572976,0.00103196727139005,0.00135809304995796,0.00128535929674336,0.00168089610730415,0.00216556038243238,0.000973282732609864,0.000961282506947704,0.00132291365785878,0.00217661061208496,0.000976636645836684,0.0021528102274531,0.00208835583054107,0.00204960688843836,0.0021435697504792,0.00206658213115126,0.00221258287142403,0.00219804790764722,0.00218365071602005,0.00208477315992985,0.00104904204625189,0.00213260278514556,0.00109620007268875,0.00129747446285674,0.00217924975198545,0.00218109938116646,0.00653767081752907,0.0252824796044883,0.00210532430367187,0.00211872509478166,0.002121063158487,0.00123942946458927,0.00217554585335612,0.0035315994231961,0.00217795214165465,0.00217530559558917,0.00111522033817907,0.00129034109403601,0.0020881777821551,0.00220597027933933,0.00224798148671912,0.00218450522169504,0.0017925513502195,0.00219314743226007,0.0254232991644459,0.00220099815701108,0.00119805755093242,0.0022113460112069,0.000980524609191329,0.00169327673677242,0.00216648776983323
"DU0016",0.0032210442933561,0.00288103282955399,0.00107418304952403,0.00500565343967017,0.00395971754605923,0.00530632921619002,0.00280735608796093,0.000909177894855668,0.00104475981498568,0.00285592419673373,0.00107155751334435,0.00310453264384395,0.00319568931001875,0.00309787469236654,0.00313117829414743,0.00391294188372087,0.00310517911006093,0.000880289319594945,0.00109265531227746,0.000880317740168644,0.00293185060007552,0.00088661627267329,0.5,0.00110154281991154,0.0011800783993109,0.00135372871302641,0.00103987731025958,0.00110658840548722,0.000845130128199314,0.0030393491115581,0.00354455513659938,0.00126598804223918,0.00311658353922364,0.00321089569166563,0.00323288372259823,0.00302969825492903,0.00127036458310408,0.00287822185609757,0.00107859842577656,0.00284833090239053,0.00108158181713944,0.00288742742662596,0.00108255260544488,0.000862961066316497,0.00602370774141347,0.00291893373438025,0.0010813094335114,0.00110819338209859,0.00147858146880291,0.00288500909319418,0.00116619329515285,0.00291598072376793,0.00289760823929859,0.00105127379150061,0.00288688163383557,0.0015992418638962,0.0038027292754293,0.00138021782687932,0.00105051016575779,0.00293185892957144,0.00548156716616104,0.00110313103909584,0.00114386510506993,0.00484407011397472,0.00318606335456583,0.00108491794203653,0.00119286775386755,0.00348336039379508,0.00763036734702067,0.00137115205626597,0.00118132935888921,0.00128600766142604,0.00112487189561835,0.0116420833915069,0.00110906225496859,0.00136020815559842,0.00303760522394519,0.00109484922055743,0.00119263352866896,0.0014888277315808,0.00305736770426756,0.00305860855927977,0.00302643505997667,0.00323940371314801,0.00104644862654456,0.00291111510581513,0.00108115329043125,0.00455390809614138,0.00109462527068563,0.00126989180925429,0.00104424052812595,0.00645151580166202,0.00126261931324936,0.00195656295640441,0.00328783953446608,0.00291958512565399,0.00134061151225049,0.00292663775362743,0.00110876430843485,0.00114803884793869,0.00110767777434192,0.00284722152224092,0.00311425364979977,0.00299301424622657,0.00295059792695832,0.00112072453735638,0.00108226047863552,0.00120243086102953,0.00143581742204104,0.0013025374254308,0.00104810124596105,0.00144594855353427,0.00576741918394861,0.00440368001003159,0.00303381658222086,0.00315941260246256,0.003242619331375,0.00328670347799969,0.00326000228119216,0.00307958746067525,0.00323214425097005,0.00114667464624038,0.00296950764004122,0.00308191737028884,0.00105071378150881,0.00135769209356648,0.00105989180059443,0.00105184464219835,0.00400834541590344,0.00125591076767434,0.00230819172076964,0.00443415255224434,0.00292664612524261,0.00289270686885608,0.00291098663144017,0.00290887851648952,0.00101978150840021,0.00273707394322105,0.00169435270419151,0.00108048920122228,0.00410721381793396,0.00290554688099501,0.00292138527673504,0.00288250440727296,0.00106913760210185,0.00349378824702241,0.00159142368968288,0.0015370026030165,0.00290394798848788,0.00714144847849164,0.000970136040377426,0.00751686939239579,0.00290704144271621,0.00317156003418991,0.00109274286133892,0.00326228725830178,0.000837035285630943,0.00137904026947432,0.00135680340328176,0.00123952047987676,0.00217780111320064,0.00126891940705714,0.0068448626426247,0.00107099727016748,0.00129564851158431,0.00104523047568634,0.00320265798676871,0.00328255204907781,0.00129435009516335,0.00303439061234903,0.00122614862976927,0.0011571521338621,0.00137278364291048,0.00607793766082802,0.00131752379443333,0.00291255460623053,0.00368194063126221,0.00109643594337459,0.00285963669646691,0.00123605637361751,0.00105946871520075,0.00113358941022258,0.00103229734498229,0.00292493738726407,0.00106967934618235,0.00113792505315938,0.00274661052671455,0.0010276867700708,0.00383027475926169,0.0032021839388009,0.00108229958556113,0.00291810505169391,0.000859509597477237,0.000928386886495211,0.00108898581648414,0.00113154523801195,0.00102807093600259,0.00122095344907395,0.00108835505592135,0.000837994291883177,0.00290345194889305,0.00109854369349701,0.00259221045866226,0.00134626558011324,0.00296290283017617,0.00110289378011003,0.00104712711508644,0.00292409401077929,0.00110496231453954,0.00292410316076746,0.00106177637827523,0.0010688784075622,0.00207132853014197,0.00105735981668171,0.00692903236080161,0.00148610180719261,0.00289606152834807
"DU0017",0.00110895473466321,0.00206631859166998,0.00339402777673238,0.00109454719159991,0.00338539733914494,0.00110292788525759,0.00161870513392577,0.00172298866262684,0.0025837579909204,0.00200872406283133,0.00262511702932173,0.00161776907031066,0.00109586677856926,0.00120338510118385,0.00105754479581861,0.000947724520919452,0.00164727715627022,0.00242351870497931,0.00397297296586364,0.0021962403584357,0.00216145509649575,0.00220129789267399,0.00110154281991154,0.5,0.00335331499690444,0.00192366891778943,0.00257288371741277,0.00276281971409625,0.00237012699064946,0.00117375909536805,0.00104960098155291,0.00150763953238355,0.0011353351979368,0.00108186011156656,0.00105667200584929,0.00120621864527734,0.00152297971739521,0.00162136518634228,0.00354575337187924,0.0016183894104864,0.00432624123156559,0.00208984493461786,0.00362272146877873,0.00207558493287599,0.00111219644483225,0.00214880585545878,0.00359834955397985,0.00462063519638767,0.00227012240102118,0.00202825407472086,0.00300073498813461,0.00214175303887896,0.00210133633950889,0.0030279369881792,0.00208196296998781,0.00284866826018095,0.00106152563139541,0.00211297727233461,0.00290709680071868,0.00216143262331902,0.00106740028564326,0.00356764710379164,0.00324043119579099,0.00283125089290765,0.00104970809711179,0.00366961402026165,0.00297252274716074,0.00111099569044386,0.00111920424783267,0.00256463161664069,0.00322029331490402,0.00375174444498198,0.00350967509260141,0.0010901151369753,0.00121443579584816,0.00222306853080481,0.00113881818792543,0.00250187482432424,0.00265990933726869,0.00160570581655188,0.00115806419970703,0.0012028541689693,0.00158527959673395,0.00115268762560485,0.0028876732499424,0.0021357353551362,0.00364149607035936,0.00224248135743704,0.00481919483424426,0.00171392660436142,0.00263085827754131,0.00182247222311175,0.00183839021045614,0.00101048986994474,0.00104721193240642,0.00214595091295615,0.0023838091681481,0.00215633362970618,0.00448931399614955,0.00371190327096321,0.00479673353314277,0.00200825971848998,0.00113183715534415,0.0026872305472352,0.00197757075512012,0.00370876085223063,0.00378194555471778,0.00372571940420093,0.00260506032158521,0.00216252053356168,0.00257383482003468,0.00160157307755724,0.00260237414103611,0.00108480362848209,0.00121661744374308,0.00108753526857882,0.00104373763464758,0.00104644660388121,0.00109152726131743,0.00112194800027883,0.00109526430075942,0.00195752350251347,0.00201492540567064,0.00109635552594005,0.00124819696686753,0.00353557488028454,0.00263273434967973,0.00288376825252161,0.00107441013704344,0.00206672339044741,0.00383440891622541,0.00296217457642135,0.0021565521489289,0.00374774007872003,0.00213472187887111,0.00212874555464655,0.00267041462403644,0.00245505561576251,0.00257060993867373,0.00363505805646505,0.00246843379852632,0.00201073483383645,0.00214976761969081,0.00208201439433218,0.0032805410397251,0.0010634288422407,0.00226679145879534,0.00269634093070165,0.00211325768478692,0.00111732119753581,0.00120678755247621,0.00284982499793,0.00211617808970231,0.00373273096574903,0.00481819692135084,0.00105720833120922,0.00235844491121885,0.00198838901983378,0.00149577356971995,0.00210488984553433,0.00218376685867281,0.00195960749135009,0.00360867785509871,0.00345258428012764,0.00248771483102063,0.00255692238944214,0.00109673996631775,0.00104854537817087,0.00298279254744778,0.00114118989976995,0.00423229525080517,0.00314517980909952,0.00252861398520148,0.00114045399496577,0.00155683000153365,0.00213628063904791,0.00219882968245692,0.00382211098341908,0.00203720575079258,0.00303837754997411,0.00309088392454995,0.00301707304651589,0.00292903068332556,0.00215490392511096,0.00335378999275908,0.00288458734083934,0.0024920169070161,0.00273326286541451,0.00152410216014398,0.00115761712796907,0.00359219511246205,0.00214207555198761,0.00222083470922055,0.00209586701729025,0.00414244764309978,0.00310550369090755,0.00279979801728614,0.00343276198268592,0.00406280682991918,0.00238871858966026,0.00212366079222718,0.0041823469054838,0.0025108237336614,0.0020068899666992,0.0020311364550357,0.00486287321714933,0.00258973616153078,0.00213998103430289,0.00298502283683055,0.00215364913901552,0.0012846407033429,0.00327513377929969,0.00182766521717534,0.00300631934110207,0.00251379264239353,0.00278594392998341,0.00210423991263654
"DU0018",0.00169302876744498,0.00122078555666993,0.00283030086017508,0.00123040895506198,0.00366934075533815,0.00147508666293288,0.00185434936567711,0.00223777154032452,0.00177673991930077,0.00201332821909569,0.00257561569071793,0.00212487049180901,0.00166570884652891,0.00215081071868072,0.00213508531038282,0.00186625540096673,0.0016730212659488,0.0013288045893425,0.00380555853094117,0.00134570151759877,0.00126016298003768,0.00134400526875383,0.0011800783993109,0.00335331499690444,0.5,0.00270009749112006,0.00222583377534803,0.00260511241237324,0.00161907322542465,0.00220966914592274,0.00120000026530328,0.00219518353585269,0.00217907353622032,0.00214161605387241,0.00162614241028393,0.00215348181702323,0.00268722508433383,0.002087196335372,0.00335696349499127,0.00186983126032694,0.00385684511873941,0.00162374038286905,0.0030600440286645,0.00166327907366719,0.00120140471927149,0.00125521558967819,0.00301449085843301,0.00303556052424049,0.0022250644321477,0.0016286090744322,0.00335154610929097,0.00165183705371357,0.00123331745566289,0.00278299987206404,0.00122887215779796,0.00331524011796493,0.00145707229238703,0.00288868107809381,0.00262836335708513,0.00126016024236448,0.00120439862292333,0.00256337912074533,0.00215599891790808,0.00244235032972404,0.0016595688877419,0.00309333677524662,0.00299630407206748,0.00122519500655416,0.00119319917231475,0.00279465347662236,0.00383557833210682,0.00394925950870818,0.00209834859356886,0.00118024530751226,0.0021846215617255,0.00307315026504259,0.00219028415262151,0.00207765154046034,0.00402138836178203,0.0025545252225401,0.00220484868320751,0.00215227465148002,0.00216894028653023,0.0022143511302729,0.0022545807006027,0.00164804423377618,0.00307966773625757,0.00256732848780404,0.00365256289557039,0.00221527832010504,0.00249173461973756,0.00209810770119961,0.00250802356647374,0.00220320825913,0.00210165194507499,0.00125350158497914,0.00228318730348138,0.00125851889980131,0.0029001964085496,0.00270128360344765,0.00319836913237442,0.00159428896104932,0.00217715665326834,0.00222160343982964,0.00157905456762917,0.00225277080892575,0.00362723973980071,0.00411737680022863,0.00260993564281985,0.00297102532988282,0.00244274682729985,0.0021046378168639,0.00298990313047804,0.00122957024097507,0.00213925461616057,0.00216083540581132,0.00164279329342949,0.00165269387988972,0.00167288634932989,0.00218697492794279,0.00166272249481922,0.00320908136994118,0.00159375351510461,0.00215341038141184,0.0022217818809934,0.00365916084815573,0.00225429327067707,0.00221231854696639,0.00163300895184961,0.00286953925928253,0.00326303918734698,0.00335132319223823,0.00125822364012717,0.00310508008960063,0.00164695205498881,0.00164499814371056,0.00245722081214497,0.00315514688035569,0.00340107157038296,0.00347087133054333,0.00290061966977273,0.00158657262738598,0.00125541432167836,0.00161603912088982,0.00268365389046873,0.001651193016331,0.00173039430308494,0.00269064133758597,0.00163529908321233,0.00148372259727694,0.00184304108377033,0.00323802652903149,0.00163624062812634,0.00360215767726039,0.00365493980027585,0.00153604061281879,0.00166549825249945,0.00268978904272695,0.00174562059617915,0.00335518265885755,0.00296920506917721,0.00273309279769668,0.00298916785587314,0.0032742519165927,0.0033926103628477,0.00214580994405424,0.00217908475238113,0.00159755083652089,0.00277099696235137,0.00220557344486432,0.00315797571028566,0.00210579748576752,0.00244554966413483,0.00123312878891512,0.00271919825484853,0.00164794823235191,0.00289665310814807,0.00276604927510947,0.00160375663751034,0.00292071653771331,0.00287528012216609,0.00284675461815244,0.00224565449576009,0.00125755236095922,0.00314867475576106,0.0023137673964252,0.00252189618512751,0.0024746995047955,0.001480815816599,0.00170091197525521,0.00341872861270414,0.00125206870588816,0.00170387857573953,0.00165346177705502,0.00304766985126307,0.00254508250198841,0.0025577558052982,0.00458983041671259,0.00390501041929376,0.0013209899921481,0.00163970596300487,0.00402160861046502,0.00294458270245624,0.0027778377589104,0.00160399781429062,0.00327516453403653,0.00218430691268389,0.00125062452941066,0.00331582568952716,0.00125733829401544,0.00217738891545413,0.00265582990786988,0.0021788950299794,0.00233659368701923,0.00207756296076579,0.00272234208813287,0.00163003520360879
"DU0019",0.00175673039542494,0.00154587746151735,0.00302214440952636,0.00167180635046603,0.00244058058168365,0.0014230953021791,0.00389744641199719,0.0017033353940668,0.00318789858468059,0.00152508514151792,0.00382487933685983,0.00210170629200194,0.00226230405568512,0.00168726466424991,0.00170520876099961,0.00190558160857281,0.00161285145160835,0.00111101383853267,0.00231484095378646,0.00127871596748445,0.00120123781246144,0.00127716832531436,0.00135372871302641,0.00192366891778943,0.00270009749112006,0.5,0.00367048386341019,0.00369841928267341,0.00107756011877531,0.00214957475299445,0.00251963204045438,0.00429387247326887,0.00216035762958577,0.00216566824722804,0.00163907226921478,0.0016644483987159,0.00429837209278555,0.00435478493363183,0.00259666217266761,0.00390745752546039,0.00238352132851574,0.00117334536961418,0.0024908193253821,0.00158684381818036,0.00147956364150255,0.00119765631401398,0.00256232625872797,0.00175995764086337,0.00198278064327626,0.00155187862011233,0.00200966993710222,0.00119328808197524,0.00155681449797789,0.00318939253832504,0.00155396246195076,0.00308386959656905,0.00137922682578165,0.00356602541306419,0.00347654261932745,0.00120123691076879,0.00163518040501114,0.00177049987988829,0.00172327023875578,0.00181163677824111,0.0016758084271957,0.00249759696140659,0.00212720281223509,0.00165140286348313,0.00140462561892496,0.00189173791766669,0.0027935276721419,0.00249900418847999,0.00140073629637594,0.00115217122576635,0.00221050286931371,0.00342780685455706,0.0021820784757318,0.00203454439037069,0.00351995149790015,0.0039966867385814,0.00215498304671225,0.00168781439749055,0.00215104716143344,0.00215584874069903,0.00376067186880871,0.00119170829573826,0.00247345487466097,0.00325712328603125,0.00186970666466624,0.00413251549210196,0.00336301802923068,0.00356586969323091,0.00352259060432527,0.00226877005453471,0.00213250150940885,0.00119662851553755,0.00239793708252196,0.00120145227323517,0.00170503205067336,0.00179167173168381,0.0018412541451598,0.00153122881804052,0.00215976964601135,0.00182518158819948,0.00153103687775834,0.00143282401278144,0.00236009693990738,0.00278516968455579,0.00187276944076124,0.0041870669765288,0.00368813725759389,0.00194398166642897,0.00278092849664736,0.00170913945934966,0.00166651584788749,0.00215411216044564,0.00165228562492919,0.00213115307277781,0.00174429057224636,0.00221594948071051,0.0022791588216102,0.00444037102430517,0.00153268892214682,0.00219970595723886,0.00219353099933575,0.00235346609086651,0.00335314213228537,0.00345532383531096,0.00218231033704636,0.00391200140260474,0.00286525332150969,0.00257289156741096,0.00120032865933771,0.00221987467422939,0.00119085106062512,0.00118929028931741,0.00360802946629256,0.00297610613966633,0.00319926187517847,0.00283342808291078,0.00314373195044982,0.00153009547670484,0.00119843896977411,0.00154721416245559,0.00279898526158447,0.00172190397987306,0.00163434474310175,0.00249525500878299,0.00155978123826036,0.00140879921472587,0.00184722434736335,0.00251397220479655,0.00156212381214392,0.0024222448078865,0.00187017960525092,0.00149403749688155,0.00112162872324579,0.00443954598142058,0.00429457641313787,0.0039363707180172,0.00359996663530463,0.00386924110148572,0.00173013487896623,0.00259629653777618,0.00314981426777239,0.00311404670602329,0.00215009746530818,0.00159797741814769,0.00182845203586424,0.00216796856856759,0.00201262450542353,0.00171015242167194,0.00163706669763482,0.00142359616266154,0.00422009449261752,0.00119057835149405,0.00329643302105509,0.00187527853971578,0.00153375682926986,0.00326872069071211,0.00328937877194392,0.00327442723686205,0.00295399397527429,0.00120053401733525,0.00275895192637161,0.00345005086018108,0.00235543303308801,0.00366077486239912,0.00171086387764398,0.00219302482062756,0.00250562218229586,0.00119390227419019,0.00154430386136798,0.00158388379666817,0.0019666775425766,0.00324606577743283,0.00376794251093461,0.00310353758344345,0.00223731202465421,0.00110222658842582,0.00118570037611157,0.00217581014628018,0.00319679460076965,0.00441923874521951,0.00153782101197242,0.00188056706767199,0.00318785529326781,0.00119029074149231,0.00312631634245572,0.00120026540665012,0.00220481189662207,0.00288576338672277,0.00450993881768531,0.00336880820555272,0.00170266874671491,0.00244555825057584,0.00155562759238179
"KL0006",0.00151297729515188,0.0020336089015497,0.00332348284711631,0.00108504414032246,0.00170349514613912,0.00105989162214879,0.00415885511091392,0.00216379894344206,0.0049305803900401,0.00197099279256798,0.0041312288840003,0.00161457947420438,0.00111934561677186,0.00160618639974321,0.00107118078132619,0.00102944948836991,0.00162794371828156,0.00235695938770624,0.00304026341530909,0.00218631135581247,0.00211093744004399,0.00218821505984621,0.00103987731025958,0.00257288371741277,0.00222583377534803,0.00367048386341019,0.5,0.00390010195097256,0.0023056203181678,0.00157542207705733,0.0011094078032138,0.00398712944337502,0.00153218170007861,0.0010992982999271,0.00107704335582739,0.00160895772129693,0.00438953517415281,0.00399994367422882,0.00330881084597637,0.00410551519727395,0.00253607234492887,0.0020643521468329,0.00319901442459169,0.0020938195074622,0.00108355478497446,0.00209949164222834,0.0032800769291816,0.00246956777310328,0.00125466420838764,0.00199453210645566,0.00185599982828037,0.00209122808313213,0.00205666852866064,0.00386993758779305,0.00204286176575747,0.00236362176773271,0.00106266482367212,0.00283088369972965,0.0042418701626267,0.00211090642289346,0.0010846642492208,0.00219659928044538,0.00213760219397218,0.00133286080824311,0.00106848801741325,0.00321704978422766,0.00174536337100475,0.00145762064664453,0.00106127642086703,0.00173901429230644,0.00152668799070213,0.0016037294738366,0.00224342525321282,0.00102743232163362,0.0016259736185183,0.00263212944220765,0.0015455354314055,0.0024556404311994,0.00265379810877053,0.00374520288410634,0.0015608706570734,0.00160713755756349,0.00158360786211642,0.00153999595603539,0.00405068950606817,0.00208666353853489,0.00318111597404777,0.00273781804960854,0.00252147885937536,0.00438282880093911,0.00464046639012237,0.00334570499853596,0.00322781981926596,0.00142471614247194,0.00106704272695612,0.00209731590356308,0.00123910777999124,0.00210822702233307,0.00244773251954093,0.00217182621608308,0.00253251822978161,0.00199689498621976,0.00152804341671635,0.00124522868301568,0.00195234003942655,0.00226733723926973,0.0030661748390531,0.0019416886076709,0.00123189007835511,0.00327222401464783,0.00469574372614413,0.00133339983346571,0.00223082263843791,0.0010856852158917,0.00162143869800584,0.00109938372734265,0.00106092106052416,0.00106213895487045,0.00149961107230679,0.00152185079413774,0.00149984168089732,0.0035935134337145,0.00199089381687137,0.00111078511485095,0.00170857623714355,0.00158016084474001,0.00420426338310804,0.00426139129496738,0.00108331239872404,0.00309043916171689,0.0015438182169638,0.00204547490610321,0.00210704962532458,0.00149926676085124,0.00208497311835919,0.00208602251745434,0.0040644228651963,0.00237148901708286,0.0024537523699153,0.00315898463834743,0.0023979318315017,0.00198148657163778,0.00210110313469878,0.00204002482535831,0.00348187999987362,0.00108534600253154,0.00208118036762507,0.00168238715890991,0.00206249038807084,0.00103098431623515,0.00168539483240893,0.00201193442217688,0.00206668897283257,0.0016672133365339,0.00251762596858396,0.00106958625077841,0.00230378520596381,0.00389946162954707,0.00404330391599919,0.00311525269195131,0.00282986222599014,0.00313768968212491,0.00142650032546221,0.00328820164067802,0.00234778589278236,0.00486033595888487,0.00147458107412601,0.0010730533223876,0.00177468443539426,0.00154062817658204,0.00230449099521805,0.00216099644683162,0.00121472571791811,0.00105673789244445,0.00439260552050079,0.00208563071464632,0.00263854884182566,0.00226377797526629,0.00199948514913798,0.00348089074359778,0.003582458938852,0.00352184442645262,0.00370363682265361,0.00210624064419013,0.00345242700886238,0.00369544612257738,0.0012021467240491,0.00426042340964172,0.00130222919003833,0.00155340202375546,0.00321109620872594,0.00209270769048682,0.00221153491876969,0.0021048347705516,0.00230492176293327,0.00350631273058501,0.00414464910806167,0.00208803850285391,0.00295969523311829,0.00232733642211853,0.00207454276390336,0.00270687020847223,0.00241122152319764,0.00354093925085379,0.00199988155373343,0.00255128971305487,0.00493055312330134,0.00208935488812837,0.00294072778066309,0.00210477232376188,0.00172312151376232,0.0035811811072162,0.00361830695220854,0.00406913426059915,0.00120126044159081,0.00175471929877431,0.00205495645019443
"KL0005",0.00149261217888189,0.00192570267879266,0.00343610147663798,0.00142444314386629,0.00221947568072226,0.00104729545778173,0.00348511108667166,0.00169949375930549,0.00382721704371292,0.00153131563456513,0.00406828381538515,0.00198335606693425,0.00148063546164184,0.00157544763570053,0.00142307708878443,0.00101125435341255,0.00197740811675223,0.00212480497383208,0.00313908954292798,0.00207834257147184,0.00161754437837636,0.0020839421943357,0.00110658840548722,0.00276281971409625,0.00260511241237324,0.00369841928267341,0.00390010195097256,0.5,0.00206901936190585,0.00154360351431183,0.0012896006891827,0.00334042435642565,0.00150143352343849,0.0014601950938275,0.00137876956113468,0.00196332269574323,0.00337221337791996,0.00349764303240348,0.00340715884579575,0.00349526083137407,0.00280995993135997,0.00193332893747084,0.00329998378551426,0.00200293034299293,0.00125652526043515,0.00198038894706104,0.00337733282894402,0.00259267427272209,0.0017091633996375,0.0019375061583701,0.00235034204269806,0.00197261724413082,0.00194275892740742,0.00394152725220455,0.00194034451582932,0.00289146113264705,0.00105775089825845,0.003323789462483,0.00410446770326164,0.00161753405865626,0.00106860205693838,0.00217482392281344,0.00212006090563495,0.00158421112719079,0.00106317115833163,0.00331412504769548,0.00190403659500848,0.00144372177450441,0.00118806878200778,0.00179926185321256,0.00216527288196561,0.00228858628493228,0.00220888898236743,0.0010992757344089,0.00161191463531356,0.0031788686115609,0.00151889964538713,0.00239985845015187,0.00285310879861849,0.00355286185844334,0.00152911374811529,0.0019637493649044,0.00155213260047164,0.00151148064063913,0.00409689452737076,0.00196895921829515,0.00328162040457749,0.0031301745233944,0.00269462487722004,0.0037367397845021,0.00397626150975602,0.00317246471063739,0.0031794820852112,0.00140203506391248,0.00141930000400241,0.00197824015275803,0.00170346514478162,0.00198815428463982,0.00254154955520861,0.0021982388389134,0.0023126668525527,0.00190206183092,0.00149808040649953,0.00161004361220491,0.00190341970879143,0.00224635969602193,0.00316498752281065,0.00216482407702104,0.0016394442884591,0.00347172058617692,0.00392024545739368,0.00165139078201809,0.00256559860415442,0.00142549352926812,0.00197381920194918,0.00145630161413911,0.00105442527884171,0.00141117574178478,0.0014766074415284,0.00149383434186668,0.00148808627121957,0.003723351356773,0.00190434279060464,0.00146767072435575,0.00198958198449577,0.00190750837160498,0.00401285704203199,0.00408152382982701,0.00144295176884094,0.00364522784154058,0.00219483057952017,0.00236283503030679,0.00198705164152394,0.00202106708182959,0.00196671473366077,0.00196400544524439,0.0038318688514169,0.00258966178415938,0.00267871124702727,0.00289673283453911,0.00282558798688008,0.00190216463333432,0.00198182796412626,0.0019277388536471,0.00358127929858698,0.00144203771126343,0.00202273035144778,0.00177443995021019,0.00158160503595665,0.00103367794314811,0.00160247071850614,0.00231846768541596,0.00158471849136743,0.00226704404366686,0.00269372795698487,0.00106275032589496,0.0020479380495165,0.00374750327849131,0.00335326398074176,0.00327953366930421,0.00303821254859128,0.00331135798729626,0.00172748499048574,0.00338720326357888,0.00291367121527776,0.00375277249337814,0.0014493110212125,0.00135039015295355,0.00220086913954029,0.00151713720609154,0.00242949534865794,0.00211694362616409,0.00130173445665763,0.00125784858654624,0.00337118015580465,0.00196746520840419,0.00284703684091234,0.00229264279765984,0.00190027891916478,0.00364797987397832,0.00367012593654155,0.00364924966027374,0.00335117194772207,0.00198627481999166,0.00355203881168446,0.00380137266758506,0.00164805217739833,0.00389506768587103,0.00151850587733454,0.00154427179390973,0.0033083868960486,0.00197431027093536,0.00166717760437327,0.00201729454666884,0.0023898330745904,0.00362818082569328,0.00399748605781483,0.00246233285115312,0.00305417801526078,0.001761595396304,0.00195725915009039,0.00299310338422215,0.00297699576639665,0.0037125391467414,0.00191575000639635,0.00272125213026072,0.00382863335769163,0.00197208737290582,0.00352542161555181,0.00198532888199828,0.00206073585380839,0.00367716914104133,0.00362104694426957,0.00375723271812004,0.00143577857066964,0.00184828599520209,0.00193946948473351
"KL0004",0.0010087541572732,0.00224668754183146,0.00230397671309618,0.000938748304926034,0.000905822560247288,0.000845465270208879,0.000968249075126349,0.00571962721871009,0.0024031609653597,0.00216709146162024,0.00187084647870513,0.00159688909129858,0.00102014489005691,0.00154720899064374,0.000947871333379281,0.00362887170711709,0.00209354491401322,0.0493412236110204,0.00235470882684198,0.00322302624009475,0.00234879904646438,0.00313742461788098,0.000845130128199314,0.00237012699064946,0.00161907322542465,0.00107756011877531,0.0023056203181678,0.00206901936190585,0.5,0.00110386552211628,0.000978016538095319,0.00102610629667967,0.00106206803558831,0.000978008668787326,0.000923364166375991,0.00159606386470599,0.00102096555931028,0.000969561505886733,0.00235858588399608,0.000962619141796674,0.00221836498143075,0.00227721309665529,0.00233432991465524,0.00346653700472824,0.000884636387105275,0.00233330299349826,0.0023639846118739,0.00235786685907275,0.00102296091893263,0.0021729087711439,0.0016505657337006,0.00232482845650752,0.00228975385381581,0.00232787135554075,0.00225816093751335,0.00102454450893141,0.000860945911550583,0.000957736671502849,0.00234837066434834,0.00234877839707449,0.000925240466695286,0.00228813103005351,0.00223993166023627,0.000856067479684177,0.00093447808037631,0.00235800925197524,0.0010200318755348,0.00101125225740747,0.000848976944085702,0.00162133209596559,0.000995368482685629,0.000971255695892314,0.00237460277490704,0.000892723914903181,0.00207235511848377,0.000965154162605639,0.00147325202131017,0.00229516702709894,0.00107682917571954,0.000956661881054519,0.0010903552514911,0.00154682917102255,0.00111102725855728,0.00107435157711552,0.00228825007299377,0.00231853385620008,0.00233537786048392,0.000939904597958486,0.00233662739304788,0.00105704996909668,0.00231996815078614,0.00087933376224499,0.000891797062640008,0.00368191808805985,0.000938382741890693,0.00233093561313801,0.00101360218342635,0.00234376342489494,0.00237677953587782,0.00221842256406427,0.0023802926195078,0.00217207843326167,0.00105900360285964,0.000937472939185695,0.00211527731684561,0.002375508653937,0.00231291122852602,0.00108733683659744,0.000938656530279478,0.00107680741480131,0.00228136969724005,0.000836499901245948,0.000901267894151875,0.000944551706485567,0.00155872360885404,0.00100905966279974,0.000925719623668348,0.000924850293524037,0.00100307550293542,0.00105523485242542,0.00100031154250548,0.00149333142591345,0.00218556128886707,0.00101857441626239,0.00497180755889036,0.000944823697898634,0.00238095308651725,0.00234355836070913,0.000942106154369009,0.00105348371271527,0.000998451766085421,0.000894284068171638,0.00234362044452099,0.000958930390584205,0.00231650699345688,0.0023108894634115,0.00218485702486118,0.000916894558442625,0.00100207618606283,0.00232121283502828,0.000968702103468192,0.0021684380510971,0.00233515315549299,0.00226459124170026,0.00233031538065315,0.000973654728658379,0.00214886006431252,0.00104086033454049,0.00229917360405308,0.000842473363319837,0.00564257897941272,0.000891102832894043,0.00230261725791874,0.000943648602631956,0.00232894681014622,0.000893991086349069,0.0310155397106379,0.00163321856237756,0.00103126391323233,0.00149051904257902,0.000960619224004597,0.000966375305593025,0.000910638756014193,0.00231076501865638,0.000979286768922565,0.00240479686539488,0.00102603798607927,0.000916735701404295,0.00174786703006489,0.00146897755431142,0.00220606564128898,0.00230491823166985,0.000911947164168724,0.000896198040495384,0.00109683883797413,0.00231837445182022,0.000918370491669442,0.00228568950912734,0.00219749152583592,0.00209125970012701,0.00228811783413939,0.00219006777082647,0.00237084450578418,0.00234151175274919,0.00234461192562137,0.00219333746754311,0.000914027970152205,0.00225489040793005,0.00107416987770798,0.00146184488123846,0.00233253490642136,0.0023257156713232,0.0143178469101811,0.00304799125612235,0.00223763170106515,0.00223686533832366,0.00224283806823759,0.00104949566585132,0.00232814457809672,0.0382038695077006,0.00230539877512611,0.0023312607758294,0.000990857358202306,0.00107240429941518,0.0021961216063672,0.00237487887219555,0.00240773924139339,0.00233041299225255,0.00174358299749546,0.00233835603483252,0.00242076868448739,0.00236188983594146,0.000995469044311041,0.00237104977627127,0.000910235086409681,0.00151553166055943,0.0022884239983853
"DU0087",0.00386363688243757,0.0035267298365453,0.00116798617824671,0.00370070223788493,0.00103224783348235,0.00320584666908527,0.00117447144317596,0.00222998578925496,0.00121672885916007,0.00351167520334758,0.00162861903685965,0.00411733973049617,0.0037750809374432,0.00419980847131726,0.00377154891265541,0.00199418587733439,0.00363785889108008,0.00112853638612053,0.0015626962514296,0.00131760685855078,0.00319684659290671,0.00131957983347723,0.0030393491115581,0.00117375909536805,0.00220966914592274,0.00214957475299445,0.00157542207705733,0.00154360351431183,0.00110386552211628,0.5,0.00390359408310794,0.00221154840768584,0.00427356178493154,0.00418929693775106,0.00370865569720718,0.00415375766428404,0.00219860406605038,0.00159405042310672,0.00116863226494061,0.00118989342770848,0.0015375333889898,0.00353979955164276,0.00116766479481371,0.00164277368633396,0.00316389125237395,0.00318253896296682,0.00116953173155767,0.00117572857526481,0.0017623628601861,0.00354605415336854,0.00217753964216109,0.00357729817196879,0.0035496532614025,0.00156438054128555,0.003143916226449,0.00149936222533843,0.00335029989934181,0.00152503182139793,0.00157841928477665,0.00319685330401321,0.00369679219326927,0.0015755769956717,0.00157740620458993,0.00102280986793378,0.00375384041850422,0.00156652923173462,0.00168599872377518,0.00345007458205232,0.00319192767635757,0.00219233930753345,0.00165919853577978,0.00164108037828341,0.0012133492284814,0.00327404134622324,0.00225049915022185,0.00160326970035442,0.00425081184073398,0.00166851030928361,0.00216287662330911,0.00164920369865244,0.00430816091353372,0.00420170721937889,0.00424611563850267,0.00426475629844527,0.00117539442538345,0.003173720267906,0.00116623727861459,0.00112244762888617,0.00155896579637115,0.0015426489876992,0.00157440916054343,0.00108565842673962,0.00128089903568638,0.0023417665629984,0.00373403907610403,0.00318320629718277,0.00175629734064462,0.00319113039970251,0.00118132387900645,0.00156063015108932,0.00117727802769263,0.00348713599869413,0.00427344877108868,0.00115327126785934,0.00347793876454561,0.00120694092475618,0.00154890501067012,0.00218367824161567,0.00161821454738778,0.00169611643727248,0.0015772621357616,0.00163333062245183,0.00108365474988952,0.00332558485583407,0.0041670996514464,0.00377488478594976,0.00377431947409994,0.00373034129614049,0.00385504595084654,0.00429519169887306,0.00376780401939217,0.0022030720012831,0.00350535471786523,0.00424149754797461,0.00224297863473611,0.00150461881102372,0.00160874315033402,0.00118511605573575,0.00371950901406067,0.00167759684233635,0.00162349321958162,0.00102889657121424,0.00319115143070151,0.00111628167455577,0.00357031936919056,0.00356747288435233,0.00155540659863399,0.00112313840155414,0.00158570081700823,0.00155573124419478,0.00143141698660724,0.00347735429364988,0.00318525300929377,0.00352924225757612,0.00156168168531227,0.00378361244283649,0.00152539938494751,0.00171810157656998,0.00355931850979352,0.00327875316142969,0.0018846209295494,0.00110954044745922,0.00356308414130438,0.00108694729206122,0.00155606059131143,0.00357888752242172,0.00114741201687433,0.00213834750986052,0.00176710158745103,0.00218062636053472,0.0014989455719518,0.00156002479221738,0.00114237258801245,0.0015509111317431,0.00164524579224815,0.00162817419064878,0.0042575148205882,0.00368931819166317,0.00215073590770534,0.00422850068749828,0.0015505800633544,0.00159939495004414,0.00142350034425754,0.00348200136619015,0.00229483522864905,0.00357230192003849,0.00113140940734665,0.00156657630743148,0.0035032444521967,0.00157155530898993,0.00154497701693736,0.00151813038909289,0.00119034630080794,0.00318923922691522,0.00116922980561634,0.00152235077815627,0.00164087768098619,0.00155370268954406,0.00119311411360483,0.00418116252891589,0.00155959127918182,0.00318136762477758,0.00161432887924813,0.00164443101601335,0.00154555550915523,0.00114987920432591,0.00154230493173126,0.00213307540580935,0.00155490641871306,0.00112414339541524,0.00355986142210081,0.00156027066613486,0.00155391895198067,0.00168790634272757,0.00350565645266029,0.00117448565034358,0.00121970160058014,0.00318710900091492,0.00163391611417411,0.00318818418173056,0.00224052606474188,0.0011745293174682,0.00163828976523824,0.00118611954057037,0.00116214416698563,0.00215012436764572,0.00354878238403764
"DU0085",0.00380252548305672,0.00332597574808268,0.00107256867605673,0.00396242536788876,0.00174476435349483,0.00369861607926922,0.00160250438352513,0.00112404374788166,0.00116441916048846,0.00330211987326981,0.0011353003697127,0.00375111975768499,0.00643813463058137,0.00384173888927408,0.00406089475946939,0.00205953191464262,0.00364015562002933,0.00100635431973295,0.00104850204221754,0.00110028017716742,0.00337898036269671,0.00110776853241387,0.00354455513659938,0.00104960098155291,0.00120000026530328,0.00251963204045438,0.0011094078032138,0.0012896006891827,0.000978016538095319,0.00390359408310794,0.5,0.00363889257384678,0.00388453613349571,0.00402186741295045,0.00409994725944317,0.00370792988584687,0.00257064125583153,0.00132237009399602,0.0010613774524426,0.00160427478330054,0.00126119894903665,0.00332968125953121,0.00106277172098759,0.0010726721905299,0.00436074835796972,0.00336394674149052,0.00106086724951657,0.00105111114582847,0.0016155401075129,0.00333550005265242,0.00139245452696813,0.00336095833736433,0.00334212772294065,0.00107572850284546,0.00333089024755539,0.001631434892997,0.00436321776444757,0.00160306830280494,0.00108993970807776,0.00337899148131585,0.00426205624506969,0.00106877522698339,0.00108169622749214,0.00129120639345198,0.00405086288369327,0.00105746573354436,0.0012644655661927,0.00421906256056468,0.00409392353584861,0.00142771529438732,0.00153109143429281,0.00131177653353836,0.00109028766063478,0.00380813733130266,0.00168240531250628,0.00159137344757327,0.00399541762842232,0.00145248764027103,0.00165750146651899,0.00167049496926139,0.00388685323087837,0.00385932750668658,0.00385143686295654,0.00358582523440366,0.00108983444638732,0.0033551041515684,0.00105683220668142,0.00188194385780434,0.00104399751737241,0.00165440218937373,0.00110060583889741,0.00135614160427263,0.00139152540041427,0.00206384519967554,0.0041100044697296,0.00336496556619251,0.0016030392650182,0.00337292981229452,0.00105337123993389,0.00129022892815,0.00105111180849235,0.00351312750428043,0.00389171703204818,0.00155136690895934,0.00351103640954968,0.0010803500416295,0.00104939102940675,0.0012219333597154,0.00161647799040445,0.00125201504040281,0.00111868867342784,0.001800001912683,0.0014488351851064,0.00373893934879117,0.00378379832369761,0.00392188297280544,0.00421498472430199,0.00411378628564142,0.00404892836501795,0.00416739311165484,0.00509878229629438,0.00168391298856239,0.00352634404334217,0.00415561689175292,0.00139664615973994,0.00131300728740179,0.00112016568222208,0.00109434346150786,0.0039650345533309,0.00128496002301477,0.00123792062653734,0.00137000072594003,0.00337294580849938,0.00206496835948291,0.00335523534852254,0.00335283429778858,0.00108793510547916,0.00156104595750106,0.00166251399323693,0.00105721266880101,0.00246114724976619,0.00350033570452674,0.00336692100782346,0.003324943797082,0.00107237461134272,0.00404093389015732,0.00160260760770897,0.00148700984664368,0.00334939467235949,0.00354037504552784,0.00124655238358127,0.00139528884519822,0.00335297930354432,0.00148833564119046,0.00104243967546419,0.00404787399424968,0.00097795796407299,0.00119804007277714,0.00608566291536277,0.00162107626715728,0.00173197544034029,0.00162184473502801,0.00133263841212893,0.00105928788568242,0.0016336627123889,0.00119037097783706,0.00396629053438202,0.00379692976060121,0.00115392337369117,0.00382324961738402,0.00103863825344092,0.0011021118090573,0.00190880474467431,0.00396722682429907,0.00166516218766215,0.00335704911546036,0.00155214244741677,0.00105972228378494,0.00352648881188853,0.00109038753781066,0.00106987614193044,0.00105615516207943,0.00108908747029399,0.00337091154665255,0.0010659374986921,0.00127721463447765,0.00156356595582679,0.00108482005806649,0.00170021684326653,0.00380635125815964,0.00106472154702218,0.00336333885041937,0.00102773122865908,0.00130345641194213,0.00104869902547667,0.00106172031381042,0.00107166802920106,0.00151800346710381,0.00104642969451982,0.000974223843193785,0.00334658040920572,0.00105379350911779,0.00152723541061449,0.00147899995911082,0.00330374496175757,0.00104909253545854,0.00116809662789131,0.00337191947336272,0.00135951055533133,0.00336995962069234,0.00150097570002794,0.0010714053517156,0.00157393728659908,0.00108785240796967,0.00197874750820558,0.00118692351600311,0.00334022394518775
"DU0084",0.00189012014988511,0.00155007385964118,0.00260932858852673,0.00178422192065233,0.00181941883157428,0.00141786794748962,0.00490425426526047,0.00172839431741028,0.00551140732722371,0.00153713214469984,0.00395147069694654,0.00169409680992846,0.00251321631395677,0.0017308063515477,0.00232352222852933,0.00209045877051694,0.00162036071189739,0.00106204080115851,0.00172503235377834,0.00128376289166037,0.00119915888154226,0.00128109882812456,0.00126598804223918,0.00150763953238355,0.00219518353585269,0.00429387247326887,0.00398712944337502,0.00334042435642565,0.00102610629667967,0.00221154840768584,0.00363889257384678,0.5,0.00224220727489125,0.00236616339351161,0.00177010273079864,0.00169240152716925,0.00676657389819273,0.00505135690203568,0.00218076789827264,0.00466609019885726,0.00191331673952894,0.0011715111169633,0.00208467507804952,0.0015978125501619,0.00145308599766981,0.00119483021965045,0.00214929854453796,0.00143021178759725,0.0025022542217535,0.00156825576524542,0.00183759082644508,0.00119056129326219,0.00117464090604928,0.00277642523370464,0.00155604280567898,0.00270902485133942,0.00149318761493807,0.00323996406890641,0.0031746060453949,0.00119915899121093,0.0017298592892292,0.00126486093088344,0.00163353793820685,0.00146612758647236,0.00226870938178553,0.00208494338878284,0.00244875314305072,0.00175571017279693,0.00133894368876358,0.00179051572863239,0.00257747739003301,0.00260623129437246,0.00128618913468521,0.0011747902245845,0.00234556570143284,0.00354783519685921,0.00225209215462623,0.00201037122812047,0.003228870141447,0.00483134586436903,0.00224357620815897,0.00172797449646059,0.00173796778643489,0.00176956775411814,0.00338294416585792,0.0011889285586318,0.00206250964814472,0.00284632369899837,0.00147688202921211,0.0048818005175058,0.0036390343018039,0.0034288861510323,0.00336651201218529,0.0024077401418369,0.00233319446245969,0.00119390178556106,0.00245445109688769,0.00119880244787313,0.00140954788277528,0.0016460963992372,0.00147213639468676,0.00153647942460967,0.00225286307497348,0.00173692015936716,0.00155284598777065,0.00129546964589408,0.00176625741883405,0.00251296927483544,0.00186356779375005,0.00382260969712183,0.0041105360898844,0.00208577088653284,0.00229318773711131,0.00180651330683367,0.00170300471468023,0.00232051652205042,0.00181459869562478,0.00231220647030553,0.00236844411962363,0.00230282801086473,0.00242954862602597,0.00412682503247609,0.00153839515944526,0.00236531061633415,0.00179455891585418,0.00201651132017087,0.0032511359829092,0.00320179383117144,0.00229572649268835,0.00405749062597803,0.00257718645209447,0.00189027627605686,0.00119782173327637,0.00190178818181713,0.00118808496711912,0.00118657742846376,0.00350042518408463,0.00258423322528909,0.00287599660521176,0.00204873834649464,0.00276071680727179,0.0015386884476961,0.00119564833871106,0.00116775162641226,0.00237202200234703,0.00236259950550966,0.0015800666779693,0.00239129846582295,0.00117627337462066,0.00137874120779467,0.00236048109765593,0.00184232074586777,0.00117864445328664,0.00195132144424276,0.00147540285705374,0.00159688958380573,0.00106295828860616,0.00384211825598966,0.00783889469721682,0.00361334496465258,0.00322775562404026,0.00357657715497654,0.00138395068446696,0.00218367577012025,0.00333001147213487,0.00614011086396895,0.00229575953668801,0.00171985982807066,0.00173944697019856,0.00222512026407167,0.00174678692824323,0.00124910362142698,0.00160994438146148,0.00147105359195159,0.00657699259431702,0.00118792017512622,0.00291112065452792,0.00130308586285425,0.00153704498327151,0.00286617626412907,0.00250210966861329,0.0028650610700936,0.00264150161169682,0.00119790601545718,0.00233254328940768,0.00305721849578542,0.00236517359806595,0.00364665511423174,0.00166476356219693,0.00223555996170647,0.00209956490712854,0.00119130415174019,0.00116404898280432,0.00159435015105391,0.00171929963250761,0.00282967662479714,0.00349971487315646,0.0027450715270295,0.0016785628429189,0.00104728024028225,0.00118308114157763,0.00163962956619169,0.00284824153595077,0.00406930792690251,0.00154194646606061,0.00148865452655318,0.00554744877950973,0.00118736828909695,0.002729201401228,0.00119741443616674,0.00224235242297153,0.00245543056677398,0.00467718007787085,0.00296917877341538,0.0015379245544576,0.00184973745065279,0.00117312558334511
"DU0083",0.00389710369682767,0.00349246482524174,0.00112733301927491,0.00373195779959807,0.00103005434604983,0.00324649257663207,0.00154395552489523,0.00175581372261491,0.00117951849589978,0.00348098602320813,0.00158413560128641,0.00365999084586351,0.00380524543956305,0.00419673883346536,0.00425009315390067,0.0020569127116302,0.00361127442123925,0.00108652791329432,0.00112565282989885,0.00127871459361807,0.00316740030884398,0.00128099327431113,0.00311658353922364,0.0011353351979368,0.00217907353622032,0.00216035762958577,0.00153218170007861,0.00150143352343849,0.00106206803558831,0.00427356178493154,0.00388453613349571,0.00224220727489125,0.5,0.0042552949701893,0.00374794491606419,0.00412669458473921,0.00225985428128833,0.00161774444349217,0.00112667977432071,0.00156945016854805,0.00149448256117763,0.00350493407134091,0.00112589169736346,0.00159815236328518,0.0033524945291638,0.00315329880994354,0.00112727097520627,0.0011405236033471,0.00182250017703843,0.0035123996355067,0.00215479219522984,0.00315010099422784,0.0035147690844748,0.00113346886334244,0.00311590216166362,0.0011904089030241,0.00342974204673564,0.00154911579732351,0.00114485382747448,0.00316740754296878,0.00377259395126218,0.00154881052488803,0.00155442273017669,0.00102832167369443,0.00379493965208241,0.00112872586073733,0.001724217520848,0.00347689395590265,0.00308835319566498,0.00217314616069859,0.00212550288376,0.00167050101969344,0.00119361834571298,0.00335610156334104,0.00228495181035075,0.00162952415638711,0.00426143666822899,0.00214383924975851,0.00220902270668012,0.00168701590463791,0.00431001545875573,0.00418052349519933,0.00422668655849303,0.00431179469424588,0.00113729235958276,0.00314467278116142,0.0011244782365055,0.00112206427731911,0.00112901550296084,0.00155571334725438,0.00153026378236966,0.00116104263066396,0.0013226196140918,0.00243077334024704,0.00422011100124754,0.0031539871403852,0.00224002976910025,0.00316174914069458,0.00114758769568066,0.00153021631738492,0.00114013590812091,0.00345387816179209,0.00436346176064402,0.0011865903984651,0.0034500895166359,0.00118484934288769,0.00150091808712435,0.00221728644402511,0.00166741454730105,0.00171153216109919,0.00153309985893295,0.0017282051754943,0.00119320974481549,0.00374615279115227,0.00413356874891032,0.00426258017767968,0.00383514198405801,0.00376861576791766,0.00435712839967601,0.00435999504757173,0.00423707395646004,0.00222398881207391,0.00347993110268943,0.00427793683209061,0.00220919396173216,0.00153013559996749,0.00156278693793957,0.00114615005361487,0.00375439384933749,0.00169902872209974,0.00164903779381384,0.00102583091706194,0.00316177759026431,0.00113153724075466,0.0031445523574548,0.00314230045788969,0.00151923836752941,0.00137320859767408,0.00164659098037873,0.00150759110685335,0.00146435821248238,0.00344433993768236,0.00315597837427155,0.00349497976772496,0.00151472326911348,0.00431139472896005,0.00148425376014427,0.0021758015400484,0.00352404756516339,0.00326335206911575,0.00188811731603651,0.00119392473254766,0.00352779443479142,0.00109105598640021,0.00151234506929867,0.00361355614490556,0.00110315970338683,0.00211769890872284,0.00179786292886529,0.00222194215259371,0.00151546682082583,0.00158583839531706,0.00113990843740397,0.0015035428074176,0.00167599683014857,0.00158437237786321,0.0043204573106651,0.00372784374255751,0.00169171322974099,0.00424769759010377,0.00151436530961015,0.00157429349715369,0.00147045723234372,0.00349778631692237,0.0023352274285098,0.00314624030478338,0.00141914865694586,0.00153499193497824,0.00346996475746443,0.00153351337005015,0.00149957614072997,0.00147447598512957,0.00116311767405204,0.00315988958978732,0.00112822655423032,0.00147903209231209,0.0016860562267647,0.0015139378818305,0.00119834305032447,0.00419659701195752,0.00151136633462562,0.00315222581547997,0.00155982089461653,0.00160405625725793,0.00150997648212604,0.00111152925273369,0.00149926563347695,0.0021547243389441,0.00150736103233217,0.00108070729618974,0.00313634192780485,0.0015130783078635,0.00156358226179494,0.00211862076204556,0.00347283899195323,0.00113662444394341,0.00118237675785686,0.00315801582587185,0.00158920702659883,0.00315885828292513,0.00222863444815424,0.00113357538571375,0.00166202430379239,0.00114619040794104,0.00136497215639058,0.00214652280519882,0.00351375988055734
"DU0082",0.00395804921301003,0.003433666868063,0.00144517397809653,0.00382192967059649,0.00119970736871989,0.00349938784529364,0.00162897909272386,0.00167182703773403,0.00112872654945025,0.00342294000106251,0.00152054139240675,0.00361530711910422,0.00434370327880866,0.00369392129092571,0.00440992851924432,0.00215660921335677,0.00355317985294006,0.00100354755379401,0.00106905490394756,0.00122107134405562,0.00312014995853589,0.00122285401786213,0.00321089569166563,0.00108186011156656,0.00214161605387241,0.00216566824722804,0.0010992982999271,0.0014601950938275,0.000978008668787326,0.00418929693775106,0.00402186741295045,0.00236616339351161,0.0042552949701893,0.5,0.0038679786887325,0.00364216875725144,0.00239065877249848,0.00211083901438057,0.00107292364938311,0.00164694400168664,0.00143085956188995,0.00307478694282962,0.00107187990360067,0.00153054171116921,0.00344241936524071,0.0031064381672955,0.00107284322750403,0.00108803717728574,0.00237722454000154,0.00345433327510732,0.0016498568917619,0.00310343325050931,0.00308352037360906,0.00108456197245077,0.00344239159975933,0.00157824304587679,0.00365701673868679,0.00167442789431833,0.00109520397562986,0.00312015859029133,0.00383782768697123,0.00111579778226165,0.00150343346173681,0.00116545873034707,0.00436747629291383,0.00107310477420578,0.00219276934453152,0.00391419874195106,0.00325287133798175,0.00168222523690645,0.00226690265505656,0.00222836099690665,0.00114409394528176,0.00339020717302609,0.00233925107744406,0.00219455651276787,0.00423173744613578,0.00162020588595838,0.00224790489705502,0.00228897849073072,0.00422529191236184,0.00368557417733305,0.00371696987664395,0.0042433337656721,0.00145725344096914,0.00309815209581702,0.00106968523858682,0.00134858505428268,0.00107659154643181,0.00160851167256546,0.00109732725729982,0.00125579986709788,0.00159100283669427,0.00244780793340678,0.00439348034491107,0.00310718314220449,0.00233000480230931,0.00311464682964872,0.00109437599434905,0.00147231058716101,0.00108696289567954,0.00340035435854298,0.00426472530066609,0.00155436256953276,0.00341446878799788,0.00113075221687448,0.00106489475579777,0.00222384976302442,0.00178360353502103,0.00218051398580405,0.00147145336957796,0.00192283011503187,0.00129325683327006,0.00383516032826779,0.00364501987233079,0.00440422689524223,0.00440758620599299,0.00437510599831634,0.00440075963402597,0.00431345802637211,0.00433088826761657,0.00219767423441012,0.0034210664584019,0.00438137329708455,0.00173337721118979,0.00163829470893665,0.00111556556479865,0.00109673211912867,0.00427554520764708,0.00218494635634916,0.00215741399304438,0.0011781333876726,0.00311467769692069,0.00150339903552639,0.00309807971435965,0.00309590719095929,0.00145647928339215,0.0015083292930039,0.00168223348410702,0.00106922082511354,0.00156271032823263,0.00339477701143572,0.00310907040353882,0.00306767452508001,0.00107983369201692,0.00438345348273749,0.00145531639524413,0.00221061852647641,0.00309017395347769,0.00349907933084791,0.00228801841039556,0.00127765922005022,0.00309360040605365,0.00140559360022559,0.0010749598585872,0.00374439714378277,0.00100628328493111,0.00164106996378354,0.00236149067105078,0.00216504904773918,0.00164058692814089,0.0016944609690836,0.00121845747850759,0.00106911221162194,0.00226320876616444,0.00113762979820092,0.00440331722503918,0.00384497049640626,0.00162818735792458,0.00423584675649069,0.0014485546426749,0.00152178192240886,0.00162264760160779,0.00354911791840892,0.00227208987632062,0.00309972563958469,0.00153802635608889,0.00110178856725548,0.0034127041205779,0.00147231565715174,0.00107382605613259,0.00142398748301623,0.00110278665210211,0.00311283778084822,0.00107647639424667,0.00142763534321891,0.00219925930139284,0.0010855254844173,0.00151145780926278,0.004195586470389,0.00107309914285412,0.00310551432121232,0.00112154816343199,0.00153905763907313,0.00144866701944902,0.00143254713829551,0.00143544399224593,0.00229769373370347,0.00106712283282981,0.000989258559851444,0.00309015400070884,0.00107323546831614,0.00164564003544942,0.00214096727004781,0.00341465262535574,0.00108325096506054,0.00113147577077944,0.0031113423249651,0.00154011221064544,0.00311185034107752,0.00217063189439305,0.00108243570053764,0.00217196405220814,0.0010962480829143,0.00144611205240578,0.00169277476476348,0.00308179317059301
"DU0081",0.00400088173352498,0.00308892564068204,0.00106352837140357,0.00389642252065945,0.00127489998756764,0.00451835197481977,0.0022190555176505,0.0014730643474907,0.00109582735350711,0.00340520735421177,0.00111859007810779,0.00356179127760207,0.0038377398926747,0.00362881280035937,0.00454438580713163,0.00275339374412002,0.00317364718715691,0.000952698548774124,0.0010497800936407,0.00104301435421696,0.00313945992738913,0.00104597317400281,0.00323288372259823,0.00105667200584929,0.00162614241028393,0.00163907226921478,0.00107704335582739,0.00137876956113468,0.000923364166375991,0.00370865569720718,0.00409994725944317,0.00177010273079864,0.00374794491606419,0.0038679786887325,0.5,0.00359732685536207,0.00178853707586803,0.00168728923217507,0.00105464187231546,0.00218850063962542,0.00135994267245207,0.0030963604824018,0.00105302288913504,0.00103203401961039,0.00336170211731463,0.00312577212420558,0.00105402112155123,0.00105708574717072,0.00180977322020491,0.00310522854330506,0.00155417249209942,0.00312297042888963,0.0031037391604498,0.00106545024968661,0.00309399692534998,0.00170738011434704,0.00594280193382707,0.00298709564700313,0.00107502289759608,0.0031394690963021,0.00440695248775119,0.00108540408236447,0.00109500092471181,0.00119563924187051,0.0048180295261252,0.00105398114944824,0.00176841385005746,0.00408504937156568,0.00337171242345993,0.00157418663690835,0.00233527859844284,0.00263855195522674,0.00110912293616702,0.00336823802393,0.00163488448641754,0.00267646922614013,0.00374368108592015,0.00124345107096371,0.00169398012475749,0.00250751577360257,0.00374391235408767,0.00362574790435626,0.00366978973496446,0.00374967169711193,0.00107472523120506,0.00311767839456228,0.00105084696649685,0.00144959482112834,0.00105060798794131,0.00174842839448731,0.00107449557595728,0.0012353862322759,0.00482328296928226,0.00213748135699618,0.00447987023055098,0.00312661660566562,0.00176804844305355,0.00313394144959267,0.00106057129813811,0.00138937730296961,0.00105813652878912,0.00337567751737775,0.00375699787187626,0.00169508392187157,0.00306283613107243,0.00109792692885636,0.00104561714695721,0.00171704494672075,0.00306270204438702,0.00163861034980736,0.0010865031821427,0.00335546973698147,0.00122013290937044,0.00391665000184224,0.00359275720427853,0.00434045810335168,0.00480471131649785,0.00454937824860811,0.0039024553642808,0.00380484771762023,0.00379575427917946,0.00165687800260024,0.00307302791324752,0.00384994695664945,0.00152107259759068,0.00298786541463627,0.00109292631939569,0.00107657311931595,0.0038827193633734,0.0017186573156144,0.00163654068905931,0.00124020035951987,0.00313397088963184,0.00164039793925441,0.00311772975843905,0.00311556136638682,0.001395143886644,0.00291053741909023,0.00226153815349013,0.00105099829889641,0.00168180096276015,0.00305527767818704,0.00312842134909474,0.00308795646775481,0.00106235315146363,0.00390026238316101,0.00104862224068821,0.00165889938813821,0.0031106474261679,0.00399681151265284,0.00165032912273745,0.00124143625744344,0.00311385787115537,0.00153174214728913,0.00104930084211864,0.00530947303688554,0.000938382000528434,0.001551686159323,0.00184731173002124,0.00163071156145696,0.00230440483367151,0.00302778552243326,0.00127624885818819,0.00105195952787143,0.00244690021256577,0.00110251787377817,0.00387935967350136,0.00524302242540263,0.00153369905134706,0.00374806121111046,0.0010496001371977,0.00109634230806103,0.00358915515651361,0.00371342733521985,0.00170875903250449,0.00311935625374239,0.00246185560791032,0.00106943853406841,0.00339063632829466,0.0010833569315255,0.00105385506037846,0.0010464200930377,0.00106456513916049,0.00313214998529674,0.00105873001126259,0.00105218383014998,0.00175769776761257,0.00106717899762218,0.00149413707536869,0.00369788985830098,0.00105476657677737,0.00312501823355583,0.00102459029493482,0.00103699348693821,0.00105339714050006,0.00105450915930255,0.001055867649578,0.00219181150175623,0.00104932459331894,0.000927269694861929,0.00310989726256952,0.0010541315868279,0.00214142205040926,0.0016057796038429,0.00306741144327683,0.00105617719019457,0.00109852334454844,0.00313107739622881,0.00145690736427911,0.00313116165219196,0.00149147618442492,0.00106414667325817,0.00170421897710665,0.00107620764560468,0.00148214199987101,0.00158042984726761,0.00310227273645165
"DU0080",0.00373995449806398,0.00351481719226369,0.0019880651277623,0.00322743279000009,0.00111198943041588,0.0031694661169153,0.00113759667861738,0.0022248438478926,0.00165533178722997,0.0038959884194139,0.00205672285723841,0.00407295615451778,0.00366221611080006,0.00413768797399939,0.00364496898929453,0.00162245535841886,0.00403282733720296,0.00129780656153115,0.0015981076685792,0.00135410191958424,0.00318756440890658,0.00171886828838731,0.00302969825492903,0.00120621864527734,0.00215348181702323,0.0016644483987159,0.00160895772129693,0.00196332269574323,0.00159606386470599,0.00415375766428404,0.00370792988584687,0.00169240152716925,0.00412669458473921,0.00364216875725144,0.00359732685536207,0.5,0.00168728581272453,0.00116410576837612,0.00120994644026986,0.00149594016097911,0.00156703888808465,0.00352626593255281,0.00159650053858773,0.0016723594252412,0.00309412592620277,0.00317293972268648,0.00121055906562673,0.00160027748556648,0.00168899328177308,0.00391768908833203,0.00219213293327972,0.00356537432411095,0.00353724180356223,0.00160251850947499,0.00391287481446413,0.00146502969014504,0.00328155703112665,0.0014849776332578,0.00161643592819621,0.00318757099803562,0.00327036717316166,0.00159436655587339,0.00159784896954586,0.00100830315678965,0.00362857988769546,0.00121164602150058,0.00161014163939004,0.00370412168023293,0.0031081205055404,0.00216433335275634,0.0016021575323156,0.00156783579573033,0.00123693683108682,0.00321531759721414,0.00178941022997159,0.0015533624443358,0.00412731738152001,0.00210568724069718,0.00166043157419945,0.00159323310908713,0.00414909787537281,0.00414292175544719,0.00411523710831403,0.00413545591376351,0.00199079687137227,0.0035585074201584,0.00159488549040619,0.00110490918085552,0.00158752989625114,0.00117999783773879,0.00161002235089433,0.00113166985670285,0.00127816771641233,0.00173698487715292,0.00361175971491473,0.0031736150295916,0.00167547360778487,0.00318172604575047,0.00121117539492984,0.00196900355274325,0.001208867040272,0.00386266794998869,0.00412623665939317,0.0013927609387958,0.00385345757297465,0.00123059294737089,0.00158400331355719,0.00166391825149454,0.00154300090570184,0.00164691652256125,0.00200322380804415,0.00158146181306682,0.00117294768026599,0.0036025809692397,0.00413224392170517,0.00366506072970498,0.00364855577209988,0.00360939630253701,0.00370377280752196,0.00371192587071535,0.00364824810270427,0.00212523741968799,0.00349331406901977,0.00366248330800827,0.00223056700117209,0.0014536129710795,0.00164569650277944,0.00161561980232145,0.00360577184350161,0.00122053716248506,0.00155790167776678,0.00108513239105684,0.00318181564737499,0.00136508021231105,0.00316377873359453,0.00355517355886318,0.00198144361690962,0.00132282027932686,0.00152123059006001,0.00159160029968387,0.00138399592091592,0.00346504872931041,0.0031757331648026,0.00351668401851234,0.00160098918116462,0.00366200311674325,0.00198794332326159,0.00164704627023645,0.00354611001947434,0.00319961964562174,0.00182656852932458,0.00116195340105285,0.00355021546357066,0.00105729917519792,0.00158455053022765,0.00348793636265066,0.00164182978053267,0.00167547706310991,0.0016979529512356,0.00210649178046387,0.00145884249232515,0.00150415756421205,0.00111862392491142,0.00158858754621946,0.00158098304144711,0.00166138999151353,0.0036912721671814,0.00358367572004516,0.00213673284420235,0.00411887961586687,0.00156041123610087,0.0016219764431396,0.00137854055344325,0.00317566265632268,0.00218546610428175,0.00356031939628255,0.00136064795031269,0.00158875856608722,0.00387858276596006,0.00198929941205388,0.00158372490975256,0.00155642643568977,0.00123839801250695,0.00317980933217892,0.00160235869408755,0.00194037739585147,0.00156041487518528,0.00158865321395498,0.00144974349930472,0.00366549886107124,0.00159671190022974,0.00356792433736255,0.00170151558675106,0.00206167139992339,0.00156968380710151,0.00157191435610387,0.00157632953535448,0.00163742630853799,0.00158862684808211,0.00129848462922482,0.00354748380011282,0.00159287747696954,0.00150198367384473,0.00164065589082811,0.00349170201380878,0.00120653920081574,0.0016590748432796,0.00357388086988607,0.00208088533744374,0.00317872242057481,0.002190576655468,0.0012173184976485,0.00158075500013425,0.00122776230501468,0.0012817703804669,0.00170307888209396,0.00353556075945641
"DU0088",0.00186461583747007,0.00153828444603238,0.00264119981347111,0.00176605201987172,0.00185096411682811,0.00154618160188352,0.0049178358678131,0.00171044659954644,0.00537759364920044,0.0015306776886677,0.00397876205559424,0.00167975929942421,0.00237520726698561,0.00171160545174531,0.00233821678300192,0.00211007586124862,0.00160787345775546,0.00105719194137443,0.00174836294640199,0.00127377279955341,0.00119220501235426,0.00127118490202673,0.00127036458310408,0.00152297971739521,0.00268722508433383,0.00429837209278555,0.00438953517415281,0.00337221337791996,0.00102096555931028,0.00219860406605038,0.00257064125583153,0.00676657389819273,0.00225985428128833,0.00239065877249848,0.00178853707586803,0.00168728581272453,0.5,0.00505548644107331,0.00221707644014793,0.00468477755744734,0.00192663567821824,0.00116483494316381,0.00211961627933198,0.00158328439681479,0.00144497514819887,0.00118799943199241,0.002185156835134,0.0014413547927977,0.00246637507396902,0.00155623623617322,0.00184266880092666,0.0011837273752146,0.00116789688524649,0.00281561819048085,0.00154424530860568,0.0027355336289225,0.00160715629279487,0.00331097742018975,0.00321127549395306,0.00119220498414297,0.00172493697598169,0.00126293550220968,0.00162421231799638,0.00148468523869599,0.00228761964230315,0.0021216632930095,0.00242905850816294,0.00174136631605418,0.00133941602313181,0.00178176617948399,0.0026281938807797,0.00265887758059786,0.0012828738199955,0.00117165407340629,0.00235795933044956,0.0036269546094961,0.00225924909456223,0.00200914709967915,0.00331146795651835,0.00488227407345167,0.00222115092123767,0.00171392038074639,0.00172357408049358,0.00222534292547799,0.00341556576196655,0.001182121505335,0.00209902064265067,0.00288682084918038,0.00149127018311222,0.00490336265724367,0.00366968316143795,0.00347401818819874,0.00358550333025176,0.00244462101750182,0.00235667821226451,0.00118706393677045,0.00241926540654096,0.00119193657650107,0.00141873985033173,0.00164050703866532,0.00148524525247128,0.00152812033245095,0.00226594464232525,0.00173166812708455,0.00153718908294604,0.00129360024459314,0.00199112120076112,0.0025674413699218,0.00188696926711649,0.00385582499705691,0.00413378472665645,0.00211853043646379,0.00233835546336617,0.0017891834958702,0.00168431810810923,0.00234182514991946,0.00230484490399815,0.00233596212585508,0.00234387143736582,0.00233517979567993,0.00237511514842314,0.00419159439745625,0.00152669484330037,0.00241089588844977,0.00177873935316654,0.00206672293727885,0.00325874386249383,0.00323797256139022,0.00226430498095592,0.00362633777824089,0.00257175448414946,0.00211480623554219,0.0011909260635147,0.00190967427063266,0.0011812809350225,0.00117979268379989,0.00352742042243943,0.00268052992969537,0.00292523211781934,0.0020850093487174,0.0028030504452672,0.0015232865512193,0.00118880997283193,0.00116114090740416,0.00241050241384855,0.00234992828451857,0.00156898694409002,0.00237896894253599,0.00116946719716284,0.00150736798108726,0.00232349334672357,0.00206793778890272,0.00117182730563344,0.00197016963398002,0.0014898239573614,0.00164077477523509,0.00105659243207446,0.00387505300713919,0.00684162760950522,0.00365206337253598,0.00330434846935586,0.0036457902085766,0.00140274419738797,0.00222000166816344,0.00339865975966054,0.00535327778007341,0.00232598990007385,0.0017441767937108,0.00173021042277377,0.00225114159402006,0.0017504331392802,0.00124395861853232,0.00169338072173553,0.00146369626374425,0.00652637971830372,0.00118108881826644,0.00299542437116107,0.00130644452231053,0.00152576738657709,0.00289954875549803,0.0025402872731148,0.00289863776942837,0.00267149002794651,0.00119104082582115,0.00237069989747853,0.00309098191401222,0.00233855329073919,0.00330106788894059,0.00165829895285897,0.00221904871311451,0.00213473859894727,0.00118444312407805,0.00115445422401853,0.00158031246398821,0.0017214178687046,0.00286432313857244,0.0035307277971363,0.00281478599942171,0.00170101701928115,0.00104144827424908,0.00117628871713047,0.00166059150836101,0.00287732939792274,0.00410133813439311,0.00153035276092989,0.00150287900609173,0.00538133496787405,0.00118047199734013,0.00275739933731599,0.00119057460538767,0.00222741808919631,0.00249452926905585,0.00468603617522721,0.00300789131579244,0.00154082538966273,0.00184481741268567,0.0011663841539404
"TT0050",0.00223510119472577,0.00109160886962807,0.00243520645403641,0.00227448877644493,0.00367081725264517,0.00255612768008728,0.00557257853378617,0.00154554842102828,0.00393483439026572,0.00106540166454926,0.00371682014250813,0.00156025272120225,0.00215647578228797,0.00155791955968336,0.00210304947245768,0.00190487037352588,0.00151455196978117,0.00100166463193393,0.00211514687743145,0.00112158534168728,0.00111917938591447,0.00111830875331947,0.00287822185609757,0.00162136518634228,0.002087196335372,0.00435478493363183,0.00399994367422882,0.00349764303240348,0.000969561505886733,0.00159405042310672,0.00132237009399602,0.00505135690203568,0.00161774444349217,0.00211083901438057,0.00168728923217507,0.00116410576837612,0.00505548644107331,0.5,0.00238864695292731,0.00554228769749353,0.00200513458069265,0.00109476105814751,0.00228954829171676,0.00142417497099788,0.00274388768189472,0.00111585820537951,0.00235587026243594,0.00152577758122341,0.00251765352329356,0.00109726569331934,0.00144966042904622,0.00111147704489273,0.00109788055479269,0.00298769324824819,0.00109622986330646,0.00301249827001171,0.00141893250811538,0.00348505362947661,0.0033677881971541,0.00111917885082569,0.00178416657815549,0.00130397438890743,0.00163349464635084,0.00360423204606986,0.0021204900174116,0.00229267022026826,0.00242028718937661,0.0017099477623737,0.00288663504169665,0.00179391568614538,0.00211365509685612,0.00269471571539188,0.00132145450930879,0.00167319212494229,0.00162636014570482,0.0037550473241592,0.00161324736036154,0.00150841068799713,0.00286221311303189,0.00498783764385803,0.00160526814490952,0.00117640151131172,0.00158931143272804,0.00160931829542616,0.00320134056100246,0.00111023696956541,0.00227102875021977,0.00337390837792397,0.0015855042559684,0.00508104236071,0.00379831289081215,0.00543224296907104,0.00350023634740288,0.00171775467078297,0.00213747112643651,0.00111491008336678,0.00242403375710904,0.00111942374710863,0.0014973097948005,0.00165751645259309,0.00157614296011343,0.00142852522907355,0.00161980000268708,0.00266960184974396,0.00143696981018043,0.00133611340510803,0.00216330115646827,0.00209264745500729,0.00193377626854987,0.00395871267470441,0.0038744173851795,0.00200114533206655,0.00427536960737825,0.00245381234423031,0.00116432824679885,0.00167781999558715,0.00169124246026753,0.00218242273155046,0.00218231931813267,0.00163635990072279,0.00215062105842533,0.00377663027974318,0.00108104805966162,0.00168036630710298,0.00159922158902707,0.00216901618494385,0.00330478713558225,0.0033943526331513,0.00238223442461435,0.00428699998323267,0.00284680034642482,0.00416293372290854,0.00111830280541972,0.00281050505130262,0.00110937614543983,0.00110786768354157,0.00325566807270578,0.00301303694506769,0.00316723982688248,0.0022552130213328,0.00311182050766365,0.00142925868284227,0.00111663800227007,0.00109190371107202,0.00258753971211391,0.00215576777910407,0.00147281451981985,0.00242712360499925,0.00109902963108177,0.00211072503063268,0.00171716936647503,0.00338613922725336,0.00110124203413573,0.00305295355359937,0.00158443602735664,0.00153807497493318,0.000995571768485259,0.00402012556941682,0.00517957112711496,0.00325861390427733,0.0035917374985247,0.00379858525424086,0.00213022239935527,0.00238969064898554,0.00347653384325843,0.00386557808451707,0.0016583403126252,0.00165547408806571,0.00174032686990918,0.00161600455140217,0.00182598927693129,0.00163618994559038,0.00148411260469718,0.00162239982030869,0.00450600002408964,0.00110894127174598,0.00337590547789831,0.0013662020624079,0.00107689631971597,0.00305284814164762,0.00271533430986298,0.00305720591486605,0.00276577165506189,0.00111860212135115,0.00254560811845147,0.00324113861189426,0.00264866228192779,0.00342106711775607,0.00271516949251517,0.00166326944632339,0.00230405552266088,0.00111207231456977,0.00106588111929478,0.00109067876698303,0.00176835186343159,0.00301711079703813,0.00331216080284233,0.00232767340352519,0.00204418405934684,0.000984380590949025,0.00110459154589046,0.00198789102135456,0.00372698525617758,0.00422686439410519,0.00108296812620207,0.00159727152923241,0.00393538811925219,0.00110999461429494,0.00288664177138276,0.00111830727736828,0.00158747042066972,0.00267130487376596,0.00501093644652889,0.00317566523340505,0.00289612698340306,0.00232720735181317,0.00109637502653515
"KL0009",0.00110138409455274,0.00205727369463153,0.00411451821857423,0.00107835924279854,0.00285182410461057,0.00108152910789145,0.00239002750834993,0.00171117394817955,0.00325008742785422,0.00199299905199046,0.00341005587502398,0.00122412668743768,0.00108704696398191,0.0012066869107455,0.00104448011152796,0.000945772112276894,0.00163861977057407,0.00241443353895253,0.0040178042197265,0.00219016005133146,0.00215183235270943,0.00219476408959962,0.00107859842577656,0.00354575337187924,0.00335696349499127,0.00259666217266761,0.00330881084597637,0.00340715884579575,0.00235858588399608,0.00116863226494061,0.0010613774524426,0.00218076789827264,0.00112667977432071,0.00107292364938311,0.00105464187231546,0.00120994644026986,0.00221707644014793,0.00238864695292731,0.5,0.00240674460588996,0.00358049905666651,0.00207930237733673,0.00415701471227635,0.00206971385565374,0.00109507062263723,0.0021395933164478,0.00424660111397147,0.00327300339249215,0.00140206721064003,0.00201078241233987,0.00190126406252773,0.00213254150972976,0.0020917976163965,0.00371222648678787,0.00207057172657294,0.00339700369572414,0.00106198825636369,0.00285847040812639,0.00355994468333701,0.00215181124877545,0.001078990314467,0.00248335911048488,0.00234639077595336,0.00190899227948797,0.00104572039295513,0.00418677292501361,0.00190012584793752,0.00110774354594124,0.00109281023457928,0.00156173246318302,0.00230094783846236,0.00260741756154388,0.0025077420406479,0.00106508450746759,0.00120103851720626,0.00297869469783013,0.00114029286866825,0.00248811185557104,0.00320648143283444,0.00243136226248739,0.00115228781361318,0.00120725708269754,0.00117535510882666,0.00113990311309904,0.00354285916919806,0.00212620256095723,0.0041429299139998,0.00293220250096009,0.00344666127785716,0.00259621054815839,0.00340116279704757,0.00243379644555285,0.00248581745460854,0.00100633909897975,0.00104303661223989,0.00213770650829117,0.0014169216527933,0.0021481824393559,0.00317870468741776,0.00250355919453071,0.00341795041535542,0.00199738157966837,0.00112444620823782,0.00152473729138709,0.00196739892425987,0.00257953493161969,0.00402470574136325,0.00233562937930604,0.00147645903094211,0.00288357336458233,0.00332507833929982,0.001424328234015,0.00318447958243186,0.00106840226137694,0.00122066527034909,0.00107481571995511,0.00104350329296585,0.00103881365016974,0.00108314755024027,0.00111734422082103,0.00108537219711191,0.00264027934981989,0.00200775343626072,0.001087605011233,0.00124735957986431,0.00252011340511555,0.00336375995457904,0.00353069545020689,0.00106129097387778,0.00277761619587552,0.00240999068876555,0.00302685216664279,0.00214765919505092,0.00231736454212955,0.00212537586064623,0.00211899920207256,0.00325936848776003,0.00320757085768038,0.0033655637137259,0.00411841154547776,0.00324939131355005,0.00200028542409757,0.00214156366663162,0.00207235413579509,0.00399850367891395,0.00105865818128596,0.00217297906377197,0.00154318165641821,0.00210082758682898,0.00108554784819607,0.00119086892509456,0.00297537300016729,0.00210445741893875,0.00275575286037237,0.00344549426966301,0.00105518637648082,0.0023472680202329,0.00303991185603822,0.00217994729760611,0.00279896985338483,0.00294957349867245,0.00267611412335173,0.00226866838640947,0.00417100785754065,0.00323671089171202,0.00318974116788898,0.00107900650650479,0.00104783571813339,0.00199608138020161,0.00114042831270772,0.00296468190727824,0.00235188576363083,0.00145088175344288,0.00109765539863226,0.0022421533203419,0.00212653374709356,0.00293852680900721,0.00273917815429285,0.0020203897318594,0.00372603404426402,0.0037820005218671,0.00370539139122742,0.00355515363752297,0.00214627610583692,0.00407793967044668,0.00354846716021404,0.00142941633923468,0.00333478630220216,0.00140232279222023,0.00114857520045617,0.00417108497943583,0.00213251497690453,0.00220759097639095,0.0020895630633883,0.00291912112201124,0.00380675006544323,0.0034357568143676,0.00279154703501248,0.0039161250646952,0.00237790328872269,0.00211372243812214,0.00385205822758437,0.00327050689413516,0.00268982139289975,0.00201947537760529,0.00348011962516977,0.00325579787312788,0.00212946553791449,0.00372058992026278,0.00214539067028389,0.00129884111139422,0.00399690518039202,0.00248987369880684,0.00368277645505834,0.00144857487381475,0.00162811216732567,0.00209168263511751
"KL0008",0.00175072787290916,0.00109236755085014,0.0024541421588618,0.00218727179380194,0.00474373489079908,0.00341083294752365,0.00599485266882187,0.00111850498141571,0.00404387631419973,0.00107055738964826,0.00375283230321431,0.00151199559091334,0.00166300524147299,0.00152215755730746,0.00165557272172044,0.00249315857831242,0.00146322989348399,0.0010011143665789,0.00212815910392711,0.00109604027269715,0.00112042592043888,0.0010979248941484,0.00284833090239053,0.0016183894104864,0.00186983126032694,0.00390745752546039,0.00410551519727395,0.00349526083137407,0.000962619141796674,0.00118989342770848,0.00160427478330054,0.00466609019885726,0.00156945016854805,0.00164694400168664,0.00218850063962542,0.00149594016097911,0.00468477755744734,0.00554228769749353,0.00240674460588996,0.5,0.00166261766334402,0.00109311471741015,0.00230570188210536,0.00106378977910747,0.00333864940336136,0.00111696208154095,0.0023733919819982,0.00151411299887868,0.0023711347351272,0.00109713313834494,0.00140893881894808,0.00111267261078651,0.00109870647862767,0.00301381609391023,0.00109696592838863,0.00310500683015882,0.00154487575293912,0.00398401940508294,0.00339916164685876,0.00112042599507619,0.00239808534741861,0.00127284731611185,0.00123312352588372,0.00434479681340783,0.00170510394357297,0.00230908210591844,0.00192797114172219,0.00177579646703343,0.00338962706345022,0.00132461458094303,0.00209883516891411,0.00225996010758204,0.00128164878712251,0.00157826953807904,0.00155094644191831,0.00379784935958717,0.00120590926688042,0.00187842801792602,0.00281999787968262,0.00505112688315318,0.00119701834826729,0.001512959310497,0.00153220739880409,0.00156126887211999,0.00323017154092692,0.00111139136446897,0.00228689596907952,0.00330822552563126,0.00158070392406613,0.00517337079824322,0.00383734122668899,0.00625197256034581,0.00359695550615467,0.00191832601946328,0.00169831497387076,0.00111603736320686,0.00183646204930032,0.00112063204606893,0.00148122508033478,0.00159981910189537,0.00156836168353941,0.00107907017263447,0.00157004177222629,0.00309499925673374,0.00141927613281334,0.00130469981737363,0.00217670381310816,0.00166576376973316,0.00237672491989014,0.00352167747554014,0.00391683931114535,0.00212442045774625,0.0044054910444221,0.00252038956171347,0.00149814034749091,0.00163077199631775,0.00222239896506044,0.00170411107293236,0.00169616401002755,0.0012193486786043,0.00165904571653886,0.00374695247775519,0.00141233402080821,0.00162006227820888,0.00148042615153542,0.00225050503888678,0.00333692144770811,0.00342578823589483,0.00228395741524014,0.00377436705484585,0.00274132946209756,0.00486472920998311,0.00111948218305371,0.00296730808092479,0.00111042647628371,0.00110895090343638,0.00330117305029633,0.00309662550467923,0.00366946532708288,0.00227073891318699,0.00322296766800301,0.00139813104611828,0.00111775651035505,0.00109251703670674,0.00260842902394938,0.00168485600917077,0.00154171045139108,0.00187419869395624,0.00109956263618572,0.00167289205946904,0.0015667795065401,0.00331542410307556,0.0011017179896944,0.00350958809734078,0.00157976541181849,0.00159746566507165,0.000976196135004848,0.00361187822902754,0.00526767301387237,0.00324310094975694,0.00417368250043139,0.00429298230152464,0.00175162047294614,0.0024079432658158,0.0030318129002432,0.0039736690563543,0.00160674261971275,0.00212317983106359,0.00128956616526258,0.00155638956712504,0.00142759839948069,0.00123140175934959,0.00167513290280604,0.0015783947835267,0.00456768119861726,0.00111018680369526,0.00383634825202558,0.00134073689156069,0.00107756627143824,0.00303702885530488,0.00273913644285431,0.00304042589043127,0.00281497960040912,0.00111972093950059,0.00256628198502558,0.0032376619711156,0.0024952208058039,0.00346055586898075,0.00297991162886977,0.00158649907180279,0.0023204265811536,0.00111353097285393,0.00101976390778149,0.00136438672346705,0.00140118361390684,0.00300595559805558,0.00334297634009885,0.00227405545148429,0.00205568099877521,0.000971092394809635,0.00110567102563425,0.00199712709407487,0.00376826422977684,0.00374395743339365,0.00108362589167691,0.0015919727317184,0.004044722064908,0.00111095185368666,0.00286247846455144,0.00111950441763722,0.00151999809827861,0.00269370711294954,0.00497728432460083,0.00320423700191244,0.00312360724427975,0.00180449011620829,0.00109690124063896
"TT0055",0.00146960955233169,0.001983971511579,0.00344533384854711,0.00141625804500092,0.00358224530402156,0.00108908707151136,0.00165704769969844,0.00167562827166961,0.0025199881571089,0.001947228379165,0.00242624651019283,0.00158090054751938,0.00145008011021097,0.00156731085910706,0.00140464643348292,0.000984397371502997,0.00198579404586017,0.00226405402750918,0.00401036367311152,0.00208186800536732,0.00205109856989872,0.00208660056594329,0.00108158181713944,0.00432624123156559,0.00385684511873941,0.00238352132851574,0.00253607234492887,0.00280995993135997,0.00221836498143075,0.0015375333889898,0.00126119894903665,0.00191331673952894,0.00149448256117763,0.00143085956188995,0.00135994267245207,0.00156703888808465,0.00192663567821824,0.00200513458069265,0.00358049905666651,0.00166261766334402,0.5,0.00199407734958541,0.00366952630646891,0.0020086645395287,0.00109606379690018,0.00203935613433923,0.00363464965966056,0.00401606845685631,0.00214110782240748,0.0019646319628936,0.00294052254448192,0.00203234640942755,0.00200295010329412,0.00303708160580309,0.00199359809345947,0.00299986565799841,0.00105027805025193,0.00222788821960575,0.00289905619332032,0.00205106596067509,0.001059878688543,0.00309699726287603,0.00285267774659749,0.00248889590670846,0.00138106287583868,0.00370726024135193,0.00293706432874125,0.0014143687837986,0.00109936644053799,0.00257713742143501,0.00324762313500028,0.00386233278419279,0.00305038971766537,0.00114137692848074,0.00154467298614637,0.00234615206121523,0.0015017957690522,0.00240747779570191,0.00316288789098361,0.00184322112392699,0.00152009359448606,0.00156801019627944,0.0015472048284634,0.00150966119186541,0.00290658801144172,0.00202781738102296,0.00368707505240891,0.00250122966958544,0.00422020318658837,0.00205667487578345,0.00258356130320694,0.00189965834685309,0.00192297402599191,0.00137609020822179,0.00139249812545958,0.00203654473210413,0.00241447661098444,0.00204647423138663,0.00388822760289423,0.0032373301425022,0.00418530895958004,0.00195223523584297,0.00149016688618715,0.00227578739183079,0.00192540196472491,0.00321331557451748,0.0038293475047453,0.00357379208512449,0.002203139287378,0.00264509583203693,0.00254685220132495,0.00151807822693434,0.00273123164721894,0.00142067741367766,0.00196944565506795,0.00144047384740004,0.00136855025885541,0.00103436457657665,0.00145040871038181,0.00148281366948366,0.00145433893598161,0.00242224713689592,0.00196106735339074,0.00145061964449728,0.00159505977825554,0.00328066918790431,0.00258486464741935,0.0028803862826128,0.00105899109975801,0.00253644717951859,0.00367106246110092,0.00308824007748437,0.0020463983441196,0.00320372091330906,0.00202599495415257,0.00202334256757725,0.00269839571755568,0.00258779740584022,0.00271239186506084,0.00367944584888372,0.00260656943341952,0.00194728730479334,0.00204018650083341,0.00198810196729049,0.0033115910253446,0.00141457826761073,0.00214324347709273,0.00266512751960965,0.00201022268803411,0.00109615132446464,0.00155466050172373,0.00297325857583216,0.00201258141186044,0.0036777754326638,0.00422055033799056,0.00104777387304168,0.00220514523180486,0.0024424305818858,0.00190221539279349,0.00257397252500238,0.00230295552001733,0.00206207947425056,0.00312210989480021,0.00349158229824436,0.00297352013213517,0.00248698732005261,0.00144884654577707,0.00103866510507523,0.002591139731666,0.00150349814250957,0.00369115004640256,0.00259576168147027,0.00214113178275945,0.00111363283921309,0.00196835191319516,0.0020273114231277,0.00231788684269342,0.00331534798400981,0.00196037564567762,0.00273599887484399,0.00311520505887187,0.00307340478382977,0.00291775093751626,0.00204492564545817,0.00338087833883137,0.00293078666000164,0.00211165641989197,0.002741735054325,0.00143517351871059,0.0015190677869271,0.00363372942118369,0.00203393773758757,0.00209999028004173,0.00201567046454029,0.00360671814369843,0.00315822701577668,0.00281500880844684,0.00391701574376423,0.00410201454514034,0.00223125109694216,0.00201595795061898,0.00421803919964479,0.00264127810378824,0.00247056691308324,0.00197034682477332,0.0042550382418726,0.00252264354446653,0.00203553174252835,0.00308450436349804,0.00204380681289346,0.00162479140503169,0.00329657359023001,0.00227556138918629,0.00300579438145404,0.00213196569890404,0.00275368308721885,0.00200279702888604
"TT0054",0.00356931353702823,0.00389643777203278,0.00205202716546526,0.00309306502055339,0.0010129984603258,0.00292417976492235,0.00108485049707609,0.0021573145649336,0.0021226434580488,0.0038231943343934,0.0016591881290859,0.00351309996290893,0.00310665105276347,0.0035472904427253,0.00308029016543374,0.0010576126625433,0.00352557148103798,0.00231830018630192,0.002077227321056,0.00215499295205417,0.00399760593340243,0.00216116960040503,0.00288742742662596,0.00208984493461786,0.00162374038286905,0.00117334536961418,0.0020643521468329,0.00193332893747084,0.00227721309665529,0.00353979955164276,0.00332968125953121,0.0011715111169633,0.00350493407134091,0.00307478694282962,0.0030963604824018,0.00352626593255281,0.00116483494316381,0.00109476105814751,0.00207930237733673,0.00109311471741015,0.00199407734958541,0.5,0.00206654134537692,0.00206581363439422,0.00299898799938418,0.00397631179479136,0.00208277944665679,0.00208376156134807,0.001171775658081,0.00385521082013887,0.00165474509557321,0.00396946581337746,0.00393075141003288,0.00206231110923819,0.00390765170298986,0.00112302660437255,0.00299028801362702,0.00109743167720892,0.00207755253061824,0.00399759063173605,0.00314814922966933,0.00204708512352163,0.00201832346586348,0.000990421171899993,0.00308954266742093,0.00208168511898205,0.00112378000066246,0.00357700179705236,0.00292710726937597,0.00163818412377635,0.00112251177537245,0.00111505041678054,0.00210331097765335,0.00301687220617144,0.00128794845200091,0.00111031358299668,0.00350654061126608,0.00208094422367782,0.00117083153609005,0.00111623846742388,0.00354132069641378,0.00354268907610456,0.00354029860543533,0.00351414601254428,0.00204425291046526,0.00396124954523302,0.00206453742805721,0.00108500511273616,0.00206725135622415,0.00112416109358303,0.00206091161727279,0.0010388871210297,0.00108070684767676,0.00111209175659833,0.0030567594549028,0.00397590361320944,0.0011570787039805,0.0039893994937499,0.00209535954485189,0.00200267619131528,0.00209769297253156,0.00382834640703464,0.0035043550272633,0.00106833560912299,0.00378828659400934,0.00210209481479849,0.0020511513470257,0.00155974253451755,0.00110319924626994,0.00116415015807748,0.00204666222480952,0.0011049730928988,0.00105020887102626,0.00309643978355114,0.00354331260325353,0.00309374681966972,0.00311911975534173,0.00306373326472234,0.00352480799278615,0.00352029400002317,0.00309463704223072,0.00157479003553683,0.00383986417229422,0.00309308449028636,0.00170103709132143,0.00108691150255744,0.00210961865336345,0.00207421209086635,0.00307059459055881,0.00114622686571962,0.00110949556848133,0.00100714112634147,0.00398945545349263,0.00106855199734211,0.00396016313549446,0.00396061464802794,0.00197071138886327,0.00105978263373734,0.0011146597436731,0.0020571364600521,0.00110056415338408,0.00381590030269513,0.00397986318190276,0.00390473347552797,0.00206454937345746,0.00309725802501706,0.00198403373364982,0.00115168544398568,0.0039418729427545,0.0029336849939015,0.00169447205013117,0.0010726974345187,0.00394705896005433,0.00104817223150553,0.00206259399343613,0.00308902036042262,0.00227128980639833,0.00162368930868213,0.0011965063825722,0.00156090786232832,0.00108182039688105,0.00110200969154138,0.00111365468209948,0.00205292055987679,0.00111753663656148,0.00212438012364149,0.00349399613039357,0.00310862235857403,0.00167242198872397,0.00349896219467886,0.00197734973211089,0.00206367159858378,0.00109056624856955,0.00307140974028378,0.00160242260414487,0.0039625389366435,0.00105836492605019,0.00204319829416734,0.00384795582072737,0.00196443826419669,0.00203555828168988,0.00196719420571718,0.00209020961223677,0.00398661274010775,0.00207155562231813,0.0019679333173192,0.00108275810173747,0.00201752698525299,0.00116131671399851,0.0034978397237218,0.00206541125855908,0.00397213412736475,0.00220216751517047,0.00208290102329796,0.00200966698708816,0.00199920416969396,0.00200761320609036,0.00114987571349977,0.00206185813487791,0.00229235709485127,0.00394671204906655,0.00206500043763931,0.00109578459504074,0.00153792571787225,0.00384641983926282,0.00209244423627902,0.00212443109269666,0.0039780301322192,0.00164178782379777,0.00398456513224311,0.00169683873504649,0.00208351992960975,0.00111233918437792,0.00209295632890933,0.00107783463920809,0.00160553399668916,0.00392871600343323
"TT0057",0.00110117634529279,0.0020484901310864,0.00400847100841535,0.00107887853423451,0.00295907271130501,0.00108387746565769,0.00228743670708693,0.00130723716606083,0.0031416405172555,0.0019831797989577,0.00290860731872069,0.00160968899015767,0.00108588699204164,0.00159631773275495,0.00104428206761122,0.000935248480871816,0.00202254081248827,0.00238248670570353,0.0040952656363738,0.00217139329148577,0.00213300226581608,0.00217773268846876,0.00108255260544488,0.00362272146877873,0.0030600440286645,0.0024908193253821,0.00319901442459169,0.00329998378551426,0.00233432991465524,0.00116766479481371,0.00106277172098759,0.00208467507804952,0.00112589169736346,0.00107187990360067,0.00105302288913504,0.00159650053858773,0.00211961627933198,0.00228954829171676,0.00415701471227635,0.00230570188210536,0.00366952630646891,0.00206654134537692,0.5,0.00205884843822323,0.00109860928920692,0.00212122102723491,0.00420989133758589,0.0033421789864773,0.00141739561895501,0.00199990543197526,0.00235288727727193,0.00211378088974889,0.0020821795611399,0.00359451913048086,0.0020648023949719,0.00349491872716603,0.00105871569711028,0.00274808956176902,0.00343958617384522,0.00213302120771203,0.00107837789590034,0.00249559192673291,0.00235580457874511,0.00197162089343177,0.00104468899336162,0.00425642323470071,0.00234010861871699,0.0011076973562407,0.00109750566591747,0.00198078245161974,0.0023570657661453,0.00270840465089441,0.0025124484761019,0.00114390211976251,0.0011994699480645,0.00287043226561479,0.00152431468388231,0.00204943388471498,0.00329477871029747,0.00232475351005198,0.00115158121462463,0.00159750250237839,0.00117396490448332,0.00113931209992631,0.00343343667088064,0.00210928300225891,0.00422036652732164,0.00283182720296537,0.00352478450760709,0.00248182032012805,0.00328712292519846,0.00234029899587519,0.00238106674114759,0.000995313712628179,0.00104423435874085,0.0021189139418086,0.00143704823072392,0.00212927127288038,0.00323916047195192,0.00252574836077603,0.0034901569802891,0.00198634242929562,0.00112347097705087,0.0015554323235478,0.00195892643359679,0.00258920304584442,0.00410900422168106,0.00242315906625978,0.00150455746202862,0.0027754537088573,0.00321865326490807,0.00142660169466649,0.00322236581260201,0.00106970691254132,0.00161011750337215,0.00107399703471381,0.00104540374311434,0.00103776022221834,0.00108244198586765,0.00111641373349372,0.00108396245008011,0.00253477975350859,0.00199909862595916,0.00108672526402905,0.00161286119715385,0.00260629934209977,0.00325578754093958,0.00341764063821375,0.00106399398183954,0.00304911037485205,0.00250472147414787,0.00312888250142038,0.00212861569537687,0.00240841113422283,0.0021068858404,0.0021039968245615,0.00315348263290986,0.00310720738372676,0.00326177575113448,0.00419572221122737,0.0031430441142897,0.00198934564107028,0.00212257463619117,0.00206319689484121,0.00388574080234696,0.00105782369445086,0.00216221988791646,0.00157101024730224,0.00208933516301805,0.00109027346961049,0.0011796909869018,0.00307277960595485,0.00209199745431404,0.00286332183551964,0.00352389913114706,0.00105481166196539,0.00231572964599803,0.00293177909075048,0.00208221509096511,0.00269332439714408,0.00283847054665374,0.00256575271805229,0.00240156624551241,0.00406024575330186,0.00313599208346513,0.00308154542181537,0.00107903747452373,0.00104611821106051,0.00201351433588869,0.00152456401574724,0.00303092137501434,0.002360337058905,0.00147379095117454,0.0011036698309654,0.00214560632208874,0.00210810937021748,0.00283450334074387,0.00278671759173896,0.00200985143472373,0.00361795929391595,0.00367163638856013,0.0035992128445191,0.00343088850464917,0.00212730626559894,0.00395926968630008,0.00343828273275426,0.00145782571983035,0.00322528093765945,0.0014030399842649,0.00153698214415163,0.00420020843230539,0.00211534848853391,0.0021839709221758,0.00208108368901713,0.00298366849015141,0.00369534943128745,0.00332202728563211,0.00289257968551239,0.00399847239970337,0.00234620222729329,0.00209637221573509,0.00393740092926326,0.00317065554566575,0.00296533931065795,0.00201096234298965,0.00355486630554852,0.00314394553674824,0.00211642338072172,0.00361421582220408,0.00212652008994323,0.00167032800573807,0.00387602505569212,0.00238214542035866,0.00356101713048881,0.00147665616872079,0.0020491418233751,0.00208188617389742
"TT0056",0.00151741184095854,0.00203462759919078,0.00204095605343515,0.00138719859901571,0.000896100875310081,0.000879112783076011,0.00139137125985052,0.0145786728327919,0.00212696276050777,0.00198562150937487,0.00166617065197657,0.00166429849839342,0.00155822655582014,0.00166703460926487,0.00149082304650101,0.00107105039264799,0.00202402602654035,0.0032817449409256,0.00206172763150387,0.0209649091463365,0.00208024279279422,0.0200119902647194,0.000862961066316497,0.00207558493287599,0.00166327907366719,0.00158684381818036,0.0020938195074622,0.00200293034299293,0.00346653700472824,0.00164277368633396,0.0010726721905299,0.0015978125501619,0.00159815236328518,0.00153054171116921,0.00103203401961039,0.0016723594252412,0.00158328439681479,0.00142417497099788,0.00206971385565374,0.00106378977910747,0.0020086645395287,0.00206581363439422,0.00205884843822323,0.5,0.000947235204668977,0.002071283523165,0.00207397121948725,0.00206759272407824,0.00160527088921291,0.00198046599693184,0.00166357813435538,0.00206359802259027,0.00205307566756463,0.00206369071547376,0.00203436893163573,0.00108104037138867,0.000907783054242737,0.00101371594739012,0.0020693148426617,0.00208021946449581,0.00100004463420693,0.00204907945081364,0.00203085981153965,0.000896396681731338,0.00141210735602653,0.0020627604089145,0.00150276228376967,0.00146880086096624,0.000871466367039635,0.00168784151081612,0.0014958824757099,0.00141727364619254,0.00209413819332908,0.000985185981154178,0.0212686403668288,0.00103266329224334,0.00161005444650561,0.00213966184042291,0.0015905566946579,0.00105341745665584,0.00162649146406269,0.00166571971656765,0.0016104964185452,0.00160939802481671,0.00204679775977958,0.00206648666730288,0.00206256166290577,0.0010843152368517,0.00205896400895352,0.00144445972246114,0.00206678047263873,0.000886405335149813,0.000898061705384876,0.00152748273365759,0.0011092027841055,0.00206927358254083,0.00158478085718201,0.0020805079381226,0.00208252748747982,0.00200908312966208,0.00207956886780267,0.00201343205757426,0.00159430741290211,0.00101984614483136,0.00198516634451351,0.0020925705884582,0.00204598524236098,0.00158700638377448,0.00101948770376511,0.00161554018849975,0.00205278765573941,0.000974134813686022,0.000906989668859506,0.00145471397565537,0.00168271255490688,0.00154854990918242,0.00103818565697111,0.00106822234473945,0.0015591505109859,0.00159510007775743,0.00157126072044103,0.00160549327070004,0.0020074732357023,0.00156659891834989,0.0155595343305646,0.00127678905782223,0.00211478049096579,0.00207918719641124,0.00144129312410539,0.0015336720508546,0.00150988984532974,0.000881151852952841,0.00208031433483264,0.000997544557289407,0.00205626799901784,0.00205327517755556,0.00198935672981332,0.000936064038422375,0.00106031443486414,0.00204843972466495,0.000977561797517339,0.00198422491243134,0.00207288865334598,0.0020426872668086,0.00206137510185362,0.00151267611389214,0.00194099783414471,0.00160075387801506,0.00205462371196591,0.000876955681917002,0.0145944534707273,0.000886493644742406,0.00205818209315175,0.000937376132624237,0.00204692161907671,0.000951957797441015,0.00481546000855566,0.00162203716502464,0.00158689793205221,0.00159589532803136,0.00100531928771521,0.00133514835759374,0.000876824955008813,0.00204543553903156,0.00143401764743811,0.00212658749273692,0.00156779181291452,0.00101791454545963,0.0016941473705311,0.00160462463284471,0.00195967211004728,0.00206343000381239,0.000948876673328015,0.000937241716465259,0.0016412280637339,0.00205797272710413,0.000945281166590608,0.00204605242786276,0.00199595823637161,0.00196544762827394,0.0020332836061874,0.0019849097367216,0.00208373478362894,0.00207850746824763,0.00205937853086086,0.00200684409664525,0.00102711205962158,0.00203832861112098,0.00105266408033724,0.00162384619516491,0.00205939657282622,0.00206029933241229,0.008876401823362,0.0199823137504628,0.00201383011275194,0.00202932598127645,0.00202417579675596,0.00155143625979439,0.00205338124424005,0.00409468952774097,0.00206041650220977,0.00205485231301861,0.0014102414185566,0.00160366224297193,0.00201645523138871,0.0020791989202838,0.00212373408560489,0.00207033980479851,0.00172762208252522,0.0020710974858973,0.0199424515382988,0.00207619757609741,0.00150843974344478,0.00208435309917026,0.000946654462327557,0.00164015463397376,0.00205452368403479
"KL0003",0.0033564005521875,0.0029909176879401,0.00109225503941558,0.00367579170183262,0.00537668066689889,0.00645397542268082,0.00336235860814848,0.00119499329240356,0.00109377394465746,0.00296417243036836,0.00111193213336508,0.00330385539911437,0.00344650781793278,0.00331633825741881,0.00327569718761497,0.00163622084315439,0.00326726334543814,0.000907097269852988,0.0011069762081863,0.000965427913747444,0.00304326662236123,0.000971567812047228,0.00602370774141347,0.00111219644483225,0.00120140471927149,0.00147956364150255,0.00108355478497446,0.00125652526043515,0.000884636387105275,0.00316389125237395,0.00436074835796972,0.00145308599766981,0.0033524945291638,0.00344241936524071,0.00336170211731463,0.00309412592620277,0.00144497514819887,0.00274388768189472,0.00109507062263723,0.00333864940336136,0.00109606379690018,0.00299898799938418,0.00109860928920692,0.000947235204668977,0.5,0.00302994654324199,0.00109718357931038,0.00111452358129664,0.00160334342538748,0.0029965268024839,0.00119268162431822,0.00302686452006728,0.00300841077865227,0.00107973238920239,0.0029965514716931,0.00209749320524687,0.00402933322246274,0.00153912775733016,0.00108477227350927,0.00304327546102211,0.00457556063308355,0.00112493503961307,0.00127077191464225,0.00550302761809568,0.00331878036741153,0.00110001736031896,0.00124402256383303,0.0043252646584079,0.00738787118936695,0.00140880120278516,0.00123982713221454,0.00131171515927296,0.00114518167980997,0.00456181763819994,0.00125055912445223,0.00150215963591672,0.00316615562523434,0.00123874375383673,0.00122535642086379,0.0016186577041594,0.00318388878535924,0.00328324337961493,0.00314977385475941,0.00335162524490737,0.00107882494154426,0.00302185573952665,0.00109701913577796,0.00238605661648087,0.00110467003473302,0.00158711939544814,0.0010840581532924,0.00604626915824241,0.00132457071484783,0.00132183576719553,0.00350957064128691,0.00303062299539687,0.001500599979223,0.00303792586973317,0.00111797265940262,0.00111483214109837,0.00111531254423381,0.00314138376338831,0.00335082411616701,0.00413239115906336,0.00314457694761852,0.00114171354440809,0.00109670576848357,0.0012208342041968,0.00158855686169183,0.00150067803759263,0.00108906505523443,0.00168896941794149,0.00476566758095853,0.00455041021452563,0.00310192954213076,0.00340250317288061,0.00337519159985116,0.0035200985307248,0.00348607789181544,0.00321123371412038,0.00346468134689675,0.00119422118255185,0.00314257315605782,0.00321521982440113,0.00122766508402677,0.00139531194694464,0.00110022650275062,0.00108720731971407,0.0043191320035439,0.00141931883822996,0.00233675351327881,0.00525616432281958,0.00303793704012821,0.00321582370652655,0.00302175693540062,0.00301959251816349,0.00105961500425759,0.00252987728359263,0.00166778231762835,0.00109625551128115,0.00309895459425594,0.00310687910393737,0.00303249361917241,0.00299283571815195,0.0010905450779676,0.00349122069591019,0.00172852214028629,0.00162064798050843,0.00301484523580654,0.00488691539234438,0.00108702653013103,0.00343792953972965,0.00301821645533281,0.00419241174489644,0.00110297235153635,0.00360414405847201,0.000889743214077688,0.0014355212964457,0.00155165954053995,0.00136207550604854,0.00237292150283389,0.00131409274129204,0.0023236306841219,0.00108842972744555,0.00128189324714943,0.00109627703652236,0.00341506743670354,0.00371871419809391,0.00137136128741487,0.00316214399262724,0.00127067476605173,0.00114345385399913,0.00185187939435964,0.00419072395151322,0.00139867573048906,0.00302334344323239,0.00251540425279399,0.00111568273470629,0.00296818474446672,0.00128835507962517,0.00108538921115629,0.00123371907159493,0.00107031700492649,0.00303616816557938,0.0010893030099348,0.00125160819836485,0.00245691200805346,0.00106735119547894,0.004133319177443,0.00341129219600115,0.00109879996956858,0.00302907749999226,0.000933796460310518,0.00109940966991429,0.00110248835497584,0.00124314954871153,0.00106271230527063,0.0012514593756901,0.00110436173651217,0.000885287524056033,0.00301401138493279,0.00111262456827103,0.00252671622466067,0.00145181112907865,0.00297224865639183,0.00111220147931291,0.00109625118410604,0.00303576453602322,0.00112772189517591,0.00303525901596288,0.00123758511225117,0.00109030787806569,0.00219365995288049,0.00108841371394399,0.00418288327230247,0.00156908450721292,0.00300670445639986
"KL0002",0.00322049541275704,0.00395276149942444,0.00210224382198361,0.00312723834261131,0.00103485856353366,0.00295558119926607,0.00110852957719854,0.00174185056589005,0.0021794317928309,0.00387802179487839,0.00209483341956701,0.00316318745095651,0.00313844904435873,0.00319167836007247,0.00311151039158564,0.00107548436373051,0.0035739951951593,0.00238104061373591,0.00213764542828464,0.00218195211788385,0.0040680241736781,0.0021903714873014,0.00291893373438025,0.00214880585545878,0.00125521558967819,0.00119765631401398,0.00209949164222834,0.00198038894706104,0.00233330299349826,0.00318253896296682,0.00336394674149052,0.00119483021965045,0.00315329880994354,0.0031064381672955,0.00312577212420558,0.00317293972268648,0.00118799943199241,0.00111585820537951,0.0021395933164478,0.00111696208154095,0.00203935613433923,0.00397631179479136,0.00212122102723491,0.002071283523165,0.00302994654324199,0.5,0.00214331641532649,0.00214122472708559,0.00119067692065167,0.00391057927445743,0.00168720620398036,0.00403926347550741,0.00399448944009849,0.0021198054996997,0.00396455720131436,0.0011461661156628,0.00302208620869824,0.00111993620864096,0.00213877619495556,0.00406805695001912,0.00318076946110291,0.00209539125109713,0.00206176883594382,0.00101118069240947,0.00312075741078921,0.00214236803721919,0.00114350107274571,0.00328046835394698,0.00295904550863918,0.00126502758914169,0.00114298918217257,0.00113502391967447,0.00216115485505849,0.00304931194567822,0.00127677482098134,0.00113260043001707,0.00315506518044965,0.00212733336410399,0.00119355172634937,0.00113983458438351,0.0031856750349322,0.00318630890036396,0.00318136730066293,0.00316286629193195,0.00209275424117838,0.00403014489526333,0.00212016113150985,0.00110905839839525,0.00212297904832193,0.00114709154053229,0.00211692664835188,0.00106296783760024,0.00110473061401079,0.00113084067912827,0.00308567903935296,0.0040460537760236,0.00117571701624431,0.00405978502339387,0.00215417169908068,0.00204670752556083,0.00215686751887403,0.00387037036212963,0.00315386353233164,0.00108749947699199,0.00384281939607496,0.00216023664394527,0.00210424338494047,0.00119448829419558,0.00112175240668054,0.00118753551783911,0.00209507205064894,0.00112324006873266,0.00107327188282325,0.00312564120361361,0.00318799313521829,0.00312541916104234,0.00315070287018473,0.0030926370318727,0.0031773236591855,0.00316899203017761,0.00312658624454823,0.00121915500974997,0.00389535615444679,0.00312487987375624,0.001270776278276,0.00110534065614184,0.00216101043277689,0.00213223400269656,0.00309946325051614,0.00116940982625367,0.00112934076131319,0.00102965728133797,0.00405959687621263,0.00108889867291797,0.0040297810413621,0.00402284527198785,0.00201713979020287,0.00108253846305009,0.00113690546310115,0.00211166224215022,0.0011237128391716,0.00387107195319212,0.00404992456153954,0.00396567402502509,0.00212147656177477,0.00312876222417448,0.00202921302236344,0.00117133788878886,0.00400691402388241,0.00296515859057525,0.0012503231901449,0.00109574173464401,0.00401307563566156,0.00107002839451507,0.00211720778350197,0.00312114638087386,0.00231900878725887,0.00165245366098469,0.00122028463138678,0.00121044359123657,0.00110465562896474,0.00112267392756423,0.00113584229521631,0.00210698294865155,0.0011371882399048,0.00218602176782221,0.00315006381935113,0.00313832061918233,0.00170530809701226,0.00314761898378512,0.00202295403992483,0.00210803670164397,0.00110876756013699,0.00310277460943156,0.00123691402157871,0.00403233565606717,0.00108105959689576,0.00208811538740563,0.00390339986527115,0.00201163637209812,0.00208737046934884,0.00201319850431447,0.00215130282712954,0.00405680824757249,0.00213205601317602,0.00201360730514838,0.00110070219745435,0.00206534398492562,0.00118633819234715,0.0031437026884107,0.00212272503797329,0.00404168313922913,0.00220628198869194,0.00209782918617944,0.00205407688318092,0.00204546495201566,0.00205734106759057,0.00117113161290633,0.0021181027084681,0.00234742073373202,0.00401534618069635,0.00212134981593212,0.00111604332308271,0.00118249483818478,0.00390216768751295,0.00215164399026522,0.00218673969468765,0.00404588875275591,0.00167797874052662,0.00405490917329933,0.00131792468575558,0.00214457014371165,0.00113572981682697,0.0021544408509944,0.00109735499803738,0.00163612178555159,0.0039927868541333
"KL0001",0.00110145669866267,0.00206072373588094,0.00408796387655345,0.00107899743441908,0.00290911664375451,0.00108376727259925,0.00235690332055522,0.0017140553903241,0.00322312961699047,0.00199637973459805,0.00337991285471442,0.00122499933034926,0.00108695127279613,0.00120755816167817,0.00104447374600041,0.000945429317239775,0.00124916516637171,0.00242007445731398,0.00407344068265619,0.00219478360950823,0.00215569454830236,0.00219931373422078,0.0010813094335114,0.00359834955397985,0.00301449085843301,0.00256232625872797,0.0032800769291816,0.00337733282894402,0.0023639846118739,0.00116953173155767,0.00106086724951657,0.00214929854453796,0.00112727097520627,0.00107284322750403,0.00105402112155123,0.00121055906562673,0.002185156835134,0.00235587026243594,0.00424660111397147,0.0023733919819982,0.00363464965966056,0.00208277944665679,0.00420989133758589,0.00207397121948725,0.00109718357931038,0.00214331641532649,0.5,0.00331982946383707,0.00141223274538434,0.00201425191472119,0.00192980485914131,0.00213609201211533,0.00209511715152986,0.00368213088808353,0.00207413351826548,0.00345293452402729,0.00106132206359355,0.00282269239396337,0.00352987601305287,0.00215567337482832,0.00107905247831,0.002501392786851,0.00236093957585663,0.00194257226397247,0.0010453070784219,0.00424016653167866,0.00193245263782953,0.00110779787989313,0.00109583629713163,0.00157538371002344,0.0023381597793239,0.00265958139394071,0.00252448267217175,0.00106724538036481,0.00120244774673081,0.00294411638621268,0.00114070178741908,0.00248966268214941,0.00325736407869817,0.00239620588228516,0.00115309628348075,0.00120807832654869,0.00117615370739411,0.00114066805669725,0.0035129947049881,0.00212983707745419,0.00419600476138323,0.00290065133100651,0.0034978946617406,0.00255830445237912,0.00337165886460034,0.00240430883976448,0.00245151949456578,0.00100618249557159,0.00104273701805926,0.00214138712097528,0.00142893397270239,0.00215201276159771,0.00322237899888515,0.00252451463055128,0.00346803243239443,0.00200077437646262,0.00112492784631551,0.00154188168230454,0.00197042138946918,0.00259878172823789,0.00407901475367045,0.00238100959026527,0.00149087996719576,0.00284903593694312,0.00329618393150611,0.00142829309538558,0.00323624744522267,0.00106929046291582,0.0012214980551557,0.00107483288029152,0.00104329870869585,0.00103850347068619,0.00108307975346619,0.00111771180998772,0.00108525722249601,0.00260620295733445,0.00201107487463775,0.00108772453488956,0.00124895653599612,0.0025662077170764,0.00333333236983636,0.00350073798295815,0.00106166372211752,0.00274230461904778,0.0024587401494288,0.00308268038254232,0.00215144396266433,0.0023641991055362,0.00212892708032053,0.00212270245303169,0.00323154638096142,0.00317692715412226,0.0033334905346471,0.00417136206551377,0.00321790908508056,0.00200361664341604,0.00214515517369069,0.00207569486821988,0.00397002497954233,0.00105845354285684,0.00218034674023439,0.0015589697617059,0.00210440660860946,0.00108835659253948,0.00119212900419563,0.00302866092536573,0.00210799872499241,0.00281178668510076,0.00349666039203468,0.00105454715842665,0.00235257675678119,0.00300731763063508,0.00214777108539889,0.00276616636793908,0.00291419227246155,0.00263979003679302,0.0023144320686411,0.00414531901916214,0.00320630487594593,0.00316369080896944,0.00107938619761302,0.00104711614688302,0.00201082964973881,0.00114088657387853,0.00300552808101405,0.00236500108488725,0.00146415521978391,0.00110014432935336,0.00221119639873402,0.00213005405198499,0.00290530405245499,0.00276999194892487,0.0020238661218597,0.00369688431563589,0.00375269968174641,0.00367626433587347,0.00352655373217842,0.00215007680961232,0.00404988193362497,0.00351911678829584,0.00144388302621541,0.00330665162636928,0.00140932334266213,0.00114909367001416,0.00422344822966043,0.00213622977281235,0.0022124789709909,0.00209371827018888,0.00295785285621374,0.00377787395408619,0.00340644097694546,0.00284513250370087,0.00397178264676073,0.002383558426259,0.00211726513751534,0.00390759769438053,0.00323991798779057,0.00265577767539289,0.00202294523638225,0.00353164660491268,0.00322868597175765,0.00213315258181647,0.00369178041664164,0.00214917506372228,0.00130002824359308,0.00396793312963159,0.00245563798966331,0.00365254057773689,0.00146401576900573,0.00164443564391732,0.00209523860611447
"CH0050",0.0011159755124729,0.00206131059259791,0.00313813011998248,0.00110509075172286,0.00307143150702649,0.00109853546595881,0.00152049535413357,0.00132663478316522,0.00249415424999153,0.00200486130596339,0.00251457209494354,0.00161622488672924,0.00110302851052473,0.00159932832592078,0.00106302348808036,0.000951494726863274,0.00164721284013232,0.00240840112956813,0.00366527753334847,0.00218456078524576,0.00215300799742279,0.00219054436974532,0.00110819338209859,0.00462063519638767,0.00303556052424049,0.00175995764086337,0.00246956777310328,0.00259267427272209,0.00235786685907275,0.00117572857526481,0.00105111114582847,0.00143021178759725,0.0011405236033471,0.00108803717728574,0.00105708574717072,0.00160027748556648,0.0014413547927977,0.00152577758122341,0.00327300339249215,0.00151411299887868,0.00401606845685631,0.00208376156134807,0.0033421789864773,0.00206759272407824,0.00111452358129664,0.00214122472708559,0.00331982946383707,0.5,0.00275741683096601,0.00202679558582398,0.00404685226591756,0.00213312525958057,0.0020951179725626,0.00283183808273175,0.0020772642788945,0.00253751940927725,0.00105651088201769,0.00189940523739213,0.0027336862246768,0.00215301455320782,0.00106398736768037,0.00413400380452278,0.00372459114659128,0.00322817843559401,0.00105090538022854,0.00338396931839239,0.00351925614350183,0.00111299727076691,0.00112378011073217,0.00351356957627082,0.00300558202164057,0.00343337637444567,0.00404236648459472,0.00110175893549878,0.00121930308692306,0.00199162222744878,0.00114146728537566,0.00245520557384908,0.00238251242426609,0.00149546409507261,0.00116078671451333,0.00159924155986627,0.00118810003899778,0.0011575719807524,0.00271143993634939,0.00212857722553642,0.00335959932960851,0.0020466141469081,0.00470214586159265,0.00159949014291393,0.00252044488943314,0.00167234775506509,0.00167176566698697,0.0010159063662191,0.00104861318409415,0.00213715417302371,0.00291861957530786,0.00214751638089129,0.00515349497021667,0.00432043177401895,0.00497723250368292,0.0020040231601039,0.00113709974376368,0.00330004369094133,0.00197393535409224,0.00429277648009861,0.00348642934786257,0.00430799755508476,0.00321044963326631,0.00196146643414507,0.00246829974638729,0.00165856922158887,0.00233242162632729,0.00109070093632748,0.00161250369123706,0.00109465172851041,0.00104319293362594,0.00105092096014728,0.00109871154990838,0.00112674003533283,0.00110490389530235,0.00178652419938815,0.00200897643913798,0.00110186715598598,0.00162829595937976,0.0031981773470848,0.00252866999524753,0.00271537980767991,0.00108315218874478,0.00187886641331003,0.00394198796854592,0.00266780964648092,0.00214783224059683,0.00444698904350948,0.00212659850640121,0.00212249395811724,0.00252105992367279,0.00219090242126292,0.00229247921034917,0.00335237174646724,0.00219835819942923,0.00200605454427728,0.00214084661597342,0.00207620537379371,0.00304326914974564,0.00106764515538416,0.00227491737529121,0.00330979990440239,0.0021073450960404,0.00112549508643952,0.00121218181479621,0.00256967187772201,0.00210975979513041,0.00340627819189177,0.00468201052072724,0.00105667282529382,0.00234393393923435,0.00183183984729104,0.00141687908474651,0.00190865737194135,0.00195818888628759,0.00177247648740425,0.00416248072108368,0.00319039202616124,0.0022222494731955,0.00247099171507531,0.00110516286920341,0.00104947752609209,0.00310792477811482,0.00114444272354772,0.00489001693586751,0.00357345235196537,0.0031085617598535,0.00115806400334943,0.00147535420532144,0.00212816782560795,0.00197227062992147,0.00444088263436495,0.00203453743499952,0.00282632232249742,0.00287790328426808,0.00280632742440842,0.00275356194554413,0.00214619278005022,0.00310638285230725,0.00269428989529338,0.00306667682789527,0.00258326413462382,0.00153924452433896,0.00155758251725605,0.00331290497509826,0.00213578355561255,0.00220973247052703,0.00208481644329798,0.00479369527942926,0.00288479894788515,0.00263366388128597,0.00311573816655619,0.00375160390256504,0.00237417334391236,0.0021172695292149,0.00386628305209774,0.00224811228595376,0.00183261561358104,0.00202601857097402,0.00478882650558624,0.00249714907603451,0.00213260460134801,0.00273002877622353,0.00214478286593016,0.00127896980149972,0.00304062591149907,0.00167584223048239,0.00281804668071845,0.00308783157296425,0.00379634181783348,0.00209904759974016
"CH0051",0.00247982805319759,0.00156403730455901,0.00176997572957309,0.00237827904571332,0.00202853493623448,0.00141288992112458,0.00193922531350838,0.0017775367670164,0.00127799371915321,0.00117046345230666,0.00172667471070414,0.00170957842328161,0.00240068286096486,0.00172736298216765,0.00233535535559871,0.0020857150566343,0.00166889497338474,0.00104842527500804,0.00153605128674105,0.00127652071922159,0.00119387346119599,0.00127440122275178,0.00147858146880291,0.00227012240102118,0.0022250644321477,0.00198278064327626,0.00125466420838764,0.0017091633996375,0.00102296091893263,0.0017623628601861,0.0016155401075129,0.0025022542217535,0.00182250017703843,0.00237722454000154,0.00180977322020491,0.00168899328177308,0.00246637507396902,0.00251765352329356,0.00140206721064003,0.0023711347351272,0.00214110782240748,0.001171775658081,0.00141739561895501,0.00160527088921291,0.00160334342538748,0.00119067692065167,0.00141223274538434,0.00275741683096601,0.5,0.0016204888893336,0.00524610783099669,0.00118548422593571,0.00117310406871151,0.00131830548386465,0.0015737405554628,0.00206398771467211,0.00151239734581535,0.00191806776164677,0.00130142249358845,0.00119387194908659,0.0017656807205457,0.00567404952429821,0.00888393855138294,0.00305457869029539,0.00232294100444256,0.00142771459325077,0.0042869079261593,0.00182649492317386,0.00144597248287361,0.00767733290244261,0.00285587000987526,0.00332749860378409,0.00694579531379453,0.00151772467355907,0.00236516369735473,0.00247686978430753,0.00178056729743262,0.0018196515652696,0.00207250437581118,0.00245712471952179,0.00176880253577187,0.00171277812205248,0.00177179370078696,0.00182072860666427,0.0016921940882075,0.00118624667948923,0.00142243933170331,0.00166750920787294,0.00234082725245978,0.001865822814996,0.00126178171360138,0.00159572688032931,0.00144013456559765,0.0019520855574473,0.00236346191749329,0.00118634541888921,0.00995576580034445,0.00118840607837433,0.00309475687918897,0.00509327405367591,0.00251509515771974,0.00154828321932466,0.00182355960587596,0.00674265088966816,0.00157046943399676,0.00559556267166474,0.00146048900699711,0.00339866881375355,0.00694423258153162,0.00253370772266191,0.00164681713108446,0.00228500243393984,0.00173386054216065,0.00241294809034035,0.00168821573487117,0.00235061447984248,0.00182460588267452,0.00239336729324177,0.00244715355015919,0.00182792804824682,0.00238704943371971,0.00191904419778858,0.00155896156553844,0.00186725879856108,0.00182896394484979,0.00234284623291473,0.00127747884022679,0.00130106575059969,0.00246192594548878,0.00262490251966966,0.00372024233198196,0.00180323532364324,0.00119138077143621,0.00343794080515071,0.001184909999282,0.00118536277981663,0.00126939799923551,0.00179701050720051,0.00205803315856501,0.001418453617408,0.00181462706988268,0.00154900914972155,0.00118805758002069,0.00116797598580974,0.00135366228305164,0.00241935489780526,0.00188504411470368,0.00701117103887846,0.00117812631865012,0.00125799906847896,0.0024569019606753,0.00179214752319358,0.00117888371207234,0.00235655896923431,0.00233059754491346,0.00161881679497066,0.00106207802455951,0.00190967758578462,0.00259061261111175,0.00194611353122362,0.00188884010772076,0.00189767514082857,0.00272662711024861,0.00138247083249098,0.00257574734810556,0.00127340895214114,0.00236179152353952,0.00175227222033749,0.00771304478502634,0.00180118652182757,0.00360106391057208,0.0111746321698966,0.00689485307578488,0.00154866770834777,0.00193267182694403,0.00118567944025473,0.00180798537437739,0.00450702800123921,0.00117672005212642,0.00176845507468926,0.00131578637067638,0.0016975451725203,0.00130801288713637,0.00119055622124549,0.00137000255264291,0.00168013582403541,0.00784522270452905,0.00168071398638668,0.00198418711177099,0.00184688492313435,0.00140803874061107,0.00118788232614624,0.00117862212921813,0.00160033925979167,0.00377848429872158,0.00172508806211785,0.00166161874211268,0.00288870732503099,0.00157074734771815,0.00104139830618155,0.00118190517624715,0.00162508596807819,0.00256444145217301,0.00200857713259192,0.00155451735708802,0.00238273368750942,0.00127469602504462,0.00118789940259552,0.00189406337577513,0.00118977816507981,0.00180938151634786,0.00135544571272611,0.00254836217594112,0.00131834067708279,0.00729812779264996,0.00624137125388811,0.0011767453021737
"CH0052",0.00359130067172916,0.00384143883197417,0.00161560615334082,0.00309801401499184,0.00100825877979147,0.00292262116810595,0.00108277611919185,0.00209764497037555,0.0020562818741479,0.00342466272280378,0.00206499458731433,0.00350899568582309,0.00348931604042803,0.00354368338964868,0.0034668246423204,0.00113975163247198,0.0039115703371289,0.00221707652498539,0.00201039174496743,0.00203323643485544,0.00393100623266799,0.00203805250534677,0.00288500909319418,0.00202825407472086,0.0016286090744322,0.00155187862011233,0.00199453210645566,0.0019375061583701,0.0021729087711439,0.00354605415336854,0.00333550005265242,0.00156825576524542,0.0035123996355067,0.00345433327510732,0.00310522854330506,0.00391768908833203,0.00155623623617322,0.00109726569331934,0.00201078241233987,0.00109713313834494,0.0019646319628936,0.00385521082013887,0.00199990543197526,0.00198046599693184,0.0029965268024839,0.00391057927445743,0.00201425191472119,0.00202679558582398,0.0016204888893336,0.5,0.00208199422670472,0.0039036087646491,0.00386606305849017,0.0019958104438902,0.00347115262284856,0.00111926879199429,0.00299048513747332,0.00109987974754242,0.0020112551081597,0.00393100218876663,0.0031486461059586,0.00200321928262308,0.00199602619647388,0.000995353633605409,0.00345678378284167,0.00201352757730209,0.00152482427328737,0.00324076077683979,0.00292416854349406,0.00165873405530948,0.00150166245305287,0.00148798602229195,0.00206035641892994,0.00301631980550966,0.00160043608010407,0.00111584459760402,0.0035068834628709,0.00210309113937938,0.00154607159450157,0.00112578746274297,0.00354785126846602,0.00394062258899569,0.00354622789238605,0.00352087102898893,0.00161093831575288,0.00389569053514425,0.00199754754994109,0.0010813006920071,0.00200754850880368,0.00112386547280297,0.00199661679318191,0.00103656045823754,0.00107899819379509,0.00152750538932926,0.00306624143179687,0.00391007718535164,0.00159183190731838,0.00392291221132666,0.00203913611673992,0.00197907319218506,0.00203762983914037,0.00341859534848409,0.00351193541888741,0.00108902952021066,0.00340856933862395,0.00205596627410459,0.00198496676804013,0.00157521517137839,0.00113568655762824,0.00155487453842948,0.00199023031689438,0.00114228940018069,0.00104610638179176,0.00309860867557885,0.00393847141578135,0.0034775392892543,0.00313125969732617,0.00307340282406746,0.00354393998569177,0.00352884291869248,0.00348692584944653,0.00157381373343214,0.00343405801418725,0.00347373893540177,0.00164427936340484,0.00109379584406314,0.00204478952585599,0.00200863072539013,0.00308223017505336,0.0015383525304864,0.00149813766238727,0.00100262874519433,0.00392288896378239,0.00107409860046417,0.00389458002145535,0.00389124661209307,0.00158024231938091,0.00105797826438056,0.00111739643680905,0.00161558791091747,0.00109726697936133,0.0037763331094768,0.00391372910370789,0.00384075302835306,0.00199790381446003,0.0034792087005155,0.00194599853473777,0.00157050552616029,0.00349763834468085,0.00293290339405589,0.00165357333080448,0.00106920134853073,0.00350222413080003,0.00104934059686882,0.00200291153223707,0.00309479687338304,0.00214758720612816,0.00163009482294549,0.00158709603072237,0.00155940702806449,0.00108165091780088,0.00110512447704,0.00111870009164431,0.00198619747518895,0.00112338763300647,0.00206129178433662,0.00350309316526031,0.00311495961756757,0.00210105516729064,0.00349853763197964,0.00197125477140776,0.00202855341957758,0.00111631046090216,0.0030731052778113,0.00161315424499691,0.00389710049964308,0.00105599730208827,0.00199688018840426,0.00343233330882368,0.00197197628443675,0.00196969951086757,0.00156375986168193,0.00202416640614294,0.00392020136677367,0.00200409725903075,0.00156219171440121,0.00111859571330506,0.00199506899455963,0.00115810039137589,0.0035065845966243,0.00199826010189887,0.00390801883807746,0.00173006021603661,0.00128352570890995,0.00197427709510537,0.00194780534351247,0.00195772030530454,0.00153167401613298,0.00199650340140959,0.00217711400082779,0.00388162146038481,0.00200014527060863,0.00109635193679913,0.00154541533036496,0.00381651883437542,0.0020318391423081,0.00206057135941033,0.00391262036413061,0.00204006971124563,0.0039184168666974,0.00163243389828834,0.00201553705666843,0.00149138297249356,0.00202516269605787,0.00110164726012452,0.00163377347474523,0.00386405123538997
"CH0053",0.00167203960390932,0.00164576808355375,0.00223051512152813,0.00122074290495071,0.00244567081100252,0.00130674876692991,0.00176871749606533,0.00225350345745439,0.00187082932240086,0.00205663796064851,0.00235420324343689,0.0021601806826354,0.00165940627706156,0.00217171310284963,0.00162290141358776,0.00154665273693127,0.00213624104513209,0.00134801309331632,0.00219317835638172,0.00133235997496382,0.00128429075459681,0.00170055653744766,0.00116619329515285,0.00300073498813461,0.00335154610929097,0.00200966993710222,0.00185599982828037,0.00235034204269806,0.0016505657337006,0.00217753964216109,0.00139245452696813,0.00183759082644508,0.00215479219522984,0.0016498568917619,0.00155417249209942,0.00219213293327972,0.00184266880092666,0.00144966042904622,0.00190126406252773,0.00140893881894808,0.00294052254448192,0.00165474509557321,0.00235288727727193,0.00166357813435538,0.00119268162431822,0.00168720620398036,0.00192980485914131,0.00404685226591756,0.00524610783099669,0.00208199422670472,0.5,0.00168036930007917,0.00165859068561837,0.002043698965831,0.00165525302053246,0.00200602565024725,0.00130660483094276,0.00195178701784887,0.00198803103356097,0.00128428779906814,0.00115304855193407,0.00568735810269276,0.00518790052399653,0.00376432575399356,0.00158487400645023,0.00197612964093855,0.00445817265950542,0.00121048281678682,0.00117530925134599,0.00609885851080228,0.00286401348954365,0.00320435943851617,0.00556143012375659,0.0011782996924098,0.00172908796752412,0.00206304069481141,0.00214870936830712,0.00237222163682769,0.00237808026403702,0.00179845894813813,0.00216752329347258,0.00218090918810466,0.00216217309468792,0.00217014008575357,0.0019827012662706,0.00127407954540472,0.00236785353192027,0.00166242136012986,0.00349462820566833,0.00146357362320562,0.00187858080495785,0.00146223756553513,0.00163965021047244,0.00168128479448975,0.00159261079588398,0.00127588654698204,0.00549660599441271,0.00127992148469363,0.00405917972049211,0.00590985488683197,0.00333014474218867,0.00162560334493418,0.00215037371339375,0.00552574394521945,0.00161033382446109,0.00545556083789023,0.00245978149376698,0.00452352096868579,0.00583301407770271,0.00213105041748513,0.00185519067449699,0.00213501356874555,0.00184641858334846,0.00160444815452288,0.00217541784375145,0.00166468759461888,0.00155637839399123,0.00160058784739282,0.00165065354528721,0.0017046141386306,0.00166632618334837,0.00246934731305043,0.00162285933565395,0.00166706886792385,0.00224431174257316,0.00289658385185828,0.00185559357791388,0.00198057257697113,0.00162084177610274,0.00199474402110923,0.00327953276044164,0.00211361757860297,0.00128156508079294,0.00373605660883249,0.00167679466129674,0.00167643000006101,0.00225589166038022,0.00200251285273261,0.00185495513565476,0.00236307756530552,0.00160582292174654,0.00161905365698339,0.0012778470153875,0.00164779075830722,0.0021656593409196,0.00162330403100968,0.00186043251872229,0.00596140919078674,0.00166677471226477,0.00130455356532215,0.00184120710153076,0.00201088124983022,0.00166750190552072,0.00272189584340259,0.00348073700695256,0.00144651656466152,0.00169952146484106,0.00204701258820576,0.00179676837562778,0.00243616676790393,0.00185778721613882,0.00189723209259395,0.0034015314598005,0.00225587773809181,0.00223673534741366,0.00185576425989887,0.00168281831684375,0.00152060618356918,0.00601318320659992,0.00215410421694565,0.00454225517930319,0.00484880500855141,0.00554854928079364,0.00119164697555971,0.001859769092016,0.0016780966544176,0.00163554011412331,0.00590502065824406,0.00204808463553551,0.00250065595826488,0.00196605544624155,0.00204228255526106,0.00153828705747474,0.00128059125286015,0.00220356809031618,0.00189279418637374,0.00563993565146269,0.00226583066878949,0.00156513712503355,0.00171543760705248,0.00233136542128343,0.00168397008352304,0.00173750107254622,0.00164622351994496,0.00476536420595706,0.00208554117515265,0.00193627380673238,0.00296224093339122,0.0026666458173021,0.00134968432528717,0.00167092018611865,0.00276089285189498,0.00182659486582122,0.00205267352498894,0.0016356434775275,0.00315376867897247,0.00186966297277076,0.00168298621216922,0.00273861106634743,0.00127982483784719,0.00175230137868664,0.00175921079264937,0.00192578717621594,0.00163056420757726,0.00524449211557413,0.00602214681680304,0.00166306174189388
"TT0042",0.00321748280937417,0.00394560682359537,0.00209473365881001,0.00312411523184804,0.00103188108237365,0.00295279339792759,0.00110405285947953,0.00173629901531351,0.00217067950218204,0.00387149273509285,0.00208699376392827,0.00315972189808129,0.00313540226088076,0.00318840455212626,0.00310861839110504,0.00107280212308053,0.00356883970717912,0.00237258225802212,0.00213039591279332,0.00217438763092389,0.0040610206561454,0.00218245021506698,0.00291598072376793,0.00214175303887896,0.00165183705371357,0.00119328808197524,0.00209122808313213,0.00197261724413082,0.00232482845650752,0.00357729817196879,0.00336095833736433,0.00119056129326219,0.00315010099422784,0.00310343325050931,0.00312297042888963,0.00356537432411095,0.0011837273752146,0.00111147704489273,0.00213254150972976,0.00111267261078651,0.00203234640942755,0.00396946581337746,0.00211378088974889,0.00206359802259027,0.00302686452006728,0.00403926347550741,0.00213609201211533,0.00213312525958057,0.00118548422593571,0.0039036087646491,0.00168036930007917,0.5,0.00398752528119792,0.00211172040694007,0.00395739356004157,0.00114315169448642,0.00301931492402895,0.00111633421325747,0.00213083767149465,0.00406100555339934,0.003177839227116,0.00208622330348313,0.00205246116585006,0.00100710237718264,0.00311792362072259,0.00213523325040443,0.00113943921959051,0.00327719744285483,0.00295606414674119,0.001259258784595,0.00113974765029601,0.00113198818879737,0.00215168414780387,0.00304630073534397,0.00127285026786733,0.00112918404533038,0.00315183304582937,0.00212001312425776,0.00119030295198941,0.00113573931155101,0.00357872157770278,0.0031830367488167,0.00357849820173061,0.00315964025077327,0.00208452642283513,0.00402306534052039,0.00211279722774967,0.00110516408431348,0.00211548271262717,0.00114268434293933,0.00210887445910856,0.00105863628243796,0.00110058811493341,0.00112785602434589,0.00308281571322793,0.00403899047111996,0.00117040606477697,0.00405260721864597,0.00214623711735609,0.00203750264694907,0.002149362392052,0.00386371206745005,0.00315067792375549,0.00108194593480618,0.00383595839234898,0.00215074400955901,0.00209693629217957,0.00119068412374925,0.0011164097742658,0.00118358072447707,0.00208676698353158,0.00112019688128023,0.00107000637771767,0.00312255094491912,0.00358288858383487,0.00312239892217826,0.00314794784863872,0.00308978544430004,0.00317428752327901,0.00316581929180344,0.00312351278760113,0.00121480264154192,0.00388836408796634,0.00312183637061416,0.00126690871724885,0.00110239470060077,0.00215249149922893,0.00212381342978588,0.00309657630327691,0.00116530496895406,0.00112585665983413,0.00102648265113194,0.00405269873790447,0.00108513415339768,0.00402287419555357,0.0040157016445777,0.00200934930432374,0.0010792396487155,0.00113381453074238,0.00210466693711117,0.00112048038636747,0.00386431501308928,0.00404299504217654,0.003958727969638,0.00211366908417913,0.0031257955733705,0.00202182799678986,0.00116570493201898,0.00400012932736496,0.0029622950917586,0.00124655730646856,0.00109243983217517,0.00400624233399333,0.00106683447338096,0.00211000406998099,0.00311837120824977,0.00231108846072292,0.00125002853691983,0.00121590810625219,0.00120647118665923,0.00110102655590849,0.00111875699809399,0.00113195974639935,0.00209959231846978,0.00113402035450813,0.00217784941977318,0.00314699407625749,0.00313558025605833,0.00169812700923735,0.00314440234374588,0.00201528407239502,0.00209912306759781,0.00110352348485123,0.00309982980243284,0.00123249034391753,0.00402537191449992,0.00107739178940297,0.00207924709183873,0.00389669761079747,0.00200455272155096,0.00207976502182545,0.00200559239427019,0.0021434187266605,0.00404982239185396,0.0021246158354308,0.00200592936393718,0.00109550713769098,0.00205700675480823,0.00118230813144926,0.00314047164144072,0.00211572588742871,0.00403434253421553,0.00219868925208382,0.00209053508791455,0.00204588716086226,0.00203765581334057,0.00204914294633452,0.0011680889978966,0.00211070302257807,0.00233912317774452,0.00400834859898878,0.00211452911322143,0.00111263936340668,0.00117825344602578,0.0038950642848067,0.00214419140867747,0.00217856037065809,0.00403866057511692,0.00167259103926768,0.00404784791351759,0.0013137627349663,0.00213676548826942,0.00113141451035406,0.00214631248961791,0.00109188743169426,0.00122978162110134,0.00398572159631511
"DU0009",0.00319729790301582,0.00391221845321667,0.00206452571882293,0.00310434843058728,0.00101572732254368,0.00293337214375884,0.0010881050450234,0.00174190822455842,0.0021328600400393,0.0038358837877004,0.00127482329555315,0.00352440589523327,0.00311529815358832,0.0035586543379259,0.00308903392878747,0.00113148158494723,0.00392845299702651,0.00233055977821721,0.00208956145184149,0.00215148150871036,0.00401574658416822,0.00216004296147933,0.00289760823929859,0.00210133633950889,0.00123331745566289,0.00155681449797789,0.00205666852866064,0.00194275892740742,0.00228975385381581,0.0035496532614025,0.00334212772294065,0.00117464090604928,0.0035147690844748,0.00308352037360906,0.0031037391604498,0.00353724180356223,0.00116789688524649,0.00109788055479269,0.0020917976163965,0.00109870647862767,0.00200295010329412,0.00393075141003288,0.0020821795611399,0.00205307566756463,0.00300841077865227,0.00399448944009849,0.00209511715152986,0.0020951179725626,0.00117310406871151,0.00386606305849017,0.00165859068561837,0.00398752528119792,0.5,0.00207539900305414,0.00392297108914612,0.00112661474480843,0.00299972708090415,0.00110152565826688,0.00209041340087363,0.00401574247667636,0.00315829749690075,0.00205333555399197,0.00202346226369135,0.000993897623686573,0.00309858751177029,0.00209415662411616,0.00112511971179245,0.00325699904821388,0.00293725318094522,0.00164159574528985,0.00112257941456074,0.00111703785346192,0.0021147715252614,0.00302842506321304,0.00127378075530783,0.00111425720803375,0.00351691875405691,0.0020905723737345,0.0011737216582899,0.00111969997949099,0.0035509255921291,0.00355403882892314,0.00355085797236898,0.0035238659014888,0.0020548551992038,0.00397939420040884,0.0020806559653742,0.00109100486397097,0.0020781629536073,0.00112716277021499,0.00207128214087038,0.00104383677658705,0.00108475601796303,0.00152365233538945,0.00306582000949742,0.0039940892286715,0.00115816603649018,0.00400745860084108,0.00210598457428001,0.00200847855253935,0.00210867009682121,0.00382771685295628,0.00351418341257073,0.00107076950964608,0.0038034860262377,0.00211362927945589,0.00206433541506525,0.00117449980764874,0.00110746553741731,0.00155227735309595,0.00205598739686729,0.00110922345947297,0.00105517379560848,0.00310337910924494,0.00355466751102878,0.00310237756271277,0.00313074371165744,0.00307050202626509,0.00315415591245318,0.00353019177096876,0.00310334280833507,0.00157991756809274,0.00385565529594976,0.00310170613378151,0.00165675825344716,0.0010876413058597,0.00211983462497015,0.00208967042078852,0.00307948332853987,0.00114971447267032,0.00111085400533036,0.00101145771397628,0.00400749152205925,0.00107004607100427,0.0039784598274616,0.00397430093319981,0.00197786785665587,0.00106502759498548,0.00112024813434875,0.00207243870493589,0.00110483333584424,0.00382856050788346,0.00399812414531501,0.00392490347121528,0.00208076608885227,0.00310619510820123,0.00199418793945619,0.00154127421542769,0.00396221848395907,0.00294365480725787,0.0016414415001758,0.00107764786052734,0.00396745536954892,0.0010519620402366,0.00207326433579937,0.00310004613899135,0.00227266063017192,0.00123182889064489,0.0012000160000515,0.00156666069418884,0.00108614020839866,0.00110390682582818,0.00111741395531222,0.00206269412316681,0.00111860437897057,0.0021373957405065,0.00312673694870632,0.00311623045437468,0.0012734513633508,0.00350904618586008,0.00160932113207292,0.00207037483687106,0.00109197179544539,0.00308149785467994,0.00160674779317902,0.00398095050160041,0.00106405383964093,0.00205208054936572,0.00386049897581711,0.00197383614415219,0.0020492310766071,0.00197744064040265,0.00210334473808899,0.00400464946016626,0.00208460954720858,0.00197582066105193,0.00108689340038011,0.00202288479756011,0.00116786176883744,0.003508296883804,0.00208030026215498,0.00399070666084491,0.00218084182286039,0.00207856242119845,0.00201699919051283,0.00200642179246247,0.00201292940646819,0.00115157549443054,0.00207346027980376,0.00229804743908394,0.00396488517994369,0.002079985272526,0.00109924793987326,0.0015431161656904,0.00386166109134083,0.00210379510708923,0.0021376101353455,0.00399935978096169,0.00164775780512471,0.00400285642468142,0.00168754067445411,0.00209668100871956,0.00111305931245042,0.00210597910167821,0.00108145908262214,0.0016095443112239,0.00394934441911995
"DU0008",0.00111222583844511,0.00204208796571174,0.0037191876727865,0.00107902395178694,0.00225853349339927,0.00106407141821503,0.00299802038338531,0.00171722453545466,0.00380090519974564,0.00197550702055585,0.00397870762167091,0.00161176520155385,0.00110077254452731,0.00159870517400854,0.00105607536295275,0.000952015350373186,0.00163027652218701,0.00238156055440349,0.0034363415590721,0.00217931371399986,0.00213106692931407,0.00218422216450697,0.00105127379150061,0.0030279369881792,0.00278299987206404,0.00318939253832504,0.00386993758779305,0.00394152725220455,0.00232787135554075,0.00156438054128555,0.00107572850284546,0.00277642523370464,0.00113346886334244,0.00108456197245077,0.00106545024968661,0.00160251850947499,0.00281561819048085,0.00298769324824819,0.00371222648678787,0.00301381609391023,0.00303708160580309,0.00206231110923819,0.00359451913048086,0.00206369071547376,0.00107973238920239,0.0021198054996997,0.00368213088808353,0.00283183808273175,0.00131830548386465,0.0019958104438902,0.002043698965831,0.00211172040694007,0.00207539900305414,0.5,0.00205471783015419,0.0027822340219767,0.00106925468855418,0.00321263038818421,0.00410819121793433,0.00213103557050692,0.00107761275125551,0.00232990687011725,0.00222757968973317,0.00158197566457352,0.00105628575346295,0.00361721076305327,0.00159784426867171,0.00111372388476475,0.0010678511117005,0.00183907264267761,0.00191418675984401,0.00207923825738783,0.00236698534294,0.00104340470917985,0.00121892394106014,0.00301749840088385,0.00114782459874931,0.00250620932027138,0.00265403651215995,0.0030478693382118,0.00154753577177701,0.00160083428376511,0.00157407890860558,0.0015299755412346,0.00408403145738377,0.00210740776049164,0.00357821582282525,0.00315038296108058,0.00295191517061332,0.00327415609071598,0.00396166293968173,0.00296788687265977,0.00306049428289967,0.00101322222176342,0.00105427668082841,0.00211769100781251,0.00131825736002872,0.00212829962406904,0.00277195236181283,0.00231969804270324,0.00293740170628916,0.00198323042417048,0.00113106914801789,0.00136797233097959,0.00195412078600249,0.00241335037589995,0.00345565879621214,0.00190149642638357,0.00134558754340336,0.00325469020419409,0.00388153307276227,0.00137092533830442,0.00261563167169968,0.00106974144659633,0.00161467089928386,0.00108634174089965,0.00104889387204867,0.00104942905462526,0.00109710001793583,0.0011253321747559,0.00109936648084926,0.00322306534309644,0.00199337631055934,0.00109707951648825,0.00163848029334686,0.00203986101845267,0.00396655528328459,0.00408047027057907,0.00106673283415644,0.00336700193925957,0.00193527552187221,0.00243157568939179,0.00212734280800806,0.0018598582334669,0.00210523482725453,0.00210199972337812,0.0037819608705541,0.00277271402782325,0.00286159438085301,0.00355397636222269,0.00278743699313869,0.00198369544189485,0.00212151147434179,0.00205610027754784,0.00388452131226166,0.00107016550993061,0.00212079879168037,0.00140811574607293,0.00208110967936624,0.00105558665475334,0.00121527617027258,0.00239907811224892,0.00208478632214426,0.00218295179695912,0.00294934944595954,0.00106550840719108,0.00231694983387417,0.00362550213399208,0.00278794153966722,0.00307924983392641,0.00322441797576149,0.00327802130870313,0.00183852692769682,0.00368548937590063,0.00273073454392093,0.0037255547638338,0.00108615568933295,0.00106104798028148,0.00187195893011181,0.00114594151032613,0.00258931560914178,0.00224551200167289,0.00132981235634482,0.00107383441461225,0.00282755289863929,0.00210618014498576,0.00303209276619657,0.00246695895998509,0.00200352109070434,0.0038556223296334,0.00396332255108022,0.00389235021690626,0.00398286752668118,0.00212636562401844,0.00385850320326602,0.00403911567169382,0.00130232539831026,0.00386868661096186,0.00134415470432392,0.00115593267831755,0.00360689792804082,0.00211319845433772,0.00218994927638183,0.0020830254024003,0.00256661644001221,0.00388291062281393,0.00397847738033627,0.00224049466089874,0.0033435487632674,0.00234605472615754,0.00209478918365501,0.00327882259792059,0.00280207868113691,0.00327130291745041,0.00200358247100452,0.00298074421240871,0.00380272794378136,0.00210849725872149,0.00332833955041677,0.00212521349473272,0.00168989857006465,0.00398585595851661,0.00309792397628474,0.0042257985936966,0.00130760491858677,0.0018780737525472,0.00207393881406714
"DU0007",0.00318541158291923,0.00389442227738076,0.00205848377483719,0.00344193772418658,0.0011075973916921,0.00292288726927335,0.00108703412258599,0.001316550816946,0.00211307805391889,0.00381727025768011,0.00126887201334854,0.003511748279705,0.00347818696720634,0.00354323282932073,0.0030770660800006,0.0011256993988004,0.00391058829630656,0.00229907822941978,0.00206867100294361,0.00213005026229331,0.00398565132155142,0.00213893940989127,0.00288688163383557,0.00208196296998781,0.00122887215779796,0.00155396246195076,0.00204286176575747,0.00194034451582932,0.00225816093751335,0.003143916226449,0.00333089024755539,0.00155604280567898,0.00311590216166362,0.00344239159975933,0.00309399692534998,0.00391287481446413,0.00154424530860568,0.00109622986330646,0.00207057172657294,0.00109696592838863,0.00199359809345947,0.00390765170298986,0.0020648023949719,0.00203436893163573,0.0029965514716931,0.00396455720131436,0.00207413351826548,0.0020772642788945,0.0015737405554628,0.00347115262284856,0.00165525302053246,0.00395739356004157,0.00392297108914612,0.00205471783015419,0.5,0.00112598378569419,0.00298781145829302,0.00110048751057369,0.00206942016298124,0.00398569306614045,0.00314448172417772,0.00204301335836765,0.00202698796153053,0.0010493820977684,0.003086602591842,0.00207326440826606,0.00149019369642325,0.0035704774871783,0.00301304353680427,0.00164310096562835,0.00108156888751856,0.001118180421154,0.00210008076060124,0.00309163804824892,0.00163115419267831,0.00111353506763739,0.00350411164034854,0.00125522526941379,0.00154571603245684,0.0011171977571658,0.00314753769917828,0.00353862822713463,0.00314200419035122,0.00312521756870528,0.00205090037725688,0.00395002931914833,0.00205992221718142,0.00126191947432675,0.00205994458504572,0.00112480836901763,0.00205292713330144,0.00104207745315082,0.00108212910508541,0.00151750294822357,0.00305394609387247,0.0039641341436588,0.00155966668186676,0.00397743061229084,0.00208837966870485,0.00200953406471013,0.00209013405467426,0.00381511739300873,0.00311657619076983,0.00107646849889393,0.00378841854788074,0.0020975630613538,0.00204690333766313,0.00117369468021974,0.00111284065967746,0.00154958362756218,0.00205147120842317,0.00106201487035759,0.0010540693798375,0.00309438388723401,0.00353830136269246,0.00346240605489219,0.00311882424950897,0.00305883476950462,0.0031419207757777,0.00313211863365801,0.00347328292377719,0.00157624890268633,0.00383537697546311,0.00346450393690858,0.00162256475751099,0.00108778040786922,0.00210971356177978,0.00206928411616061,0.00307052093691236,0.00152328922300411,0.00148807842116359,0.00108121361071327,0.00397731861629802,0.00107298981176156,0.0039481180909477,0.0039447299502976,0.00195730257767459,0.00106358683614571,0.0011172561941333,0.00205101217727822,0.00109312220483986,0.00381338139774278,0.00396791136148509,0.00389780351901277,0.00205935432821799,0.00309431096014012,0.00198943161759644,0.00154408519660242,0.00393233122857061,0.00293384368973235,0.00122565683879725,0.00107569431977529,0.00393755945901663,0.0010516985877709,0.00205487545555122,0.00308975953539999,0.00223784730048622,0.00161604576869378,0.00157845950403133,0.00155050822123791,0.00108510777580127,0.00110102493679195,0.00116575738260656,0.0020447764565353,0.00111570907370271,0.00211788053438623,0.00311434959993226,0.00310635862440863,0.00167568623104073,0.00349672810317308,0.00197631772742448,0.00207055192510519,0.0010964574694882,0.00307063729110059,0.00121045670583413,0.00395072154748335,0.00106307756771669,0.00204388951248635,0.00384546459243573,0.0019649518484327,0.00203073415275554,0.00197428694543331,0.00204688312430405,0.00397458758256456,0.00206349752325235,0.00197173342673621,0.00109341717148441,0.00200077269425654,0.00116653442315817,0.00349801855840368,0.00205949695504457,0.00396087762976364,0.00213829032969309,0.00207041150778216,0.00201581620007485,0.00200061126499488,0.00199943486023386,0.00152280916063596,0.0020533533135042,0.00226495940145475,0.0039348977130009,0.00205865750113346,0.00109948201501391,0.00154172483601468,0.00384027165451844,0.00208480422933346,0.00211730641422376,0.00396929935416755,0.00164191973692248,0.00397280606060134,0.00168324898402613,0.00207568119058072,0.00111308582037215,0.0020850486212257,0.00108567538214141,0.00161150001522572,0.00391986221539401
"DU0006",0.00300812709937094,0.00111836716237823,0.00326675000771453,0.00166016197816598,0.00409579459095607,0.00161627853204678,0.00311491640093374,0.00109498359960701,0.00223444439232787,0.00110610009319764,0.0025077847917997,0.00151892664058451,0.00159795580269793,0.00149204591573857,0.00157274759682652,0.00194752702248602,0.00114408216673239,0.00106372582416302,0.00338725504519759,0.0011226810005545,0.00115000202921348,0.00112706953451851,0.0015992418638962,0.00284866826018095,0.00331524011796493,0.00308386959656905,0.00236362176773271,0.00289146113264705,0.00102454450893141,0.00149936222533843,0.001631434892997,0.00270902485133942,0.0011904089030241,0.00157824304587679,0.00170738011434704,0.00146502969014504,0.0027355336289225,0.00301249827001171,0.00339700369572414,0.00310500683015882,0.00299986565799841,0.00112302660437255,0.00349491872716603,0.00108104037138867,0.00209749320524687,0.0011461661156628,0.00345293452402729,0.00253751940927725,0.00206398771467211,0.00111926879199429,0.00200602565024725,0.00114315169448642,0.00112661474480843,0.0027822340219767,0.00112598378569419,0.5,0.00157663580290876,0.00404075251544027,0.00259598210371909,0.00115000107134568,0.00253703111523633,0.00163008210147882,0.00180339103373552,0.00263865964216811,0.00162500004855818,0.00352947057616027,0.00261686376093205,0.00254799971205265,0.00162579681066934,0.00193388202385759,0.00306079049757948,0.00351099838604086,0.00160014552160265,0.00128259978615934,0.00148081444270623,0.00368754407642621,0.00151138853025615,0.00163164509536992,0.00396860006174259,0.00311520108301825,0.001516183516928,0.00148973199765276,0.0014963112858735,0.00118960329322972,0.00262945521710181,0.00114097127560326,0.00351275291053672,0.00350276416434581,0.00275634154589522,0.00398336112676474,0.00244473609566577,0.00293742540827291,0.00282924136139174,0.00178417689349518,0.00163007153002067,0.00114505249372742,0.00202791387399639,0.00114926479726508,0.00241007614924921,0.00220782089039289,0.0026915175535959,0.00140220614086557,0.00153084250750527,0.00296831363374192,0.00141126939671055,0.00168271298423603,0.00342026068400735,0.00269172943513466,0.0022243827151165,0.00341938052758879,0.00239629830443583,0.00288342427436208,0.00397317827806098,0.00172910606908248,0.00147331579290086,0.00156407201537351,0.00250280754803432,0.00166304232314152,0.00158433606278513,0.00120086946055604,0.00160089990848,0.003055402819317,0.00140875010586782,0.00156789985259004,0.00144705368259269,0.00390394558846159,0.00237404917388169,0.00257222410207253,0.00169655861533811,0.00332151634865566,0.00326872026168157,0.00393243327416458,0.00114869292768926,0.00432747153951209,0.00114032620610103,0.00113870532891589,0.00238961907297768,0.00447274834829547,0.00419198397996927,0.00351028777739918,0.00479025407491515,0.00140816198287829,0.0011467471520607,0.00112046930237573,0.00310726361410938,0.00162132904721235,0.00150302354429049,0.00214210649225897,0.00113019113821069,0.00159329187898022,0.00116224204426385,0.00385060907948829,0.00113067413474951,0.00451239482736873,0.00275974554381785,0.00229341809119132,0.0010301917029468,0.00264528377358821,0.00251492699389668,0.00321824283813064,0.00438440484745657,0.003357965211127,0.00275404803722745,0.0033163776628867,0.00393173074833016,0.0021684800543925,0.00121133238420872,0.00172083432257674,0.00158633002301383,0.00153733211832668,0.00228939666683859,0.00147208991564118,0.00212912976496341,0.00213376343610923,0.00231394297089265,0.00114062687866814,0.00430947651263448,0.00195505971222413,0.00111171465599014,0.00293371952995807,0.00289398862793112,0.00317777286029868,0.00257217954680757,0.00114834398795914,0.00318313871602995,0.00301912748529113,0.00216527335191432,0.00241865231798173,0.00259850916309926,0.00155995153638395,0.00345942209521978,0.00114328598237239,0.00104706216239527,0.00136060864169795,0.0022057859881764,0.00327555717284008,0.00253006705380077,0.00362220724120342,0.00329395895656325,0.00102946737000855,0.00113536579423235,0.00322474984797311,0.00404484043906736,0.00316539777992325,0.00141323923936427,0.00276845418120208,0.00223512997364075,0.00114079997324779,0.00364809241382651,0.00114854997497293,0.00149364773083529,0.00307932436796342,0.00310959423898705,0.00271871071701426,0.00253993131092149,0.00211303148528683,0.00112713221300616
"DU0005",0.00338431034886916,0.00298268341643868,0.0010648362049546,0.00334565670221081,0.00186648781242803,0.00539536706576299,0.001486604509201,0.00095958531058285,0.00107417419092235,0.00309878052203025,0.00109959929580919,0.00323040997735144,0.00342866332475075,0.00330649122951072,0.00450386138877066,0.00231312316536049,0.00304880679232232,0.000889385016908207,0.00105564480964442,0.000927205817475871,0.00303562099818984,0.000933127921249359,0.0038027292754293,0.00106152563139541,0.00145707229238703,0.00137922682578165,0.00106266482367212,0.00105775089825845,0.000860945911550583,0.00335029989934181,0.00436321776444757,0.00149318761493807,0.00342974204673564,0.00365701673868679,0.00594280193382707,0.00328155703112665,0.00160715629279487,0.00141893250811538,0.00106198825636369,0.00154487575293912,0.00105027805025193,0.00299028801362702,0.00105871569711028,0.000907783054242737,0.00402933322246274,0.00302208620869824,0.00106132206359355,0.00105651088201769,0.00151239734581535,0.00299048513747332,0.00130660483094276,0.00301931492402895,0.00299972708090415,0.00106925468855418,0.00298781145829302,0.00157663580290876,0.5,0.00437498096669554,0.00107790645028014,0.00303563010509459,0.00382723418639411,0.00108365061178764,0.00108120950849766,0.00169150454223962,0.00509852034047844,0.00106072225373378,0.00142134101720569,0.00352987564771192,0.00376310031038306,0.00118391974321178,0.00238743154076017,0.00301078725418148,0.0011099819101963,0.00406904071709165,0.00133064202108656,0.00317064663322964,0.00342150688678958,0.00141239360801279,0.00150821528018334,0.00272077831158772,0.00337781016595664,0.003295425558265,0.0031546864507105,0.00344967232255558,0.0010718725471846,0.00301400265929768,0.00105644277655197,0.00133619658647468,0.00105308899287467,0.00135497708226732,0.00106826387266245,0.00194731727439692,0.0109846314669216,0.00173675220740382,0.00451432284616402,0.00302288294881346,0.00127929436050338,0.0030301756038678,0.0010587516744533,0.00106580583118234,0.00106017682994851,0.00295036569668403,0.00344129894387251,0.00156542322865236,0.00307402971225415,0.00109685075626582,0.0010498416499807,0.00161009553479594,0.00382489573111525,0.00120896820652029,0.00107322599862852,0.00504891744343437,0.00201412144735854,0.00349937661251516,0.0032683027363532,0.00368285108114498,0.00465075039963141,0.0045080921209695,0.00347016077231771,0.00345733515150597,0.00341067284679638,0.00145840279125163,0.00296704637197493,0.00354739342082147,0.00116588572442461,0.00488381610249175,0.00108492106859419,0.00107843473431567,0.00347683644091258,0.0012533944848382,0.00136187511823444,0.00176621640204743,0.00303019218178044,0.0015892037633864,0.00301408902856852,0.0030118835702927,0.00107371441584138,0.00532402679791365,0.00159880570676996,0.00105621105835679,0.00242886642822484,0.00294708265504701,0.00302467868319191,0.00298424389603754,0.00106800919525326,0.00357141795250324,0.00115904929782416,0.00136839027702636,0.00300662256748228,0.00459593647562563,0.00105040500397294,0.00195887802817722,0.00300981373400161,0.00151126441641882,0.0010518153923777,0.00838063726315824,0.000860440885210483,0.00116416984518314,0.0014900263010863,0.00147388628302058,0.00235414762255667,0.00437763628747338,0.00138447523458457,0.00105808144624823,0.00260026697305096,0.00107659295650676,0.0036229183907779,0.00607847199847482,0.0011562843485133,0.00343869371864094,0.0010383681591664,0.00108170298418338,0.0083187940487311,0.00341510379336226,0.00148165769420749,0.00301571359356267,0.00330469158955366,0.00106334125494998,0.00296515129895183,0.00107238407620089,0.001059851839214,0.00104560184858562,0.00108412046947478,0.00302838218435298,0.00106546484500864,0.00116772646600831,0.00154294448620395,0.00107228546162163,0.00185432096570771,0.00316658257166461,0.00106044140442426,0.00302136828246126,0.000894876246442568,0.000922013905296253,0.00104466392571155,0.00105366563789555,0.00105670090682844,0.00161132444784817,0.00105751877409261,0.000858671450999645,0.0030062787146166,0.00106259576877932,0.00144254609726771,0.00132016786695797,0.00296374264861657,0.00105949443960271,0.00107685356573896,0.00302681270716893,0.00109949721822476,0.00302747677483344,0.00120294424578826,0.00107110129007594,0.00140616621565465,0.00108049760159414,0.00214729498761074,0.00117791751367723,0.00299856359436636
"DU0004",0.00169564066684999,0.00109409402356245,0.00290549691596659,0.00167906287803588,0.00277028083617211,0.00265882953750178,0.00401670663158576,0.00107276716329308,0.00269662135562284,0.00138661260424265,0.00298819676008491,0.00148214555269445,0.00162804109397881,0.00116938080753394,0.00227878823856267,0.0026024694010139,0.00112406520033316,0.000997528834422898,0.0025648320827204,0.00104054140926526,0.00112323156385189,0.0010415977587001,0.00138021782687932,0.00211297727233461,0.00288868107809381,0.00356602541306419,0.00283088369972965,0.003323789462483,0.000957736671502849,0.00152503182139793,0.00160306830280494,0.00323996406890641,0.00154911579732351,0.00167442789431833,0.00298709564700313,0.0014849776332578,0.00331097742018975,0.00348505362947661,0.00285847040812639,0.00398401940508294,0.00222788821960575,0.00109743167720892,0.00274808956176902,0.00101371594739012,0.00153912775733016,0.00111993620864096,0.00282269239396337,0.00189940523739213,0.00191806776164677,0.00109987974754242,0.00195178701784887,0.00111633421325747,0.00110152565826688,0.00321263038818421,0.00110048751057369,0.00404075251544027,0.00437498096669554,0.5,0.00305503598840648,0.00112323145414779,0.0022526818572199,0.00139385886606835,0.00132010406613642,0.00195548771419536,0.00255527394026414,0.0027552088743781,0.00226205740406253,0.00228136847606029,0.00144822878110327,0.00174789299760833,0.00317062244836041,0.00367092199780429,0.00138844927922223,0.00133314322017008,0.0014886676961179,0.0047483180485402,0.00156401570973447,0.00168159082692847,0.00329270273598034,0.00434100930195388,0.00153652645256043,0.00148714083042435,0.00149787815452019,0.00156103281426744,0.0030746109016011,0.00111453947605631,0.00273058133708431,0.00373313498021622,0.00204658079234707,0.00383743339738147,0.00291346256535347,0.0032413272308414,0.00738516206582946,0.00194287002198644,0.00226694417837292,0.00111895221520681,0.00188045593865825,0.00112326540256839,0.00182074578507869,0.00142831984910949,0.00200374695605631,0.00108295171263376,0.00155507216167678,0.00247262099256765,0.00137331873297439,0.00143207849511953,0.00261084581365364,0.00249955557068048,0.00328197316921371,0.00386052576423711,0.00286179324606896,0.00391393550428571,0.00313675764148288,0.001694686352044,0.00146947244729973,0.00168921754172524,0.00247945709624242,0.00231564693628082,0.00162526655705542,0.00157885080182502,0.00159528477841225,0.00358912535726631,0.00108398141204486,0.00164297907481256,0.00141831508333953,0.00431324465860138,0.00287708868058051,0.00303174754268807,0.00168546084218529,0.00384182323895921,0.00254081230023537,0.00291935478661152,0.00112245271353212,0.00301732960905601,0.00111380256143253,0.00111224565143781,0.00312990474144169,0.00513921080103009,0.00423821299333003,0.00271291709469734,0.00359530371880043,0.00136827068125704,0.00112061410166659,0.00109526670728406,0.00306071427977102,0.00165568718705139,0.00119704127915255,0.00189979028181366,0.00110292795314446,0.00211482591442244,0.00147914959103777,0.00286369741946395,0.00110424052061347,0.00287385479004564,0.00204879575891086,0.00341421424282115,0.000967690315409574,0.00314993139573346,0.00328662283485784,0.00364513724796891,0.00475472405247727,0.00534628404201891,0.00210067781933265,0.00285693811583278,0.0041630176311267,0.00262086097208423,0.00162909904671301,0.00315877738234763,0.00170654759640465,0.00158098155706687,0.00173962852652801,0.00129194355132201,0.00422536665767105,0.00158802822123166,0.00318314876415179,0.00111377430854187,0.00473089045237821,0.00154757988627881,0.00108929797448909,0.00314896134981484,0.00316084579840285,0.00315441040243036,0.003006506151916,0.00112242121933023,0.00302215470692554,0.00340731528237173,0.00196785087931275,0.00287067722505014,0.00175474459734249,0.00154776568447997,0.00276397992066437,0.00111668584074058,0.00100034475456795,0.00101731041794339,0.00168651188565246,0.00341223117200854,0.00298274597263163,0.0029416632348629,0.00248149387931514,0.000964103890404791,0.00110896746697541,0.00241501004172612,0.0035818915489876,0.00364242615093766,0.00108516776578017,0.00205640376801384,0.00269658587602216,0.00111364346261448,0.00297727669763417,0.00112238100519843,0.00142567879803964,0.00314675181553075,0.00359145934625672,0.00316788661941149,0.00180336399518945,0.00184565546803037,0.0011004733273648
"DU0003",0.0011248772436273,0.00205750226354555,0.00356411745425142,0.00108519101357853,0.00209567071000837,0.00106823845036358,0.00338848996197296,0.00171978040145732,0.00419061230451744,0.00198950119445906,0.00434806794703639,0.00162472384679918,0.00111323705185215,0.00121778892092011,0.00106738520148651,0.000961159279423318,0.001642737700096,0.00240557227992495,0.00328585844357071,0.00218881924141655,0.00215063243353627,0.00219283672583033,0.00105051016575779,0.00290709680071868,0.00262836335708513,0.00347654261932745,0.0042418701626267,0.00410446770326164,0.00234837066434834,0.00157841928477665,0.00108993970807776,0.0031746060453949,0.00114485382747448,0.00109520397562986,0.00107502289759608,0.00161643592819621,0.00321127549395306,0.0033677881971541,0.00355994468333701,0.00339916164685876,0.00289905619332032,0.00207755253061824,0.00343958617384522,0.0020693148426617,0.00108477227350927,0.00213877619495556,0.00352987601305287,0.0027336862246768,0.00130142249358845,0.0020112551081597,0.00198803103356097,0.00213083767149465,0.00209041340087363,0.00410819121793433,0.00206942016298124,0.00259598210371909,0.00107790645028014,0.00305503598840648,0.5,0.00215061350038613,0.00108229756363212,0.00230589255280685,0.00221283161571813,0.0015011071720402,0.00106642444361961,0.00346540833523729,0.00152394597403622,0.00112080425631789,0.00106966808276406,0.00141740084996981,0.0018036731200697,0.00193529979483788,0.00235076685450854,0.00104062875691073,0.00122102614732921,0.002853387069061,0.00115913231760323,0.00251461829660945,0.0024899850409129,0.00342561283237156,0.00156298225874262,0.00121907424129758,0.00158872587647273,0.00115588286430679,0.00426648406025056,0.00212515322694064,0.00342348627848155,0.00297628376830071,0.00283423134060076,0.00369973186062457,0.00433006923054455,0.0033060715768296,0.00340082592789176,0.00102310528768512,0.00106268120988037,0.00213711351045913,0.00129679402952298,0.00214792205159166,0.00268695291108125,0.00228732475371461,0.00282971808717623,0.00199541133804582,0.00114224273504737,0.00132971813170591,0.00196894142554628,0.00239068610069965,0.00330244576813523,0.00179272048638733,0.0013132560462504,0.00310372460054794,0.00425034630677321,0.0013591033603163,0.0024467578988708,0.00107792994623438,0.00162887015321596,0.0010974351367338,0.00105665886517969,0.0010579293976253,0.00111097046826555,0.00113605852190774,0.00111258386858068,0.00340633982020756,0.00200849537803268,0.00110766902364163,0.00126056539180859,0.00190491143585989,0.00429068041541966,0.00443382900096131,0.00107550140610409,0.00329897747155199,0.00181153826110956,0.00226244463524867,0.00214684647295778,0.00174093141704539,0.00212421422964742,0.00211771485577285,0.00412031395150027,0.00260142111500715,0.00268199984486943,0.00339942052200827,0.0026175508165979,0.00199905935797557,0.0021409574677802,0.00207113973511147,0.00373253219656977,0.00108028724679761,0.00212399627527963,0.00137688711997443,0.00209750138966694,0.0010494471671475,0.00121637190739773,0.0022283530496749,0.00210227036939709,0.00202623592763201,0.00283101508602993,0.00107589180699908,0.00233856752255257,0.00359466449018774,0.00319757578184407,0.00294111943799809,0.0030576691580294,0.00334395968318196,0.00168429708808348,0.00353129732339765,0.00256253284331807,0.00411682601587942,0.00109580016874644,0.00107150954906913,0.00185100676195159,0.00115624365685252,0.00250834911025646,0.00223431644459822,0.00130096602857223,0.00106878347441058,0.00321719729947718,0.00212490428302993,0.00286614162425766,0.00241287732917965,0.00201838005133543,0.00370914733170056,0.00382106563061146,0.0037483148801479,0.00389813566594405,0.00214603713215077,0.00370695241234616,0.00391004922748305,0.00127212836955492,0.00421567929213147,0.00133578081348146,0.00116682992105364,0.00345486083263297,0.00213118442712192,0.00220097062977567,0.00208850735948572,0.00249133080356023,0.00373516565760997,0.00432386136726745,0.002087457485927,0.0031938325202244,0.00236906594580612,0.00211262092601339,0.00313300534612059,0.00262940231490142,0.00336128358912332,0.00201841921624742,0.00286641694243773,0.00419588525906087,0.0021265605326931,0.00316692499710827,0.00214477747249826,0.00131802613634893,0.0038369971076981,0.00347049489492238,0.00430663585396331,0.00127465176318856,0.00145337325124255,0.00208874200363362
"DU0002",0.00323453190846622,0.00397386427282264,0.00211363021202996,0.00314099233739557,0.00103850209388219,0.00296873927377765,0.00111195583453994,0.00133954360219838,0.00219168740024923,0.00389887643380252,0.00210572099287279,0.00317767413673774,0.0031522725713084,0.00320631263573183,0.0031251365174855,0.00108156217497091,0.00319417095953117,0.00239789832994791,0.00214976526292596,0.0021944625409115,0.00409059671462799,0.00220273964455561,0.00293185892957144,0.00216143262331902,0.00126016024236448,0.00120123691076879,0.00211090642289346,0.00161753405865626,0.00234877839707449,0.00319685330401321,0.00337899148131585,0.00119915899121093,0.00316740754296878,0.00312015859029133,0.0031394690963021,0.00318757099803562,0.00119220498414297,0.00111917885082569,0.00215181124877545,0.00112042599507619,0.00205106596067509,0.00399759063173605,0.00213302120771203,0.00208021946449581,0.00304327546102211,0.00406805695001912,0.00215567337482832,0.00215301455320782,0.00119387194908659,0.00393100218876663,0.00128428779906814,0.00406100555339934,0.00401574247667636,0.00213103557050692,0.00398569306614045,0.00115000107134568,0.00303563010509459,0.00112323145414779,0.00215061350038613,0.5,0.00319498906632256,0.00210561464090843,0.00207225337612059,0.00101444194086735,0.00313442343805991,0.00215467228098991,0.00114707593196068,0.0032949159156092,0.00297211441116385,0.00126844062684831,0.00114776831647303,0.00113886796575608,0.00217221007428623,0.0030628789119782,0.00128101788087205,0.00113603848123989,0.00316921956492618,0.00214201374989295,0.00119775488092709,0.00114329597871297,0.00319997843880089,0.00320092792588851,0.00319574600477426,0.00317702560418454,0.0021037356809556,0.00405177382203641,0.00213194697046339,0.0011122203828759,0.0021352164825327,0.00115012268260535,0.00212863131428395,0.00106621439066922,0.00110816037343287,0.00113704464516115,0.00309920403958852,0.00406801531341951,0.00117853331657306,0.00408190360336359,0.00216641175288094,0.00205630958000021,0.00216988433767408,0.0038910175415726,0.00316796409524951,0.00108923548816127,0.00386332813414413,0.00217111560199441,0.00211612543253449,0.00119856811393812,0.00112361115708243,0.00119103245507933,0.00210657550521603,0.00112986701465905,0.00107696970302912,0.00313934441160735,0.00320269449841034,0.00313921358314897,0.00316470445734315,0.00310629898462002,0.00319128323378731,0.00318312819470326,0.00314040076076724,0.00122291459341938,0.00391614038855033,0.00313869890485271,0.00126409331221092,0.00110958326600007,0.00217294127739426,0.00214335798570453,0.00311296144031525,0.00117270681669543,0.00113316073346385,0.00103310426579279,0.00408200648758602,0.0010923680422801,0.0040513331246042,0.00404432218131984,0.00202823724866822,0.00108600625387804,0.0011404700622304,0.00212356208263512,0.0011276702575106,0.00389190767068317,0.00407186429732985,0.00398682640580751,0.00213281527153193,0.00314253234507934,0.00204304410790863,0.00117339448371439,0.00402841451458077,0.00297831445740108,0.00124140045891675,0.00109969048952535,0.00403451955985789,0.00107369500623729,0.00212937081973336,0.00313505668868808,0.00233301480885415,0.00125875118640507,0.00122470055445473,0.00121459505777441,0.0011078756967463,0.00112579684076635,0.00113988990384743,0.00211868187424418,0.00114085284330858,0.00219875558764585,0.00316401911317681,0.00315220699229941,0.00171224189544106,0.00316172026398928,0.00203384453727513,0.00211930137516204,0.00111103716728994,0.00311648312110764,0.00124159470187704,0.00405382998205966,0.00108424493064601,0.0020980833129933,0.00392432119845613,0.00164302991347717,0.00209871498439633,0.00202395130978643,0.0021642386026844,0.00407917290428081,0.00214360223105318,0.00202457195170732,0.00110269559772399,0.00207665442790979,0.00119369206812076,0.00315771841180674,0.00213465734228676,0.00406315052668092,0.00221248764758753,0.0021094949140865,0.00206481657354444,0.00205639110858532,0.00206856297587608,0.00117527338794154,0.0021299487943228,0.00236329642888809,0.0040367277109915,0.00213339758338777,0.00111935221925032,0.00118594548226431,0.00392302147660987,0.00216431379917245,0.00219941833263819,0.0040673106762084,0.0012860216838167,0.00407710306605227,0.00132305673171345,0.00215644955899675,0.00113901041036662,0.00216677093233859,0.00109958947122377,0.00123819745106467,0.00401391691318273
"DU0001",0.00397777733508664,0.0031413074338131,0.00107866504913727,0.00393734453578632,0.00226408116712156,0.00417831389759622,0.00239228576755184,0.00105818118643557,0.0011051486043485,0.00311702653375854,0.00111409904589989,0.00359500347963461,0.00384373724203072,0.00368115086689167,0.00386514686673694,0.00276153465993713,0.00321620439838725,0.000957132039297172,0.00107445612763343,0.00102215464891984,0.00319497890472404,0.00102844124780834,0.00548156716616104,0.00106740028564326,0.00120439862292333,0.00163518040501114,0.0010846642492208,0.00106860205693838,0.000925240466695286,0.00369679219326927,0.00426205624506969,0.0017298592892292,0.00377259395126218,0.00383782768697123,0.00440695248775119,0.00327036717316166,0.00172493697598169,0.00178416657815549,0.001078990314467,0.00239808534741861,0.001059878688543,0.00314814922966933,0.00107837789590034,0.00100004463420693,0.00457556063308355,0.00318076946110291,0.00107905247831,0.00106398736768037,0.0017656807205457,0.0031486461059586,0.00115304855193407,0.003177839227116,0.00315829749690075,0.00107761275125551,0.00314448172417772,0.00253703111523633,0.00382723418639411,0.0022526818572199,0.00108229756363212,0.00319498906632256,0.5,0.0010690662213053,0.00106891357186329,0.00216156476629872,0.00392705128398995,0.00107942941939384,0.00130489830273294,0.00492867647880104,0.00423555162294004,0.00117789682822954,0.0013185568042592,0.00168853579171133,0.00108755719414019,0.00391676418981143,0.00153670402960559,0.001741372381885,0.00337295015186845,0.00154145850447198,0.00163120630682296,0.00232781648497376,0.0037272726514829,0.00365286738698274,0.00368386784734041,0.00373731895206284,0.0010758345540483,0.00317240419787616,0.0010760676257828,0.00159239098186828,0.00106002282679785,0.00226644411038864,0.00108351585990066,0.00243856300892349,0.00140557521730289,0.00210268140811865,0.00389658494794088,0.0031817078206191,0.00167456381104404,0.00318929604157107,0.00106416310457924,0.00105989722389957,0.00106689799842989,0.00310460229654212,0.00377416976130305,0.00255930464922975,0.00342467945769733,0.00108219963141862,0.00107056293338338,0.00122366996005834,0.00176411369357728,0.00161852416895355,0.00109050840520041,0.00262841232991161,0.0023469179588116,0.00450155731282755,0.00361238815258602,0.00380698065171237,0.00455503695237121,0.00390971030298212,0.0039950645095822,0.00379047714913766,0.00385658239024337,0.00159735662530418,0.00344940848455589,0.00381016619682918,0.0014134670327931,0.00223139751118989,0.00109880583996765,0.00108384114527573,0.00397877657036508,0.0016466919873869,0.00170671209329447,0.00215984796339296,0.00318930939002316,0.00264985521679535,0.00317244654217008,0.00317017414909239,0.00107385890641767,0.00229187868394935,0.00257763949366408,0.00107598033733268,0.0042406603625136,0.00310344415834247,0.00318354441818,0.00314202993535332,0.00108217057029455,0.00395672907329002,0.00129707337401958,0.00164903465871629,0.00316495922069981,0.00414401630920382,0.00117899555154459,0.00265675980724739,0.00316831177811874,0.00237350872381264,0.0010586340294926,0.00433958192557386,0.000925919807551325,0.00118596614538494,0.00183817788712244,0.0015960691415785,0.00260176097468181,0.00219466252007404,0.0014348195231441,0.00107538635159486,0.00170753806732762,0.00111191248955318,0.00383344547908118,0.00447955539791512,0.00114029491315882,0.0033690681719588,0.00104335232317625,0.00108611936002397,0.0016122012267887,0.00390769398630518,0.00166850909228641,0.00317410278877556,0.00254515377855655,0.00105922183728634,0.00311658230635529,0.00140432272813482,0.00107440363233385,0.00105919747658052,0.00109464350322784,0.00318739191321698,0.00107939305958509,0.00136803361339513,0.00178503042737228,0.00107466345220175,0.00237028379973974,0.00371561769027984,0.00107995424320769,0.00318010465314295,0.000973467750413698,0.0010172235479249,0.00105153159782785,0.0013715235572539,0.00106249180306301,0.00127727945695068,0.00107029183754142,0.000922614327424694,0.00316438392453305,0.00107488141442547,0.00223810968332737,0.00157286741623806,0.00344503993181852,0.00106571747644298,0.00110799491916329,0.00318632982554623,0.00112294814049946,0.00318641666518881,0.00146224071871587,0.00108286284949725,0.00175783025202167,0.00108615030637988,0.00263757464789398,0.00158720238718929,0.00315636613418747
"CH0010",0.00152757037954069,0.00202669470459271,0.0024164912269916,0.00111952378150667,0.00218943048588483,0.00109372471884997,0.00129786378923103,0.00174816107719429,0.0022552412886419,0.00198161752463729,0.00222084373723924,0.00161029029406034,0.00113278841896241,0.00159441498408125,0.00109046559729197,0.0010660696756175,0.00163825272425803,0.00233463507068645,0.0028510270902816,0.00215703834508606,0.00210563301624949,0.00216296676870218,0.00110313103909584,0.00356764710379164,0.00256337912074533,0.00177049987988829,0.00219659928044538,0.00217482392281344,0.00228813103005351,0.0015755769956717,0.00106877522698339,0.00126486093088344,0.00154881052488803,0.00111579778226165,0.00108540408236447,0.00159436655587339,0.00126293550220968,0.00130397438890743,0.00248335911048488,0.00127284731611185,0.00309699726287603,0.00204708512352163,0.00249559192673291,0.00204907945081364,0.00112493503961307,0.00209539125109713,0.002501392786851,0.00413400380452278,0.00567404952429821,0.00200321928262308,0.00568735810269276,0.00208622330348313,0.00205333555399197,0.00232990687011725,0.00204301335836765,0.00163008210147882,0.00108365061178764,0.00139385886606835,0.00230589255280685,0.00210561464090843,0.0010690662213053,0.5,0.00644440553634236,0.00332081048621144,0.00107709048248865,0.00252412935170232,0.00393930950995233,0.00112978368842492,0.00110540873970762,0.00641630905031714,0.00214639440810376,0.00246289665788316,0.0068589027806382,0.00111128807550913,0.0016280644659624,0.00141824243580912,0.00153798341698001,0.00227541854245249,0.00194540528597103,0.00124325097198361,0.00156032632044985,0.00159267438223282,0.00159599992979896,0.00156340528687077,0.00227442885055926,0.00208341755502657,0.00250447413562665,0.00143824688500437,0.00363836211321698,0.00162283658286013,0.00222416577915355,0.00132092667241224,0.00133313741735026,0.00146034364137499,0.00106942237314742,0.00208930323706464,0.00588729786016728,0.00209821204730851,0.00452218856864419,0.00603095262780182,0.00386349463195235,0.00196863730770609,0.00154438511037908,0.00635243202140515,0.00194272634013157,0.00691611562934062,0.00254948361168781,0.00359397340471045,0.0062610253622003,0.00185508847002152,0.00218660748451714,0.00158206718743133,0.00152873653530276,0.00111886018457167,0.0016035505238031,0.00112511730876315,0.0010627677310067,0.00108583582664417,0.00150407944839054,0.00153334225848948,0.00151913988724918,0.00177407449018014,0.00197576004294046,0.00112180312211049,0.00166202666584809,0.00226890596952371,0.0022626742189233,0.00229713682261767,0.00111250251156106,0.00181957565234911,0.00288841526516388,0.0018951688343126,0.00210034544601605,0.00332554594378399,0.00208109365344092,0.00208033340181979,0.00216594748584458,0.00148005033867278,0.00152147648522161,0.00249367829680343,0.00146681812920682,0.00197259646852788,0.00209307982630538,0.00203790606715175,0.00239250471185808,0.00109451009207611,0.00224445509317084,0.00657261124824016,0.00206259613803491,0.00107241980982123,0.00165842136707137,0.00179799208222478,0.00206481355381294,0.00242831418052277,0.00362230690455109,0.00108071888744163,0.00228089279228673,0.00186033805209096,0.00125470995697092,0.00180877650656983,0.0014052443050629,0.00135400396867103,0.00304096137329964,0.00243768994648424,0.00150144965253137,0.00224419998783337,0.00151440005741712,0.00107490094044978,0.00639641788134935,0.0015449985853967,0.00452974974322474,0.00609194821481518,0.00614524708218639,0.00109794638693405,0.0016881467778509,0.00208275366838778,0.00140487344172375,0.00589864196420857,0.00200941425486909,0.00227447205184044,0.00231772892159611,0.00225507150756064,0.00231643890591637,0.00209852849996278,0.00242462664366843,0.00221354866304239,0.00602362482529272,0.00221886335341737,0.00151391592051791,0.00157056249140399,0.00248108044022801,0.00208977318077372,0.00217596778977205,0.00206856677657534,0.00476055125604856,0.00230186116950456,0.00222712236924335,0.00222430673299556,0.00290359974886326,0.00230527627283721,0.00207282577629743,0.00298384881390829,0.00151597009429059,0.00180764771122245,0.00199018741159264,0.00370415662917002,0.00225443033871234,0.00208749827587893,0.0020238474090467,0.00209680880648327,0.0016764147649967,0.00240877576585508,0.00134099990286884,0.00234405062730308,0.00608649851430825,0.00646258895932768,0.00205673654542827
"CH0012",0.00154193412482249,0.00200876799965386,0.00230502217989124,0.00148647652963365,0.00185405012990092,0.00107549269633437,0.00158723039840477,0.00174032765380606,0.00219473240531764,0.00197325439542663,0.00217534235798405,0.00161511295114188,0.00152180497084247,0.00159876104958596,0.00110218894711117,0.00107081230622496,0.00202810129603077,0.0022825450411977,0.00248789968170092,0.00211604076658626,0.00207228571167063,0.00212177286262766,0.00114386510506993,0.00324043119579099,0.00215599891790808,0.00172327023875578,0.00213760219397218,0.00212006090563495,0.00223993166023627,0.00157740620458993,0.00108169622749214,0.00163353793820685,0.00155442273017669,0.00150343346173681,0.00109500092471181,0.00159784896954586,0.00162421231799638,0.00163349464635084,0.00234639077595336,0.00123312352588372,0.00285267774659749,0.00201832346586348,0.00235580457874511,0.00203085981153965,0.00127077191464225,0.00206176883594382,0.00236093957585663,0.00372459114659128,0.00888393855138294,0.00199602619647388,0.00518790052399653,0.00205246116585006,0.00202346226369135,0.00222757968973317,0.00202698796153053,0.00180339103373552,0.00108120950849766,0.00132010406613642,0.00221283161571813,0.00207225337612059,0.00106891357186329,0.00644440553634236,0.5,0.0029157000198436,0.00108851945782277,0.00237681029540227,0.00351304121448824,0.00147110736753211,0.00118645594085431,0.00732763204904159,0.00225177782503624,0.00219766515744604,0.00761555747903521,0.00111444812936493,0.00162883208612206,0.00134227233945951,0.00154483179177277,0.00180635163234263,0.00183759333568287,0.00121030238862627,0.00156183383663154,0.00159697192016424,0.00160079691928843,0.00156835065929097,0.00219953448503189,0.00205093244755653,0.00236013663111791,0.00151599543887004,0.00329636290023661,0.00128177387406047,0.00215026323985983,0.00130341818220405,0.00127095269633798,0.00146320485882952,0.00108067003885272,0.00205619784936192,0.00859956673052585,0.00206402836584322,0.00406798013423425,0.00554959413372528,0.00349274575212714,0.00197140273040881,0.00155053821062856,0.00629677436137138,0.00194549694132162,0.00642173077805076,0.00239215880558479,0.00322086384917011,0.00609481872537706,0.00179237208203007,0.00213517021974988,0.00142893845546026,0.00140759529581977,0.00148536177625986,0.00160566431252901,0.00150901779905608,0.00107438121457377,0.00145808477644115,0.00113962165758032,0.00154209189230066,0.00153634047015606,0.00171903788526484,0.00196945549849011,0.00150202385806175,0.00165947871755061,0.00201200483513167,0.00220099766618146,0.00220879289492498,0.00149639390345217,0.00176365670023658,0.00294351271122506,0.00163866032085418,0.00206690287892491,0.00319927864136635,0.00204818463332983,0.00204940813735897,0.00209685877248991,0.00137623798474087,0.00142050615879363,0.00234831468142266,0.00135398420518624,0.00197661036741574,0.00205985380628238,0.00200918759093818,0.00227399845484816,0.00147999521122237,0.00225138305978248,0.00612826606311539,0.0020313883757698,0.00105221891505592,0.00166223167872555,0.0015458407831637,0.0020339473052966,0.00237828277345643,0.00328266901390051,0.00108775077086974,0.00223119963676032,0.00180724668641439,0.00162336974260296,0.00173496194037257,0.00132328440958496,0.00128974287887161,0.00267137461479379,0.00230462377337887,0.00176434574605578,0.00218320793761461,0.00153080631627634,0.00108263528148983,0.00781477480268076,0.00155659138238039,0.00409471693278655,0.00847198537265449,0.00648710459832007,0.00108906815190329,0.00166334204947923,0.00204965225053025,0.0013215866984139,0.00538381875431609,0.00199938956165525,0.00182238651935794,0.00221125814908279,0.00218336952880553,0.00219555576536221,0.00206514406262038,0.00230050618404195,0.00215106445813685,0.00640171281258525,0.00214322107416298,0.00148930538264381,0.00158422214634024,0.00234101423816758,0.00205609757421913,0.00213136348240384,0.0020512369835477,0.00430744669267456,0.0022249903019178,0.00215366430460066,0.00215911173991768,0.00251229303235324,0.00225462618059013,0.00203960169311951,0.00256357129245278,0.00176810735798923,0.00175520789464036,0.00198092369045183,0.00335658391480862,0.0021907737171767,0.00205671497793939,0.00232438987301197,0.00206354188642254,0.00167482241796388,0.00229000069065328,0.00166768966875636,0.0022446216278587,0.00673635200265069,0.00599774868009078,0.00202586187483394
"CH0013",0.00111001170678261,0.000985159291256663,0.00183159019433435,0.0020545889926003,0.0125392356496176,0.00581172116627042,0.00405396339212771,0.000889469573783025,0.0012969098443565,0.000977820777318188,0.00139623373948744,0.00118032751489227,0.00118369651238551,0.0010068663676017,0.0010842120851786,0.00129672225837752,0.00116785352838708,0.000882313133243414,0.00220952809875041,0.000874619317569572,0.00101444116439989,0.000878615173361669,0.00484407011397472,0.00283125089290765,0.00244235032972404,0.00181163677824111,0.00133286080824311,0.00158421112719079,0.000856067479684177,0.00102280986793378,0.00129120639345198,0.00146612758647236,0.00102832167369443,0.00116545873034707,0.00119563924187051,0.00100830315678965,0.00148468523869599,0.00360423204606986,0.00190899227948797,0.00434479681340783,0.00248889590670846,0.000990421171899993,0.00197162089343177,0.000896396681731338,0.00550302761809568,0.00101118069240947,0.00194257226397247,0.00322817843559401,0.00305457869029539,0.000995353633605409,0.00376432575399356,0.00100710237718264,0.000993897623686573,0.00158197566457352,0.0010493820977684,0.00263865964216811,0.00169150454223962,0.00195548771419536,0.0015011071720402,0.00101444194086735,0.00216156476629872,0.00332081048621144,0.0029157000198436,0.5,0.0010898517775053,0.00199208755150512,0.00344989191595766,0.00133032189214546,0.0059659252449402,0.00341271130892961,0.00254520456050324,0.00286978128303361,0.00314436249875204,0.00300389872462569,0.000908965859442497,0.00198274930463237,0.00107334541334301,0.00121165247707818,0.00209378818381895,0.00171232823907199,0.00102157790251154,0.00100930106840877,0.00102473057808115,0.0010341297019533,0.00156310927897395,0.00100571490049704,0.00198470818816589,0.00325429500330721,0.00288492568588543,0.00165482196164541,0.00136284971242377,0.00732335010496942,0.00167481774827635,0.00111687530834053,0.00120660285726271,0.00100790723387269,0.00319675732351572,0.0010117124538947,0.00346041552368886,0.00366239746573314,0.00304734642510335,0.00102411060994386,0.00102838502309164,0.00685266970463215,0.00105862802857575,0.00344583732899491,0.00208666844541594,0.00329746758527972,0.00369871517970552,0.00190777634382841,0.00134112376737006,0.00186341851877778,0.00640750746928567,0.00264713243946234,0.00100065486949042,0.00105651032911084,0.00110983704784566,0.00127565093413013,0.00107006707542061,0.00103050502192266,0.00124363801736888,0.00162247966932164,0.000970514419974997,0.0011116261315253,0.00104988284950268,0.00449982390472029,0.00159068556722237,0.00149276227864783,0.00211690399283663,0.00189321982918599,0.00446560554025629,0.0121712561282729,0.00101232929431757,0.00553865064667866,0.0010049553238581,0.00100453101810444,0.00132294852529073,0.00328532512414439,0.00244147827866061,0.00198312977518411,0.00334645988653899,0.00104996993305794,0.00100955413477263,0.000988071121311131,0.00174548171765769,0.00114518454371695,0.015695261099388,0.00393276451071754,0.000999392823961851,0.00347102256633504,0.000933794507317854,0.00501347586224418,0.000999416333691208,0.00747348830086551,0.00287482321432389,0.00126756660897023,0.000858583906120231,0.00184609691049555,0.00147977447271304,0.00163437806081743,0.00296595292679274,0.00172662309717934,0.00541955740247873,0.00186218532433227,0.00207518957115635,0.00127281450787192,0.00104694325054856,0.00117405461324274,0.00325789448183633,0.00108323838580137,0.0036536473447786,0.00314076391719254,0.00352883124269713,0.00234775263601664,0.001320583766679,0.00100557168678134,0.00346383907743198,0.00368553948003005,0.000986799061925538,0.0017592427049663,0.00183087975406356,0.0017301823017026,0.00140134533686981,0.00101169904927618,0.00178672253985157,0.00186101706708804,0.0051007049968071,0.0013469647750812,0.0218585005486589,0.00122518730207145,0.00194910925266591,0.00100865065677571,0.000862229128739553,0.000897458809946995,0.00362270746528831,0.00177502867708619,0.00146155864320413,0.00265188554149499,0.00227505838892683,0.000859153508435884,0.00100133559183342,0.00235858901557934,0.0034118940747956,0.00186985266249558,0.000979286712927324,0.00293277565895453,0.00129624270458959,0.00100837029430162,0.00193296827711777,0.00101126559125075,0.00101259942991302,0.00173062249748512,0.00260417552301461,0.00155695457237828,0.00618392863075248,0.00390807798424037,0.000997098403691308
"DU0090",0.00452886128912934,0.00308184964325543,0.00105013392474553,0.0043328119840833,0.00111159497041906,0.00434615053001544,0.00168668477183483,0.00156674133256802,0.00109399315663884,0.00342580028859566,0.00148022402042792,0.00359151080086896,0.00388202354481873,0.00367142917127994,0.00459619524176779,0.00265161028600397,0.00353677285590483,0.000962842942929899,0.00104064145226786,0.00110966047199571,0.00313441418719833,0.00110977408718406,0.00318606335456583,0.00104970809711179,0.0016595688877419,0.0016758084271957,0.00106848801741325,0.00106317115833163,0.00093447808037631,0.00375384041850422,0.00405086288369327,0.00226870938178553,0.00379493965208241,0.00436747629291383,0.0048180295261252,0.00362857988769546,0.00228761964230315,0.0021204900174116,0.00104572039295513,0.00170510394357297,0.00138106287583868,0.00308954266742093,0.00104468899336162,0.00141210735602653,0.00331878036741153,0.00312075741078921,0.0010453070784219,0.00105090538022854,0.00232294100444256,0.00345678378284167,0.00158487400645023,0.00311792362072259,0.00309858751177029,0.00105628575346295,0.003086602591842,0.00162500004855818,0.00509852034047844,0.00255527394026414,0.00106642444361961,0.00313442343805991,0.00392705128398995,0.00107709048248865,0.00108851945782277,0.0010898517775053,0.5,0.00104490821818068,0.00180047600116022,0.00400584207850409,0.00322587724845888,0.00160998090198493,0.00237875574062855,0.00264355971343925,0.00110183990442848,0.00341099282675211,0.00218105497254417,0.00260276627475297,0.00378281242667229,0.00162391422809494,0.00216930997250401,0.00252237103288049,0.0037936062454128,0.00366303459703966,0.00371537086442821,0.00379242936149556,0.00106168777202644,0.00311263457956564,0.00104193951807495,0.00119762984359664,0.00104399022450084,0.00168079098562349,0.00106731816933086,0.00118514972049508,0.00363773817423906,0.00214953911362693,0.00451780641433975,0.00312159249688643,0.00182135599148123,0.00312888771414017,0.00105413355696302,0.00106408215995648,0.00105175836277886,0.00304824480516086,0.00380388151299312,0.00160730382411986,0.00340127053799067,0.00108940784054467,0.00103696391330556,0.00221510167855412,0.00266736059837559,0.00167758324610432,0.00107560724772211,0.00291199263053256,0.00117086100475754,0.00436520830268721,0.00363282010190853,0.00441536030151345,0.00470881435872529,0.00456470660289766,0.00440409650010574,0.00385102626649525,0.00384228942099004,0.00168848290194093,0.00306617184392765,0.00433461672411636,0.00161251768757289,0.00255781016013767,0.00108384243075351,0.00106812823406626,0.0043601985543935,0.00221390085640134,0.00167021860952206,0.00110482257295925,0.00312891779534465,0.00154900871541904,0.00311266017563636,0.00311047756015226,0.00141798155339261,0.00240299907056706,0.0017487088061112,0.00104200627505227,0.00157810716525503,0.00338687167075017,0.00312340926796322,0.00308282682433936,0.00105309568772223,0.00439302540428142,0.00102858422985587,0.0016980192498398,0.00310527510134209,0.00358607076158128,0.00175575530426379,0.00118961253218327,0.00310856650448238,0.00145271956327937,0.00104264609008842,0.00480418345225794,0.000954802072975308,0.00159107428505811,0.00238523177966333,0.00167627067206322,0.00175109560874099,0.00261381401520719,0.00119571473637602,0.00104290149186872,0.0024568492309023,0.00110278915438743,0.00439493821073644,0.00481809588244383,0.00156882330519868,0.00378062182838337,0.00104589741147484,0.00109313822798668,0.00290158940181424,0.00365601157040572,0.0017664111125615,0.00311428770732087,0.00227929342561772,0.00106111840237625,0.00340683672400695,0.00142388038173791,0.00104446955954617,0.00103324037673967,0.00108019400399172,0.00312709311016713,0.00104943924249351,0.0010354360522268,0.00220144850727561,0.00106256625514379,0.00140854111931671,0.00373838845338165,0.00104623814528574,0.00311996209856551,0.00105396794078481,0.00109804944254538,0.00104472737236195,0.00103930317394565,0.00138838203275197,0.00225651971635198,0.00103997647885057,0.000940955731909226,0.00310482175884994,0.00104583360306373,0.00211607778451834,0.00164275533473654,0.00306236037122809,0.00104957015620795,0.00109674984760112,0.00312595880450766,0.00148629442444819,0.00312614637390034,0.001597487888326,0.00105476766581299,0.0017352060779836,0.00106700703317006,0.00127585694889461,0.00161317977313382,0.00309692684355782
"CH0049",0.00110207754721815,0.00205973899005894,0.00402707940784753,0.00108009762665523,0.00299151194860194,0.00108719926566742,0.00229235116159066,0.00130305710488179,0.00316042990842001,0.00199617287736593,0.00331535230024437,0.00161620265439469,0.00108696272564404,0.00160372511318728,0.00104470150942987,0.000940052243782969,0.00125053436674536,0.00241400961266142,0.00414521991882369,0.00218536185091787,0.00215469612853549,0.002190720117112,0.00108491794203653,0.00366961402026165,0.00309333677524662,0.00249759696140659,0.00321704978422766,0.00331412504769548,0.00235800925197524,0.00156652923173462,0.00105746573354436,0.00208494338878284,0.00112872586073733,0.00107310477420578,0.00105398114944824,0.00121164602150058,0.0021216632930095,0.00229267022026826,0.00418677292501361,0.00230908210591844,0.00370726024135193,0.00208168511898205,0.00425642323470071,0.0020627604089145,0.00110001736031896,0.00214236803721919,0.00424016653167866,0.00338396931839239,0.00142771459325077,0.00201352757730209,0.00197612964093855,0.00213523325040443,0.00209415662411616,0.00361721076305327,0.00207326440826606,0.00352947057616027,0.00106072225373378,0.0027552088743781,0.00346540833523729,0.00215467228098991,0.00107942941939384,0.00252412935170232,0.00237681029540227,0.00199208755150512,0.00104490821818068,0.5,0.00198220583653733,0.00110843133827172,0.00109993641966826,0.00159697487445036,0.00239070772150396,0.00273603797966964,0.00254373360635984,0.00107056154263216,0.00119475541530678,0.00287814157528503,0.00114183756218561,0.00247929210245267,0.00330915862112721,0.00232967947055388,0.00154832100944308,0.00160504895219919,0.00117765830722611,0.00114234947436504,0.00344887866115165,0.00212911097208941,0.00426207254435894,0.00283918239344973,0.00356747452814546,0.00248623145667121,0.00330825610555069,0.00234680937468253,0.00238769217759926,0.00100116935424677,0.00104285208249041,0.00214037811430034,0.00144797007426502,0.00215087433304451,0.00328201057588816,0.00272726872555171,0.00353590099995012,0.00199949132656146,0.00112622764740467,0.0015696099088873,0.0019693553341775,0.00262257546047942,0.00414831119199121,0.00244974547804348,0.00151492106179813,0.00278388148994362,0.00323340003656392,0.0014287681392679,0.00323328763233161,0.00107063270307743,0.00161809578632028,0.00107583944651477,0.00104340934331108,0.00103857130576444,0.00108341996306366,0.00111893020899847,0.00108534658879885,0.00254235592332131,0.00201009044369476,0.00108826141517473,0.00123118366774628,0.0026325644294882,0.00326932664789934,0.00343664123321672,0.00106257340866571,0.00267568514351502,0.00253183482439148,0.00316063606458507,0.00215028492788717,0.00243481827980371,0.00212801619594909,0.00212172620507828,0.00317195946426673,0.00311615088496292,0.00326983080516514,0.00423767724640482,0.00315529836299523,0.00200264632478088,0.00214411431579969,0.00207490059402799,0.00390699222522863,0.00105864347276136,0.00217912386475217,0.00158533996129019,0.00210378922776894,0.00109261714448659,0.00117269664647174,0.00310268029789654,0.00210729684171877,0.00289332920728839,0.00356615450438459,0.00105442908110582,0.00234452954494307,0.0029425910290199,0.00187076303491363,0.00270402494676375,0.00284662522892068,0.00257195372952752,0.0023829776635924,0.00408566060146578,0.00314575509121283,0.0031009705760105,0.00108098320306623,0.00104670813510928,0.00203120797772985,0.00114211326124017,0.00306264363819577,0.00237851377239254,0.00148625181537497,0.00110425762996578,0.00214955229661355,0.00212927133296264,0.00284120135796788,0.00281369412404417,0.00202343164933134,0.00363406428517969,0.0036893848165427,0.00361311839226486,0.00346452435862336,0.00214896745015716,0.00398725252818629,0.00345604275475951,0.00146687377132251,0.00324615428305261,0.00141265428449842,0.00115035940426673,0.0042251821321827,0.00213538575688216,0.00219843224686613,0.00208491804055499,0.00301141373727764,0.00371444223950205,0.00334326327260639,0.00292326512452735,0.00404416135014139,0.00237647268975798,0.00211639214769297,0.00398106868349859,0.00317824769871439,0.00259179716565056,0.00202206575308615,0.00360110555800836,0.00316602543641994,0.00213235889761682,0.00323817693684918,0.00214803006993043,0.00129222289666735,0.00390355168328695,0.00239063087963599,0.00358714418939428,0.0014886795711983,0.0016713020709161,0.00209462733709628
"CH0043",0.00181519087885092,0.00110514524832625,0.00181275276179604,0.00171618951973546,0.00260788526665005,0.00130558292035936,0.0019186745738474,0.00168725055932163,0.00135376737995685,0.00148682745217619,0.00183945912130968,0.00161831533262854,0.00223826384936664,0.0016386364403267,0.00227133668848748,0.00204160078686439,0.00157162456963493,0.00104697522248273,0.00220316615754412,0.00117758055993154,0.00114707646998068,0.00117344334988519,0.00119286775386755,0.00297252274716074,0.00299630407206748,0.00212720281223509,0.00174536337100475,0.00190403659500848,0.0010200318755348,0.00168599872377518,0.0012644655661927,0.00244875314305072,0.001724217520848,0.00219276934453152,0.00176841385005746,0.00161014163939004,0.00242905850816294,0.00242028718937661,0.00190012584793752,0.00192797114172219,0.00293706432874125,0.00112378000066246,0.00234010861871699,0.00150276228376967,0.00124402256383303,0.00114350107274571,0.00193245263782953,0.00351925614350183,0.0042869079261593,0.00152482427328737,0.00445817265950542,0.00113943921959051,0.00112511971179245,0.00159784426867171,0.00149019369642325,0.00261686376093205,0.00142134101720569,0.00226205740406253,0.00152394597403622,0.00114707593196068,0.00130489830273294,0.00393930950995233,0.00351304121448824,0.00344989191595766,0.00180047600116022,0.00198220583653733,0.5,0.00171364845367184,0.00124905609161918,0.00393446566475652,0.00517010808527475,0.00396453861513096,0.00341925180463635,0.00128729978640894,0.00216854591244508,0.00236386973779034,0.00169521575013674,0.00772245884138687,0.00301107039243965,0.0020448500264443,0.00170000291707359,0.00163311457059848,0.00168247292005608,0.0017199631235269,0.00151902305691994,0.00113787578329697,0.00197541120227528,0.00201648998047366,0.00305425314210404,0.00198799265748253,0.00139034872037896,0.00147932400435162,0.00192163903825209,0.00232048384714829,0.00223017195505075,0.00114016413682763,0.00450330288189855,0.00114408729070667,0.00385084775141028,0.00415829974679609,0.00326224597625573,0.00146877004495047,0.00172629140911072,0.00423831960194877,0.00148158098800315,0.00368686745581688,0.00245562551347505,0.0041449095110554,0.00435162367517539,0.00276060616483997,0.00135946908037863,0.0309332603411317,0.00202553860505283,0.00171972044992951,0.00161226602661155,0.00220019720779655,0.00175735813547641,0.00223003445181206,0.00225458085239343,0.00173698198112838,0.00220277566777146,0.00211366727002406,0.0014760600539966,0.00218905752256553,0.00171879566750512,0.00325813635873488,0.00176268837874491,0.00151553766277754,0.00221053974848532,0.00276271733710705,0.00431184316957396,0.00228290796877302,0.00114485069991425,0.00416987729686243,0.00113715859618144,0.00113678484376359,0.00212526648727152,0.00209045688629523,0.00254272262770295,0.00235248175856832,0.00271444794734744,0.0014613676093394,0.00114184616636804,0.00111921017592396,0.00174563281149062,0.00221055910255793,0.00167991103850432,0.00478675373803807,0.00151099972353337,0.0012696144022031,0.00231343706164489,0.00219491531570131,0.00112931505969448,0.00320805507653273,0.00342195776047795,0.00165041797846691,0.00106763170709852,0.00206195268448958,0.00197268877844147,0.00264244500252468,0.00196942263056111,0.00220740905405306,0.00349584816449788,0.00185624523258822,0.0029989528165437,0.00133676384837989,0.00220954914622887,0.00173577257182091,0.00385368255273055,0.00170562006047866,0.00429262090062183,0.00329223095884874,0.00406114581706272,0.00151880581291656,0.00207820041012233,0.00113786295294127,0.00188994909645532,0.00425577745813575,0.00148186180654827,0.00206580252755018,0.00164042909789197,0.00198501267346851,0.00204869780463843,0.00114411928991669,0.00178456563626025,0.00153811472477908,0.00456537019816319,0.00210449812679669,0.00159676290144266,0.00172159450138023,0.00193771960099353,0.00114091491086581,0.00150973726569071,0.0011406037243344,0.00442664313294781,0.00165655115815445,0.00185953756961348,0.0036412328784468,0.0022812804294343,0.00104402109985013,0.00113344639521636,0.00237439526168251,0.00246631559488621,0.00260870514266041,0.00148834081560884,0.00310902329219059,0.00135325320226667,0.00113787961703569,0.0022975349836046,0.00114353239973476,0.00165638591078475,0.00173215829864302,0.00248561618631918,0.00157574270895404,0.00363648685823669,0.00429452027211737,0.0015073969003353
"CH0041",0.00410145323755344,0.0032399711640763,0.00143869247015893,0.00401209717837452,0.00139495349464689,0.00355316221636009,0.00227098036439922,0.00165445871627427,0.00114694295894584,0.00321444976103907,0.00114584680741409,0.003710164079373,0.00394769958036685,0.00374870878394674,0.00394812981508351,0.00267525750180706,0.00331962212384703,0.00104061519024191,0.00110555242494331,0.00119218133817905,0.00329490619881378,0.00119513030037525,0.00348336039379508,0.00111099569044386,0.00122519500655416,0.00165140286348313,0.00145762064664453,0.00144372177450441,0.00101125225740747,0.00345007458205232,0.00421906256056468,0.00175571017279693,0.00347689395590265,0.00391419874195106,0.00408504937156568,0.00370412168023293,0.00174136631605418,0.0017099477623737,0.00110774354594124,0.00177579646703343,0.0014143687837986,0.00357700179705236,0.0011076973562407,0.00146880086096624,0.0043252646584079,0.00328046835394698,0.00110779787989313,0.00111299727076691,0.00182649492317386,0.00324076077683979,0.00121048281678682,0.00327719744285483,0.00325699904821388,0.00111372388476475,0.0035704774871783,0.00254799971205265,0.00352987564771192,0.00228136847606029,0.00112080425631789,0.0032949159156092,0.00492867647880104,0.00112978368842492,0.00147110736753211,0.00133032189214546,0.00400584207850409,0.00110843133827172,0.00171364845367184,0.5,0.00360049340379962,0.00158897122155675,0.00168497765176267,0.00172381094694909,0.00115236330685597,0.00356774705062105,0.00169737922068357,0.00175698753141931,0.0038208693415471,0.00120863153239722,0.00165062512272272,0.00178006664557664,0.00347653235118994,0.00339644961036965,0.00378455623788519,0.00347022826336858,0.00144336168961932,0.00327188749658729,0.00110571166182111,0.00153677480420071,0.00110464875291223,0.00239012444919274,0.0011217536104575,0.00138590814251772,0.00135737973150891,0.00210944204636742,0.00395514083525006,0.00328127480999069,0.00176772356423215,0.0032892126228228,0.00111647202835523,0.00145824592376524,0.00111345625421372,0.00355820618725186,0.00348348593512878,0.00243673495328543,0.00353624147128357,0.00114422252034725,0.00110034993451745,0.00125990224325074,0.00180998344087089,0.00165973564025437,0.00113397948948016,0.00263133334421017,0.00141867378622389,0.00405207784129171,0.00337264607404585,0.00391207768321719,0.00411021272987469,0.00398120325673381,0.00399792290251674,0.00351949254737252,0.00392047901515335,0.00163235796793712,0.00355634899502285,0.00390270298869863,0.00161072629052501,0.00226225915781956,0.00114339744837001,0.00112286636335363,0.00399951224056031,0.0016964391767663,0.00167275798928545,0.00134706709463552,0.00328915968650257,0.00246261902654343,0.00327161456721252,0.00326938897013167,0.00110513542986706,0.001642943215131,0.00236207053364169,0.0011050061438788,0.0017388498261905,0.00353226328343741,0.00328331958813552,0.00324022372095248,0.00111372342587418,0.00398065308412221,0.00127585634200701,0.00167713464997297,0.00326377302648494,0.00341370565086549,0.00172536255194394,0.00148661924868145,0.00326718774066701,0.00219757566624065,0.00110290600073313,0.00449679281711822,0.00103070960294072,0.00160401799616121,0.00185944514041909,0.00125995944501264,0.00244350914580663,0.00222199917481598,0.00129977979168264,0.00110381725747967,0.00172127933529198,0.00115452726676849,0.0035572584701954,0.00459316299159532,0.00120801944359034,0.00382178241670709,0.00109631693957894,0.00115306503620985,0.00163489931266293,0.00392558311711881,0.00131694197731488,0.00327338473224494,0.00226981164985439,0.001118381349061,0.00321832012519939,0.00111825570894959,0.00110676605585282,0.00142362118448238,0.00110907228287641,0.00328724943724887,0.00111016107475217,0.00142709300364153,0.00172509699775405,0.00110710674002587,0.00207077579808097,0.00385293180271644,0.00110853888971297,0.00327955661106394,0.00112759748731473,0.00147155241299771,0.00142329479756656,0.0014322642096609,0.00110043576472187,0.00167336284541016,0.00110289622773615,0.00101748585113682,0.00326334777007997,0.0011071618310261,0.00177511840425528,0.00163389928364505,0.00355401996407634,0.00111094818546173,0.00114966732708103,0.00328626831034906,0.00150279116112709,0.00328618025795351,0.00161796729656097,0.00111519609132232,0.00172145127618046,0.00112397088457358,0.00158127993232818,0.00161997637138396,0.00325493375414891
"CH0040",0.00326341806326931,0.0029206930133033,0.00108973476408007,0.00488204703178715,0.00529222287618368,0.00629260429162209,0.00322940891796909,0.000924523350657998,0.00106790890409748,0.00289494238252288,0.00109167114746123,0.00317690641317749,0.00329083908069452,0.00304252683181319,0.00317924208326133,0.00149666962970714,0.00314262851361531,0.000871230614511083,0.00111036560513035,0.000886846439946792,0.00297210594298684,0.00089379411400481,0.00763036734702067,0.00111920424783267,0.00119319917231475,0.00140462561892496,0.00106127642086703,0.00118806878200778,0.000848976944085702,0.00319192767635757,0.00409392353584861,0.00133894368876358,0.00308835319566498,0.00325287133798175,0.00337171242345993,0.0031081205055404,0.00133941602313181,0.00288663504169665,0.00109281023457928,0.00338962706345022,0.00109936644053799,0.00292710726937597,0.00109750566591747,0.000871466367039635,0.00738787118936695,0.00295904550863918,0.00109583629713163,0.00112378011073217,0.00144597248287361,0.00292416854349406,0.00117530925134599,0.00295606414674119,0.00293725318094522,0.0010678511117005,0.00301304353680427,0.00162579681066934,0.00376310031038306,0.00144822878110327,0.00106966808276406,0.00297211441116385,0.00423555162294004,0.00110540873970762,0.00118645594085431,0.0059659252449402,0.00322587724845888,0.00109993641966826,0.00124905609161918,0.00360049340379962,0.5,0.00140552401979836,0.00131164251825877,0.00130302017348785,0.00112066952262477,0.00690878741854217,0.000981303654750494,0.00142459365127854,0.00307745014883657,0.00104657441233653,0.00120612345427513,0.00149089843600846,0.00309435087490914,0.00303610491161421,0.00306506397280745,0.00308764881888599,0.00106622631211849,0.00295113084406002,0.00109625934969141,0.00406566448187659,0.00111185430411957,0.00128969552551279,0.00106509158951917,0.00670143388555704,0.00129181701429757,0.0012101889344766,0.0033076884854882,0.00295969163186995,0.00139241503020686,0.00296682726947915,0.00112396977120486,0.00120533671097828,0.0011242756450693,0.00297004592140167,0.00309248324572749,0.00365825165742022,0.00299640097228395,0.00112414616372078,0.00109812989764484,0.00121661609834998,0.00149372983502979,0.00136504691701605,0.00107012780068663,0.00221146369060359,0.00594077856089716,0.00451929699274599,0.0030211214341461,0.00313291371143399,0.00328034172131301,0.00337507848493159,0.00331419666794425,0.00311859552236598,0.00331335855265434,0.0012600238442077,0.00290130758468863,0.00321518756552284,0.00108847821758247,0.00139264742091229,0.00108154710856531,0.00107120296028651,0.00417616460146387,0.0013301881886648,0.00232742961264587,0.00560214047085483,0.0029668332288573,0.00299789432338017,0.00295098192003631,0.00294887105496201,0.0010400218226134,0.00238316582723825,0.00161883694752751,0.00109540142784933,0.00260664612576091,0.00298614806346882,0.00296152401512443,0.00292194999395021,0.00108329458959564,0.00329113576600693,0.00176964442354727,0.00155745162849505,0.0029436522584142,0.00678581125676676,0.000983186715744472,0.00514789403365987,0.00294695813854807,0.00392763386248793,0.00111001023917465,0.00342109373725323,0.000848819404389288,0.00142068082112977,0.00139563278128746,0.0011534699670416,0.00222841189410262,0.00128583376918606,0.00593550409845706,0.00108493056699936,0.00136533122266012,0.00106864897611283,0.00314049569024667,0.0041020515211872,0.00132854195071185,0.00317681253453883,0.00127577067560683,0.00120797049729858,0.0013673815507573,0.00558321224924666,0.00127490041576327,0.00295256809254896,0.00264540800620001,0.00110595959186298,0.00289983365909374,0.00119752327558484,0.00107649141519156,0.00117656015044563,0.00104698348762119,0.00296510656328419,0.00108371779999483,0.00119032018953154,0.0026904129116083,0.0010488479177493,0.00440078885936177,0.00325611411120295,0.00109709005880721,0.0029581795915902,0.000873944247705296,0.000957053173199543,0.00118534295661089,0.00118660622059842,0.00104686341837131,0.00135344535663617,0.00110741031485012,0.000847685742366386,0.00294333686307593,0.00111552705947598,0.00285073497134373,0.00139006095313011,0.00290140773514068,0.00112010313943049,0.00107030340430375,0.00296428155576404,0.00120970154886145,0.00296427643324465,0.00107933512901906,0.00108313232950248,0.00212480465156026,0.00107519717622114,0.00384219673918861,0.00154788555758055,0.00293564562767309
"CH0047",0.00171847192700288,0.00162883092605548,0.00191998496464147,0.00167000898937023,0.00209886493612956,0.00117409230288895,0.00170165147753757,0.00228709250332356,0.00176944199248995,0.00163004814617926,0.00181304444553684,0.00219264131622276,0.00169957907048183,0.00219088632796147,0.00165002212606307,0.00120866927640618,0.00217222855958642,0.00131754277977892,0.00172523094536002,0.00136418805924947,0.00126844365747414,0.00173212367919644,0.00137115205626597,0.00256463161664069,0.00279465347662236,0.00189173791766669,0.00173901429230644,0.00179926185321256,0.00162133209596559,0.00219233930753345,0.00142771529438732,0.00179051572863239,0.00217314616069859,0.00168222523690645,0.00157418663690835,0.00216433335275634,0.00178176617948399,0.00179391568614538,0.00156173246318302,0.00132461458094303,0.00257713742143501,0.00163818412377635,0.00198078245161974,0.00168784151081612,0.00140880120278516,0.00126502758914169,0.00157538371002344,0.00351356957627082,0.00767733290244261,0.00165873405530948,0.00609885851080228,0.001259258784595,0.00164159574528985,0.00183907264267761,0.00164310096562835,0.00193388202385759,0.00118391974321178,0.00174789299760833,0.00141740084996981,0.00126844062684831,0.00117789682822954,0.00641630905031714,0.00732763204904159,0.00341271130892961,0.00160998090198493,0.00159697487445036,0.00393446566475652,0.00158897122155675,0.00140552401979836,0.5,0.00254117567902449,0.00282640412042026,0.00716763324223753,0.00155699653415764,0.00180149844542633,0.00183203419788163,0.00216094538393404,0.00183839048429812,0.00202804446213043,0.00170367349551331,0.00217592513241674,0.00218077922513088,0.00220453027498267,0.00218627167798203,0.00180641724564284,0.00166127603849768,0.00198662448022039,0.00173888140202039,0.00304109033603078,0.00169019299224154,0.00175233921017497,0.00153164761580303,0.00140617454326874,0.00165239622393089,0.00161559024180182,0.00126009733714999,0.00782841636503418,0.00126284897511508,0.00348470355972965,0.00550205049094972,0.0028416737033331,0.0016112045880216,0.00216770960791356,0.00650088968208479,0.00160091818013943,0.00597402558652532,0.00203086558641295,0.00358510803433404,0.00696965233510936,0.00196007695001254,0.0017379080012416,0.0016539920913723,0.00174830911161649,0.00163937457343655,0.00216531211175626,0.00169232107821868,0.00157238337601462,0.00163121158343936,0.00169430342542519,0.00172716733223091,0.00171121804357956,0.00231764887508458,0.00161035042591614,0.00168617629380344,0.0022761846631845,0.00253625320165495,0.00179144901865252,0.00181346076000343,0.00168339890513165,0.0019346680111614,0.00326530302476733,0.00189977585250057,0.00126568646157468,0.00320909857445185,0.00165925731684987,0.00165925994459013,0.00175570692767335,0.00171256012052042,0.00194451005444353,0.00197996423929973,0.00146281083272953,0.00160577247714519,0.00126201807122009,0.00163193615103992,0.00189208901186464,0.00165513320936809,0.0018754039076699,0.00667119251451651,0.00164908735899973,0.00138073270440108,0.00190889605729412,0.00179424294538346,0.00165025719901174,0.00260327811743957,0.00302817139553593,0.00145702008367469,0.00167424106459773,0.00242578174954988,0.00176121154199449,0.00233821110082433,0.0014248252168858,0.00173407231592789,0.00330346778733973,0.00192955377764706,0.0019386846855304,0.00176027639103193,0.00171406113837935,0.00153416840141401,0.00823273798096948,0.00217054830362033,0.00441943247807364,0.00691563886881369,0.00715654690337287,0.00150211445467381,0.00183138006089714,0.00166045954155246,0.0017063987040274,0.0053276761813314,0.0016377006841944,0.00229326549192786,0.00183443379437347,0.00181956233673275,0.00142267359219263,0.00126478124051359,0.00191530602072835,0.00177950224990102,0.00733478022427931,0.00176690416479705,0.00186214048324616,0.00221601802845256,0.00196650563087053,0.00166484689184505,0.00172589074400565,0.00168010181029467,0.00418121099174838,0.00184289939272611,0.00177164797014322,0.00262604341276842,0.00216041575006087,0.00132397244631999,0.00165392973017036,0.00222040057043526,0.00194726855063406,0.00237954987080225,0.00162119415398396,0.00269235414551441,0.00135808346192549,0.00166518330080036,0.00244103081379876,0.00126394584349454,0.00222993923591218,0.00149766884329036,0.00181615709676787,0.00144133162429348,0.00706093513682902,0.00696545092660391,0.00164613440896702
"CH0046",0.00177607079593722,0.00108202310298245,0.00217360414901071,0.00167448826906494,0.00308390215981044,0.00226972198901411,0.00207365422272146,0.00161053175675916,0.00148949838763396,0.00145904550712952,0.00199966641520201,0.00158264910694805,0.00219563517703491,0.00161477121375255,0.00240103996859333,0.00204294806746004,0.00116097524200119,0.00102930134968907,0.00260782913510445,0.00119812199297017,0.00114776644988635,0.00119622091921634,0.00118132935888921,0.00322029331490402,0.00383557833210682,0.0027935276721419,0.00152668799070213,0.00216527288196561,0.000995368482685629,0.00165919853577978,0.00153109143429281,0.00257747739003301,0.00212550288376,0.00226690265505656,0.00233527859844284,0.0016021575323156,0.0026281938807797,0.00211365509685612,0.00230094783846236,0.00209883516891411,0.00324762313500028,0.00112251177537245,0.0023570657661453,0.0014958824757099,0.00123982713221454,0.00114298918217257,0.0023381597793239,0.00300558202164057,0.00285587000987526,0.00150166245305287,0.00286401348954365,0.00113974765029601,0.00112257941456074,0.00191418675984401,0.00108156888751856,0.00306079049757948,0.00238743154076017,0.00317062244836041,0.0018036731200697,0.00114776831647303,0.0013185568042592,0.00214639440810376,0.00225177782503624,0.00254520456050324,0.00237875574062855,0.00239070772150396,0.00517010808527475,0.00168497765176267,0.00131164251825877,0.00254117567902449,0.5,0.00439816770309328,0.0020749382093018,0.00126142977928495,0.00220788881530562,0.00330407984767232,0.00211879786168135,0.0195239758969829,0.00346383624891817,0.0028215406554961,0.00167366626583785,0.00161473284345678,0.00163727624177956,0.00213509343588688,0.00214475063529332,0.00113775686214341,0.00237791880936023,0.00233671531513241,0.00324073836049545,0.00214179881416995,0.00156336411856741,0.0018088697352099,0.00338623251569323,0.00228633374064415,0.00235396905731597,0.00114122323114823,0.00309929654338851,0.00114566820769773,0.00286312654664777,0.00261703287371309,0.0031748358385355,0.00143887719225288,0.00213116260525329,0.00269848493648093,0.00147056025130359,0.00222240918445343,0.00248423974918156,0.0042107808571399,0.00339867811559628,0.00303862632366456,0.00150594838461604,0.0168694534956454,0.00251604894633297,0.00169553753489363,0.00159266082436697,0.00229696485709228,0.00234079328120548,0.00236492613871179,0.0021845998365129,0.00215641507871887,0.00216459930318751,0.00282425584485581,0.00146388114271171,0.00224163267615529,0.00166006199674944,0.00418078200163415,0.00150834639655527,0.00178760095797671,0.00212694092613456,0.0029921746826968,0.00424668764513422,0.00275410833173403,0.00114572038812766,0.00357596224363486,0.00113694468146961,0.0011357961964916,0.0027230125003891,0.00288178225378889,0.00294527696507566,0.00237712330380058,0.00335604300792911,0.00143151217489078,0.00114292098807416,0.00111588853099144,0.0021109069739664,0.00220535786569879,0.00158133456208282,0.00324212694543725,0.00111963662277772,0.00156687455642864,0.00220495021567379,0.00258932552908529,0.00111977696163622,0.00352187786210416,0.0032451124061906,0.00182719836234158,0.00102472620475006,0.0022954572206514,0.00209817367913253,0.00353131051562818,0.00269190492576753,0.00308867517787592,0.00302572647244412,0.00224686867629735,0.00356094726171824,0.0014633342426184,0.00224592100848262,0.00229945053756105,0.00249099043357576,0.00214449958919868,0.00273526139367714,0.00164466951145321,0.00336405629562358,0.00148630617219197,0.00265289463397734,0.00113752033939724,0.00264081617264671,0.00233936696452558,0.00143829584284436,0.00201579381585367,0.00197681882272944,0.00228569294916032,0.0031357174332806,0.00114509811231013,0.00216123766751211,0.00218389645683682,0.00310608180467162,0.00219957388351424,0.00176665772528162,0.00168747367585232,0.00233312976922811,0.00114024795916445,0.00110201326348261,0.00149066670030924,0.00295424468679279,0.00234053256208368,0.00211371117313515,0.00410790518944409,0.00267838676413972,0.00101203150869681,0.00113244893280102,0.00275862734408751,0.00283161131934649,0.00286111044827588,0.00147025210818486,0.00325577457108151,0.00149036500083741,0.00112878855481104,0.00267777008618171,0.00114464998002298,0.00165879951767285,0.00209667487701577,0.00277223101573252,0.0018797577765053,0.00236613279258032,0.00275265722123741,0.00111647332143992
"TT0062",0.00229794520203236,0.00110949050026913,0.00249151510536993,0.00218665115416606,0.00366921959734274,0.0024024193070292,0.00225625049274351,0.0015466550504843,0.00155180722284729,0.00146907081768917,0.00208013683848928,0.00156062489594943,0.00216206227689196,0.00157736394714535,0.00242683295942408,0.0024669320124373,0.00151922598699163,0.00100529007740673,0.0030569963949152,0.00112226398008702,0.00113886875499779,0.00111926209665042,0.00128600766142604,0.00375174444498198,0.00394925950870818,0.00249900418847999,0.0016037294738366,0.00228858628493228,0.000971255695892314,0.00164108037828341,0.00131177653353836,0.00260623129437246,0.00167050101969344,0.00222836099690665,0.00263855195522674,0.00156783579573033,0.00265887758059786,0.00269471571539188,0.00260741756154388,0.00225996010758204,0.00386233278419279,0.00111505041678054,0.00270840465089441,0.00141727364619254,0.00131171515927296,0.00113502391967447,0.00265958139394071,0.00343337637444567,0.00332749860378409,0.00148798602229195,0.00320435943851617,0.00113198818879737,0.00111703785346192,0.00207923825738783,0.001118180421154,0.00351099838604086,0.00301078725418148,0.00367092199780429,0.00193529979483788,0.00113886796575608,0.00168853579171133,0.00246289665788316,0.00219766515744604,0.00286978128303361,0.00264355971343925,0.00273603797966964,0.00396453861513096,0.00172381094694909,0.00130302017348785,0.00282640412042026,0.00439816770309328,0.5,0.00237022359870397,0.00127448239744609,0.00209661410966844,0.00382083444061477,0.00165932164567446,0.00161482379503505,0.00377376376304872,0.00302757472717033,0.00165623720289527,0.00157856504507534,0.00161910553848405,0.00168275918194047,0.00196256316750673,0.00113016099531888,0.00272639588941407,0.00246113699373475,0.00365732233723189,0.00231994711079425,0.00164727215435709,0.00204031018696934,0.00451849849700727,0.00199813796749385,0.0023615735146229,0.00113298612973068,0.00339214554835862,0.00113698791683495,0.00328724696287411,0.00263735383915424,0.00360111151908942,0.00144619750443587,0.00167500903471945,0.00311395386549316,0.00110296931519338,0.00254879666636595,0.00288682727929582,0.00464575650539148,0.00405232251566979,0.00277461798831221,0.00161928072730563,0.00334857878075344,0.0028623021088774,0.00221380909538228,0.00155846147136703,0.00226364648929593,0.00244268001338375,0.00240507348875237,0.00219997025349039,0.00169692356617995,0.00170438989336159,0.00252068352761282,0.00109746247349136,0.00219542050621625,0.00158322064568659,0.00511097286545117,0.00162015144597897,0.00191881020913663,0.00223899680136,0.00323494014217926,0.00428534873940728,0.00322599985469417,0.00113709819704644,0.00410509112148541,0.0011294169266321,0.00112835836381342,0.00215242356380319,0.0039345216448887,0.00332392825197037,0.00272806167099429,0.00279483205187004,0.00109809004209604,0.001134645874949,0.00111124334991657,0.00234899009457873,0.0022108297653528,0.00127370192868546,0.00312880354324388,0.00112291828176573,0.00164914677348357,0.00170482221796609,0.00311181571813297,0.00112291728835917,0.00433138202224053,0.00366097271710183,0.0026481761243352,0.000994046814374353,0.00242334362569768,0.00266467260461957,0.00266351937642122,0.0029446325920405,0.00355036654221985,0.0035694258071393,0.00253958927673636,0.00394497233335396,0.00152279778941409,0.00221428672925685,0.00262697543516407,0.00276732225591055,0.00167776598378101,0.00315392281192008,0.00206893114076295,0.00425289723628725,0.00159098720764662,0.00211772800407052,0.00112994456663774,0.003515016310368,0.0026992377017739,0.00145734238912089,0.00257510858220549,0.00217066894265143,0.00216190855210824,0.00193109003489571,0.00113654957651097,0.00241300546620748,0.00201906892720865,0.00350570551156946,0.00181310831462086,0.00175435152286291,0.00165780924576572,0.00267535759062801,0.00113228363696428,0.00106726801927571,0.00109335050527399,0.00303362871651897,0.00222974977483846,0.00223150115316481,0.00470542622026752,0.00317044659430095,0.000982431361787414,0.00112513367957537,0.00329597999991799,0.00365567306472667,0.00257536738255307,0.00145192290894263,0.0036761078128529,0.00155262722958426,0.00113142917454919,0.00293931529607629,0.00113633494638205,0.00155375802012732,0.00231996407325672,0.00294853460010442,0.00202819115098787,0.00260374429266236,0.00307044512564233,0.00112017743535392
"CH0044",0.00117644254480326,0.00208336338204609,0.00243578970688021,0.00114533205650605,0.00209855004644654,0.00110811903805662,0.00131056081194673,0.00177608377752191,0.00231362587675695,0.00203815272956584,0.00226729753077188,0.00125562749099618,0.00115965571874704,0.00123501707767194,0.00111568546959441,0.00103207179233883,0.00168430145420076,0.00242360864905783,0.00267002515567128,0.00221239833940877,0.00217223941104415,0.00221899780017905,0.00112487189561835,0.00350967509260141,0.00209834859356886,0.00140073629637594,0.00224342525321282,0.00220888898236743,0.00237460277490704,0.0012133492284814,0.00109028766063478,0.00128618913468521,0.00119361834571298,0.00114409394528176,0.00110912293616702,0.00123693683108682,0.0012828738199955,0.00132145450930879,0.0025077420406479,0.00128164878712251,0.00305038971766537,0.00210331097765335,0.0025124484761019,0.00209413819332908,0.00114518167980997,0.00216115485505849,0.00252448267217175,0.00404236648459472,0.00694579531379453,0.00206035641892994,0.00556143012375659,0.00215168414780387,0.0021147715252614,0.00236698534294,0.00210008076060124,0.00160014552160265,0.0011099819101963,0.00138844927922223,0.00235076685450854,0.00217221007428623,0.00108755719414019,0.0068589027806382,0.00761555747903521,0.00314436249875204,0.00110183990442848,0.00254373360635984,0.00341925180463635,0.00115236330685597,0.00112066952262477,0.00716763324223753,0.0020749382093018,0.00237022359870397,0.5,0.00114118652045489,0.00128671481913432,0.00140968133221898,0.00118095344672733,0.00232083904937609,0.00155089190589515,0.00125636133803233,0.00119877173519885,0.00123242914984457,0.00123414762216647,0.00120868261881025,0.00230907601213866,0.00214840689932864,0.00252080431553895,0.00142170914184064,0.00357005544554082,0.00132810227607681,0.0022723185860599,0.00132032236114589,0.00134214548423713,0.00109428310411705,0.00109291093652214,0.00215550423568131,0.0070912270051686,0.00216408697360155,0.0044178434128225,0.00592586591586941,0.00378850578392117,0.00202328319967226,0.00119054324174704,0.00638847368549473,0.00199722432891482,0.00685410330037396,0.00255711163256976,0.00307887798782352,0.00644997553197205,0.00147332616115286,0.00223405343104271,0.00154798163806536,0.00150169232110336,0.00114252471862352,0.00124418495382693,0.00115213398539135,0.0010852729719766,0.00111266128746273,0.00115239746481647,0.00117808727656512,0.00116862088453827,0.00139930713004397,0.00203180929466641,0.00114576263451996,0.0013008593118952,0.0021828325898945,0.00231489183703449,0.00234168765273456,0.0011385242840015,0.00144676396725714,0.00277527174942313,0.00166846399423801,0.00216679985112179,0.00317957125461152,0.0021468804508354,0.0021426231573131,0.00220573459909925,0.00146243204617052,0.00150073762160114,0.00250896234312419,0.00144495627184942,0.00202812426597217,0.00215922744328699,0.00209650990738556,0.00242269639220697,0.00112128199123434,0.00231896858844293,0.00609366233497756,0.0021255972157962,0.00108233408255166,0.00129549733642225,0.00158434518966729,0.00212887367069782,0.00233187651955941,0.00355488686532997,0.00110617575435401,0.00236531813465655,0.00148461963297825,0.00127555742510602,0.00143786660142758,0.00139295629760295,0.00135347613342555,0.0028749382475101,0.00245712832312496,0.0014866636076289,0.0023055566266157,0.00117061018775788,0.00109851621623399,0.00715836722492105,0.00119049454363261,0.00441768235813074,0.00722872243650194,0.00684105384059935,0.00111113625295413,0.00132158504057654,0.00214858893322189,0.00139570181659526,0.00578665803805448,0.00206646941254283,0.00230273160666949,0.00234836283445055,0.00228188359254171,0.00236358625131559,0.00216497462658041,0.00245508545092196,0.00224485208899911,0.00673728329327562,0.0022577114825448,0.00154634644647029,0.00121339318255708,0.00250167353809668,0.00215474608198487,0.00223717213369807,0.00211468910650991,0.00464090470532082,0.00232745343939794,0.00226341244424457,0.00214315127417699,0.00269477223269146,0.00239305348106294,0.00213747327900782,0.00275371976929382,0.00149855679830778,0.00143525216522484,0.00204602074376547,0.00363831755873359,0.00231500511898831,0.00215328810153552,0.00203057410357655,0.00216322072447413,0.00132490166849204,0.00244222045811903,0.00134677158341425,0.0023864008999421,0.00693845237135576,0.00596753847451075,0.00211862765224265
"DU0100",0.00336593025037337,0.00301126592642958,0.0010634446002615,0.00600619358281368,0.00182348997868405,0.00352013734980774,0.00148752189889253,0.000957190591087056,0.00103533291257707,0.00305376311302841,0.00106252137340333,0.00322706828570368,0.00325208685747284,0.00331810468350879,0.00337246928908904,0.00565185392728246,0.00338452744508588,0.000937293688300312,0.00107456984017235,0.000940012464719322,0.00306286990862891,0.000946325201947351,0.0116420833915069,0.0010901151369753,0.00118024530751226,0.00115217122576635,0.00102743232163362,0.0010992757344089,0.000892723914903181,0.00327404134622324,0.00380813733130266,0.0011747902245845,0.00335610156334104,0.00339020717302609,0.00336823802393,0.00321531759721414,0.00117165407340629,0.00167319212494229,0.00106508450746759,0.00157826953807904,0.00114137692848074,0.00301687220617144,0.00114390211976251,0.000985185981154178,0.00456181763819994,0.00304931194567822,0.00106724538036481,0.00110175893549878,0.00151772467355907,0.00301631980550966,0.0011782996924098,0.00304630073534397,0.00302842506321304,0.00104340470917985,0.00309163804824892,0.00128259978615934,0.00406904071709165,0.00133314322017008,0.00104062875691073,0.0030628789119782,0.00391676418981143,0.00111128807550913,0.00111444812936493,0.00300389872462569,0.00341099282675211,0.00107056154263216,0.00128729978640894,0.00356774705062105,0.00690878741854217,0.00155699653415764,0.00126142977928495,0.00127448239744609,0.00114118652045489,0.5,0.0012879211549169,0.00125207366511308,0.00318677685176836,0.00122109409852162,0.00118845166564969,0.00140120302182577,0.00320848623403457,0.00325864716191309,0.00325720470767301,0.00355179672075032,0.00110647526651782,0.00304121277791979,0.00106842268270171,0.00587478646379209,0.00108489199032524,0.00132537760574274,0.00103224301997243,0.00543283346422259,0.0012722177039577,0.00258749001824049,0.0034387523968808,0.00305009027548415,0.0014437141173032,0.00305740501904115,0.00110377732142112,0.00109813906452912,0.00109857064243342,0.00297441391909925,0.00335117950308711,0.00151969629613009,0.00308874647196016,0.00112667109851323,0.00106905135680669,0.00120362306595649,0.00153061210527084,0.0011592041723205,0.00103812049591624,0.0014585236993224,0.00465120052794236,0.00345414695438434,0.00323387777682017,0.00337133290174652,0.00348191489109203,0.00329487549186137,0.00352330885744876,0.0032303814536265,0.00323078492028121,0.00114980407376181,0.00314645363636289,0.00322530507834636,0.00103122928507191,0.00130015253822255,0.00114292470671161,0.00104326351573539,0.00360019070843484,0.00151504458205579,0.00152298213669898,0.00270352017039484,0.00305741452813693,0.00159707919637356,0.00304113897729011,0.00303890061827109,0.00108337252990422,0.00265748677015633,0.00240633848169139,0.00106841421868309,0.00161997007144168,0.00297191559539613,0.00305196310829576,0.00301271469342243,0.00106098543722244,0.00429102799618237,0.00130945986512452,0.00122909543896249,0.00303524604343601,0.00778695261230847,0.00101927263834121,0.00824773797185537,0.00303833116575036,0.0016711432211235,0.00108293087496216,0.00350924876602257,0.000877170880735283,0.00156903516560597,0.00137132179790265,0.00133455000685547,0.0014635611591714,0.00124734401583327,0.00843345727849033,0.00105883486003804,0.00122524777375247,0.0010379887272896,0.00346191805679397,0.00341083191990747,0.00144677503648969,0.00318372616502569,0.00135921737084431,0.0012432855356075,0.00146350243070078,0.007521037135573,0.00147008937657655,0.00304277100683854,0.00391300633125528,0.00118805209620863,0.00298827266214173,0.00129931608265602,0.00112486384417808,0.00113625504556739,0.00103687021370859,0.00305564861377491,0.00105895472156795,0.00109375768834792,0.00233066749717091,0.00102064376504272,0.00257766860087748,0.00336727207910107,0.00107026558964291,0.00304846972088294,0.000899634813982867,0.00101705314493464,0.0011651106431482,0.00103874143753274,0.0010194638905384,0.00120940949383911,0.00107026045499559,0.000879639283792449,0.00303323620611421,0.00108364071538412,0.00266939382786052,0.00136109289615605,0.00299172810161378,0.0010925808598843,0.00103781306123963,0.00305597476423716,0.0010966129433782,0.00305478717188239,0.00115227873539978,0.00105918135090941,0.00126026086808795,0.00104825750306254,0.00832964849615348,0.00120569333806379,0.00302696322155463
"DU0078",0.00180968217070123,0.00163182411425862,0.00119490602285415,0.00165330387288422,0.000928545961239593,0.00121884281305205,0.0015752041991112,0.0117869495552965,0.0012715097586266,0.00162305233244007,0.00159601328538852,0.00175533813876352,0.00231540538113314,0.00180462333813872,0.0022967593396013,0.00201280293983939,0.00168842254641133,0.00193606078134395,0.00119522568622697,0.0248619511752287,0.00128102308944289,0.0241560024366638,0.00110906225496859,0.00121443579584816,0.0021846215617255,0.00221050286931371,0.0016259736185183,0.00161191463531356,0.00207235511848377,0.00225049915022185,0.00168240531250628,0.00234556570143284,0.00228495181035075,0.00233925107744406,0.00163488448641754,0.00178941022997159,0.00235795933044956,0.00162636014570482,0.00120103851720626,0.00155094644191831,0.00154467298614637,0.00128794845200091,0.0011994699480645,0.0212686403668288,0.00125055912445223,0.00127677482098134,0.00120244774673081,0.00121930308692306,0.00236516369735473,0.00160043608010407,0.00172908796752412,0.00127285026786733,0.00127378075530783,0.00121892394106014,0.00163115419267831,0.00148081444270623,0.00133064202108656,0.0014886676961179,0.00122102614732921,0.00128101788087205,0.00153670402960559,0.0016280644659624,0.00162883208612206,0.000908965859442497,0.00218105497254417,0.00119475541530678,0.00216854591244508,0.00169737922068357,0.000981303654750494,0.00180149844542633,0.00220788881530562,0.00209661410966844,0.00128671481913432,0.0012879211549169,0.5,0.001572484894391,0.00230188424240463,0.0017967497297689,0.00229194191539122,0.00207158452787899,0.00227575343293527,0.00179703129959217,0.00177582182771363,0.00232398504351072,0.00158034054895775,0.00128071657159784,0.00120146468392374,0.000974273734437516,0.00121509349488557,0.00159217505183775,0.00123375941880063,0.001083264036914,0.0012275912478998,0.00240647463394652,0.00224867162367833,0.00127579159391779,0.00232749070070005,0.00128174345079827,0.00123378828877026,0.00159347598103371,0.00122047750314726,0.00162411714822742,0.00228784605762117,0.00146016919221931,0.00164907148405238,0.00127671774603338,0.00119367968968101,0.00223653801344424,0.00161448943617598,0.00223374884331907,0.0015946569837441,0.00164684797013974,0.00106062077008321,0.0017351291727242,0.0017840495945235,0.00238231014321386,0.00213092332352288,0.00216469453411128,0.00233022599441873,0.00233306604970241,0.00231955748954227,0.0022183166945453,0.00162409727624588,0.00238650678179292,0.0127808128179143,0.00149868112061408,0.00125784318697297,0.00123280385163569,0.0017281340259434,0.00172631199856815,0.00213870176875312,0.000907133907048235,0.00128174298009226,0.00110187587339822,0.00126897650407742,0.00126704475291666,0.00156830007312146,0.00129992936933733,0.00154856167507457,0.00119529791153066,0.0010646200971353,0.00160226770114963,0.0012777392057721,0.00163564943790599,0.00120784065806205,0.00231861893932358,0.00151150840586395,0.0022700287371323,0.00127484863609378,0.00121367978964613,0.0123905591175034,0.00107624472908178,0.00127678103139402,0.00100092012482733,0.0012020137380025,0.00143866315854879,0.00311685901870009,0.00169416158353569,0.00230903220712937,0.00222785194575987,0.00149643465346646,0.00156599850533917,0.000879111133404199,0.00119602608528607,0.00210620374334442,0.00127603222393788,0.00241185158859359,0.00159184540222639,0.00171788701854067,0.00227764545269377,0.00152535864780257,0.00128576261401781,0.00138044466807164,0.00129485026069029,0.00235352275605704,0.00126989014111163,0.00134580483911672,0.0016110515259444,0.00161389589471733,0.00156435762765397,0.00119743416193808,0.00152845175976285,0.00123668112831176,0.00128074514192608,0.00119911210325285,0.0015555682650743,0.00204831655471476,0.00158030204155476,0.00134979235547913,0.00224751701309238,0.00120161562010252,0.00127017492091244,0.00669402966141571,0.0242094846160644,0.0015726827977468,0.00156336740434972,0.001564176875387,0.0022855042405664,0.00119965008833406,0.00254448496118386,0.00127820852735186,0.00120188396310762,0.00157014462121172,0.0021877123915642,0.00161814261966468,0.0012186248663202,0.00126931199451283,0.00127559192168502,0.00171291512293055,0.00127600412554651,0.0248306221639636,0.00121011243640874,0.00173323231712027,0.00122458860530375,0.00131754550376393,0.00178821263269806,0.001645035190391
"TT0049",0.0022614760760994,0.00110700086940632,0.00302517690139964,0.00221387559687585,0.00285880840191704,0.00253206523277204,0.00378297534388249,0.00110390668196636,0.00250506902393935,0.00144564728857617,0.0027875544571989,0.00155166399048782,0.00171692730449739,0.00155867811296912,0.00235507878533635,0.00250881009865187,0.00114400158397053,0.00100403233633297,0.00269046091066251,0.00106017420208719,0.00113603867138317,0.0010610800540215,0.00136020815559842,0.00222306853080481,0.00307315026504259,0.00342780685455706,0.00263212944220765,0.0031788686115609,0.000965154162605639,0.00160326970035442,0.00159137344757327,0.00354783519685921,0.00162952415638711,0.00219455651276787,0.00267646922614013,0.0015533624443358,0.0036269546094961,0.0037550473241592,0.00297869469783013,0.00379784935958717,0.00234615206121523,0.00111031358299668,0.00287043226561479,0.00103266329224334,0.00150215963591672,0.00113260043001707,0.00294411638621268,0.00199162222744878,0.00247686978430753,0.00111584459760402,0.00206304069481141,0.00112918404533038,0.00111425720803375,0.00301749840088385,0.00111353506763739,0.00368754407642621,0.00317064663322964,0.0047483180485402,0.002853387069061,0.00113603848123989,0.001741372381885,0.00141824243580912,0.00134227233945951,0.00198274930463237,0.00260276627475297,0.00287814157528503,0.00236386973779034,0.00175698753141931,0.00142459365127854,0.00183203419788163,0.00330407984767232,0.00382083444061477,0.00140968133221898,0.00125207366511308,0.001572484894391,0.5,0.00163841967656612,0.0016314315378615,0.00348160331287477,0.00418732232964594,0.00161568113329708,0.00156135264093244,0.0015785240470218,0.00163775352866947,0.00287918491196115,0.00112722499810891,0.00285336925455953,0.00358984662435148,0.00215218432982185,0.00353869135572916,0.00271214702357981,0.00301037035870675,0.00545295496440195,0.00197768244369823,0.00235490715681383,0.00113159141804707,0.0019846323614821,0.00113579661234569,0.00190444737815793,0.00179781082129902,0.0021047925502568,0.0014315244810196,0.00163527409976079,0.0020305399160961,0.00143729808159747,0.00145878863964434,0.00273521028158859,0.00309370838466952,0.00299313365501086,0.00373569375679506,0.00266370241136956,0.00320921983776353,0.00322356030556032,0.00224260623642124,0.00154122907620738,0.00220906625474935,0.00246908120273091,0.00240344294457896,0.00172120343527153,0.00165948562618039,0.00168409685313696,0.003446349329676,0.00109846978886526,0.00215095112878197,0.00149509000301239,0.00377413866347536,0.00266043300863336,0.00283065641284388,0.00222301520792889,0.00414578474443436,0.00271665804155424,0.00301079778639536,0.00113511106723625,0.00262697580074735,0.00112656427112854,0.00112500939613657,0.00298167965235671,0.00453023194784574,0.00381485677551295,0.00283583135849327,0.00364037503738551,0.00143046758214666,0.00113326213941577,0.00110789038200633,0.00317149790214673,0.00217339801900811,0.00118558178277139,0.0019983711364813,0.00111614821498129,0.00203482909641439,0.0015761974022841,0.00295781053447443,0.0011172574782395,0.00293024959236782,0.00215467713358515,0.00267464711474205,0.000977326046668957,0.00295007400750833,0.00363933941509284,0.00357227998448071,0.00444649493239726,0.00456094533673429,0.00214263625171342,0.00297511814171436,0.00434832520342593,0.00243546776764906,0.00214234551826664,0.00265536133183396,0.00178503879378732,0.00165368419897273,0.00181735343509546,0.00131252178845025,0.00323681974997168,0.0015536520150551,0.00305507535159942,0.00112667060849752,0.0045506890701173,0.00160200370740876,0.00143668434873789,0.00314068753484013,0.00309688100662591,0.00341392893432113,0.00281037498116877,0.00113494522638526,0.00313583366765076,0.00326682863991191,0.00247826147074483,0.00267423911887442,0.0016757737272996,0.00163030975546428,0.00288607879834774,0.00112953302452574,0.00101709051946265,0.00103680443615722,0.00175974092259114,0.0034997754191016,0.00278461352065207,0.00357289801122286,0.00260521149554238,0.00097239332206045,0.00112170639418946,0.00253911144323263,0.0041953600604978,0.00350731078471552,0.0010976090433,0.00216211086226746,0.00250528885256044,0.00112701401072987,0.00346183776821747,0.00113504070377479,0.00150139965149348,0.00325458058341731,0.00387666608838601,0.00296724811643886,0.00178872031669919,0.00193659934315428,0.00111350390208054
"DU0072",0.00387120636848802,0.00349619240005104,0.00152793236663779,0.00371791320808708,0.00112937871513519,0.00330667078025467,0.00154327857062188,0.00175819455088844,0.00119264436269496,0.00348116498642746,0.00158751384011152,0.00408587366168819,0.00380351420713505,0.00417123149478345,0.00423394401954291,0.00204713548415061,0.00360653084700988,0.00118877770353617,0.00113600810000661,0.00128912538006846,0.00316921195639039,0.00129118881111281,0.00303760522394519,0.00113881818792543,0.00219028415262151,0.0021820784757318,0.0015455354314055,0.00151889964538713,0.00147325202131017,0.00425081184073398,0.00399541762842232,0.00225209215462623,0.00426143666822899,0.00423173744613578,0.00374368108592015,0.00412731738152001,0.00225924909456223,0.00161324736036154,0.00114029286866825,0.00120590926688042,0.0015017957690522,0.00350654061126608,0.00152431468388231,0.00161005444650561,0.00316615562523434,0.00315506518044965,0.00114070178741908,0.00114146728537566,0.00178056729743262,0.0035068834628709,0.00214870936830712,0.00315183304582937,0.00351691875405691,0.00114782459874931,0.00350411164034854,0.00151138853025615,0.00342150688678958,0.00156401570973447,0.00115913231760323,0.00316921956492618,0.00337295015186845,0.00153798341698001,0.00154483179177277,0.00107334541334301,0.00378281242667229,0.00114183756218561,0.00169521575013674,0.0038208693415471,0.00307745014883657,0.00216094538393404,0.00211879786168135,0.00165932164567446,0.00118095344672733,0.00318677685176836,0.00230188424240463,0.00163841967656612,0.5,0.00165969182006828,0.00222844349755285,0.00168322331996556,0.00429054701596956,0.00416618536959406,0.00420084356616321,0.00426618850288454,0.00153658318731643,0.00314638994570727,0.00152234042395219,0.00112432141738236,0.00113167846520678,0.00155050354279126,0.00154384628081299,0.0010871302927772,0.00138952771941878,0.00240894304242637,0.004202823883804,0.00315574803016654,0.00176889103435382,0.00316355807421337,0.00114705749172175,0.00152850846713225,0.0011421902895541,0.00345998411776551,0.00426384434830391,0.00145412756277222,0.00345794616526657,0.00117426045251854,0.00151244737994539,0.00219925943333664,0.00164274611654631,0.00171761781347859,0.0015497599098219,0.0017079876429892,0.00108248392970677,0.00373004636180373,0.00412670644904768,0.00426378392334807,0.0038122933085753,0.00420012086459078,0.0038341436822547,0.00431799695936257,0.00422560785484084,0.00225499327397547,0.00347435046306403,0.00427410378067955,0.00222679391706535,0.00153033617690933,0.0015775308580565,0.00116022382142131,0.00373676750086242,0.00168994366764463,0.00163633829745517,0.00110121863961032,0.00316357555004989,0.00141266428548142,0.00314625022790515,0.00314400282329118,0.0015284842946336,0.00138018037796988,0.00158389582002236,0.00152026411460764,0.0014536249417225,0.00345559656856377,0.00315775262189093,0.00349718167800883,0.00114448079449467,0.0037979958392021,0.00153084718135284,0.00173076945300332,0.00352564244530619,0.00332125271276021,0.00188082939225094,0.00110452103107129,0.00352943369493794,0.00108342241300336,0.00112969775922144,0.00361805530542643,0.00116726561140828,0.00211152788795569,0.00180263753359088,0.00221580188103419,0.00156001332621134,0.0015907947740719,0.001129450076371,0.00151712811415335,0.0016751086065158,0.00159730177957092,0.00430063969315637,0.00372089089186175,0.00166806384601472,0.00428026127005822,0.00150766291710249,0.00156287020450285,0.00147229911237991,0.00325768420107934,0.00229413072933803,0.00314794138157753,0.0014216672345403,0.0015295530174037,0.00347380240414265,0.00153139851134546,0.00151432367313816,0.00149273192748478,0.00116619819513818,0.00316168409760474,0.00114220971104893,0.00149697254656421,0.00165321541369861,0.00152434796123858,0.00145300214123493,0.00419366289346461,0.00113989467735038,0.00315396475427557,0.00159093843044879,0.00161417654636645,0.00151023338566889,0.00150603846310774,0.00151259049421362,0.00218526392460831,0.00151687039613267,0.00115940947098418,0.00313800083169821,0.0011353734341117,0.00156166854161157,0.00212642655708418,0.00347567498295412,0.00113926070997223,0.00119550153241182,0.00315969029856881,0.00204042111349593,0.00316064750955647,0.00222473671998551,0.00114792327893818,0.0016603542275488,0.00116090909374886,0.00116039517472334,0.00214318924808102,0.00351554587721748
"DU0073",0.00164678730262616,0.00165374628843557,0.0016359843214174,0.0011208785388176,0.00139859504347939,0.00114041201399722,0.00151308276704914,0.0017593144244885,0.00250176496124649,0.00164520339301658,0.00256154092720451,0.0016438073693537,0.00162041723532931,0.00215019278737977,0.00165225301846721,0.00159038400504026,0.00208084815700734,0.0023494415741178,0.0024685769244432,0.00223260954795587,0.00214196650687636,0.00224068404140267,0.00109484922055743,0.00250187482432424,0.00207765154046034,0.00203454439037069,0.0024556404311994,0.00239985845015187,0.00229516702709894,0.00166851030928361,0.00145248764027103,0.00201037122812047,0.00214383924975851,0.00162020588595838,0.00124345107096371,0.00210568724069718,0.00200914709967915,0.00150841068799713,0.00248811185557104,0.00187842801792602,0.00240747779570191,0.00208094422367782,0.00204943388471498,0.00213966184042291,0.00123874375383673,0.00212733336410399,0.00248966268214941,0.00245520557384908,0.0018196515652696,0.00210309113937938,0.00237222163682769,0.00212001312425776,0.0020905723737345,0.00250620932027138,0.00125522526941379,0.00163164509536992,0.00141239360801279,0.00168159082692847,0.00251461829660945,0.00214201374989295,0.00154145850447198,0.00227541854245249,0.00180635163234263,0.00121165247707818,0.00162391422809494,0.00247929210245267,0.00772245884138687,0.00120863153239722,0.00104657441233653,0.00183839048429812,0.0195239758969829,0.00161482379503505,0.00232083904937609,0.00122109409852162,0.0017967497297689,0.0016314315378615,0.00165969182006828,0.5,0.00201769654385849,0.0020165072211295,0.00165921260215924,0.00214084469006733,0.00166674563689265,0.00168418309785777,0.00166856444688845,0.00211480236429776,0.00245595240974868,0.00150874681518335,0.00247183627477268,0.00168206798041963,0.002476466946974,0.00147928270606549,0.00174360920849719,0.00168264768600607,0.00163228603751469,0.00212541184372614,0.00181942582634536,0.00213633836886478,0.0024541513373979,0.00186733948556521,0.00249850731827158,0.00163386889279632,0.00213721568853383,0.00135031624002381,0.00205954454150545,0.00234960708431072,0.00243621121425172,0.00201875906829367,0.0014542457861864,0.00209133940568962,0.00203224619679531,0.0268170695514174,0.00140114754333975,0.00112276513639656,0.00213732500051125,0.00163121210752022,0.00161545609602229,0.00160417462727531,0.0016876761078702,0.0016760224131779,0.0016425084139216,0.00206713830599032,0.00207677013125821,0.00164161218186087,0.00169197693922738,0.00160034965961791,0.00207615298727286,0.00250617476193805,0.00115595626561601,0.00208298680414185,0.00152924226622725,0.00137048790539162,0.00213639413317357,0.00151037641691266,0.00211294589041277,0.00210993883088492,0.00839687198741088,0.00157904531077666,0.0020357723897231,0.00244647736178508,0.00580059030275224,0.00162719379317448,0.00212901603418602,0.00207111863742715,0.00248068998938768,0.00162862140802602,0.00161253493056738,0.00186665394248038,0.00168823130634499,0.00106935429586312,0.00172899014519689,0.00146208191036386,0.00168828723664799,0.00151416299665246,0.00246984375967148,0.00123970378499801,0.00226224099644532,0.00209446225976344,0.00197594749647315,0.0070055648719137,0.00182121897156093,0.00201277684035055,0.00131910294214138,0.0024507456915525,0.00200692952548876,0.00248616645357039,0.00165815539935173,0.00124246837318398,0.00235428273460713,0.00165315586955187,0.00235580842069968,0.0018003674498254,0.00147484282160378,0.00110233078065742,0.0032974638265121,0.00211446931627877,0.00156142900115566,0.00230851444115197,0.00124411377148511,0.00242929660320214,0.00245378399890839,0.00201452485517538,0.0182791070303961,0.00213453446718191,0.00248898076966216,0.00201615382149944,0.00131901383838352,0.00642138763487436,0.00119427970622649,0.00162844108194013,0.00204555279862853,0.00212201592384525,0.00178434626105629,0.00217134144085641,0.00193834409541191,0.00163213384870256,0.00245308208269613,0.00198596319510578,0.00244600961648462,0.00230059164215378,0.00210231126847492,0.0024511027364202,0.0015117140362387,0.00206713358437689,0.00206816914030469,0.00250560531667936,0.00250527577260757,0.00170421763806392,0.00248650163620342,0.00213293243766719,0.00219746727221111,0.00251596507807945,0.00156805116182767,0.00254224726328844,0.00145792037161008,0.00187297011425212,0.00168091951335566
"DU0070",0.00176041941110909,0.0015363482876092,0.00345944126080846,0.00168071968864665,0.00313993208023269,0.00147515048927627,0.00280067804108634,0.0017293802255143,0.00217136716816909,0.00153401233219182,0.00280286919465619,0.00165398240795318,0.00219548832914769,0.00211840700357579,0.00220476084909136,0.00197919008387158,0.00160098399572218,0.00110769411209616,0.00314589842545403,0.00128162227700874,0.00119775573304399,0.00127888102836443,0.00119263352866896,0.00265990933726869,0.00402138836178203,0.00351995149790015,0.00265379810877053,0.00285310879861849,0.00107682917571954,0.00216287662330911,0.00165750146651899,0.003228870141447,0.00220902270668012,0.00224790489705502,0.00169398012475749,0.00166043157419945,0.00331146795651835,0.00286221311303189,0.00320648143283444,0.00281999787968262,0.00316288789098361,0.00117083153609005,0.00329477871029747,0.0015905566946579,0.00122535642086379,0.00119355172634937,0.00325736407869817,0.00238251242426609,0.00207250437581118,0.00154607159450157,0.00237808026403702,0.00119030295198941,0.0011737216582899,0.00265403651215995,0.00154571603245684,0.00396860006174259,0.00150821528018334,0.00329270273598034,0.0024899850409129,0.00119775488092709,0.00163120630682296,0.00194540528597103,0.00183759333568287,0.00209378818381895,0.00216930997250401,0.00330915862112721,0.00301107039243965,0.00165062512272272,0.00120612345427513,0.00202804446213043,0.00346383624891817,0.00377376376304872,0.00155089190589515,0.00118845166564969,0.00229194191539122,0.00348160331287477,0.00222844349755285,0.00201769654385849,0.5,0.00338686119001242,0.00220144321433937,0.00211663612645772,0.00212630712020488,0.00219100675261894,0.00288805492452195,0.00118796026432475,0.00328291801249225,0.00309067157912458,0.00257653448902115,0.00295916968723601,0.00235305260075401,0.00241841563333933,0.00278519169252478,0.00235122655574784,0.00220450161341548,0.00119237611024321,0.00252502012158204,0.00119685221566366,0.00227151451832906,0.00201435894459037,0.00252049793658988,0.00152489721301313,0.00221491548057678,0.00199422740888782,0.0015227179315374,0.00162543046060159,0.00317774720091973,0.00349266734925264,0.00210758210172645,0.00380225747325929,0.00267884623214224,0.002152619071496,0.00330843953725844,0.001689168543835,0.00166129413603605,0.00225118312244999,0.00220249768971695,0.00218602430692155,0.00220303418850558,0.00226257496332242,0.00220814861718251,0.00359378825313776,0.00152363292334329,0.00229326519774843,0.00219294138706032,0.00313851401061363,0.00228846669086116,0.00246881300529952,0.00171094674107721,0.00326329142532235,0.00352080383623564,0.00328363589817348,0.00119632299948262,0.00282751272366355,0.00118728917447076,0.0011856701342447,0.00267739103597727,0.00350568654630608,0.00382818212933274,0.00363864115369477,0.00359932725185133,0.00152292422641368,0.0011941649611731,0.00153927491686483,0.00294468876035342,0.00220592088910754,0.0016349823995434,0.0026096012592092,0.00155420571969933,0.00147831118367341,0.00225938859428922,0.0031558157071112,0.00117825859691707,0.00321830432309897,0.00257931680079543,0.00156551909826101,0.00112622947583605,0.00298352100468156,0.0027343295639005,0.00372995359828401,0.00339579746984971,0.00312904114946251,0.00240690157010238,0.00313194501858017,0.00424011454697105,0.00211252105655181,0.00226192991223331,0.0016498988597753,0.00197140385490167,0.00221231431169992,0.00253630037296428,0.00143124534687171,0.00192029339302082,0.00124634944172575,0.00323795782838378,0.00118761583173495,0.0032676698382128,0.00223604292737813,0.00152803640004061,0.00315889185475828,0.0027493227953534,0.00309616340039176,0.00248522510606292,0.00119593661228801,0.00301315112875244,0.00293948416202832,0.00208211675571066,0.00269799810802373,0.00169676639252431,0.00216578446134296,0.00326273723907195,0.00119038473339104,0.00156362836525535,0.00158151311980333,0.00245352742635221,0.00317924758949572,0.00279383938822827,0.00403599657849464,0.00306055394043127,0.00110297317070435,0.00118216926820929,0.00299723088862793,0.00371775305942664,0.0035836333794477,0.00153031818388695,0.00258873602380086,0.00217212308210835,0.00118860605620103,0.00357801526525007,0.00119596475092231,0.00218010714214124,0.00292046141528721,0.00298942959129539,0.00259993728661433,0.00159064977965129,0.00213127740043526,0.00154955101155388
"DU0071",0.00233513707622067,0.00111256929766795,0.00247941742122107,0.00223034474004907,0.00239625687137324,0.00263984954704176,0.00501878496609806,0.00113213382228667,0.00366221484747055,0.00145962775980625,0.0037749998172102,0.00158859775617981,0.00222274258269311,0.00161109736046829,0.00241905883248827,0.00258181507180204,0.00115685835140578,0.000997316896765636,0.00214190374131528,0.00108265035360308,0.00114329573112636,0.00108205733276922,0.0014888277315808,0.00160570581655188,0.0025545252225401,0.0039966867385814,0.00374520288410634,0.00355286185844334,0.000956661881054519,0.00164920369865244,0.00167049496926139,0.00483134586436903,0.00168701590463791,0.00228897849073072,0.00250751577360257,0.00159323310908713,0.00488227407345167,0.00498783764385803,0.00243136226248739,0.00505112688315318,0.00184322112392699,0.00111623846742388,0.00232475351005198,0.00105341745665584,0.0016186577041594,0.00113983458438351,0.00239620588228516,0.00149546409507261,0.00245712471952179,0.00112578746274297,0.00179845894813813,0.00113573931155101,0.00111969997949099,0.0030478693382118,0.0011171977571658,0.00311520108301825,0.00272077831158772,0.00434100930195388,0.00342561283237156,0.00114329597871297,0.00232781648497376,0.00124325097198361,0.00121030238862627,0.00171232823907199,0.00252237103288049,0.00232967947055388,0.0020448500264443,0.00178006664557664,0.00149089843600846,0.00170367349551331,0.0028215406554961,0.00302757472717033,0.00125636133803233,0.00140120302182577,0.00207158452787899,0.00418732232964594,0.00168322331996556,0.0020165072211295,0.00338686119001242,0.5,0.00166515658304049,0.00160605065515251,0.00162225836807107,0.00169034420602994,0.00325741602066506,0.00113428402893361,0.00230550361736573,0.00324769841962338,0.00156764727023451,0.00486027231822003,0.00380593752428638,0.00394172739817797,0.00516026315945364,0.00203943964409321,0.00242706889119761,0.00113892840838286,0.0018935637962206,0.00114348165789188,0.00145919460091238,0.00124785738494842,0.00155251717629255,0.00110122180031463,0.00169607801893678,0.00187096613457658,0.00146590610408337,0.0012729809705033,0.0021915380105884,0.00262006940048096,0.002636598156234,0.00359599378878452,0.00375538375582669,0.00297871751042355,0.00280553124402633,0.00230360000437992,0.00158562358164853,0.00229215116141769,0.00250532332962799,0.00246631001756961,0.00227733154977405,0.00170686591124953,0.00220430057107212,0.00387879421746908,0.00145897682709742,0.00221151209171649,0.00154837092284652,0.00291558697992135,0.00331801914233073,0.00344905013548959,0.00231573216617227,0.00432655213524795,0.00261791205365563,0.00252908299950576,0.00114237338109204,0.00213718395173591,0.00113354592357385,0.00113204372619749,0.00368042770851553,0.00377632294050675,0.00326002306418493,0.00228938505659656,0.00317826171388931,0.00144572906477236,0.00114059166899547,0.00111366810249598,0.00263854832712776,0.00227103521085622,0.00114563758156986,0.0018687188690508,0.00112078335484938,0.00214072127579841,0.00164063567977052,0.00253080133893927,0.00112290784638612,0.00243036650692799,0.00156718388322408,0.00239887209148785,0.000972555649785073,0.00366436676147246,0.00499276849033385,0.00337839108952746,0.0042115588866473,0.00464865554806432,0.00159848997700593,0.00243422891283101,0.0038027802242781,0.00358924997505563,0.00222252096258898,0.0024713785802075,0.00165951568689459,0.00169872054228955,0.00140755141663501,0.00119757048578364,0.00261622681602136,0.00154161998918285,0.00428272213156677,0.00113322550584887,0.0040152254778145,0.00131252688768399,0.00110485789506669,0.00310302205937056,0.00276425329841191,0.0027569460725534,0.00284821702974818,0.00114262678515829,0.00259700951739407,0.0032871592796435,0.00239474979436425,0.00348464169399447,0.00165988646616395,0.00167405308130987,0.00234031312020751,0.00113637986469772,0.00101995583262555,0.00105879934163308,0.00137540529734303,0.00306333281535779,0.0033687182678423,0.00309044905543244,0.00206828187258288,0.000966666956850561,0.00112871127506425,0.00200594210301926,0.00366833627297161,0.00383910628594127,0.00110460795445484,0.00157785250164114,0.00366260752806831,0.00113187396567178,0.00293214026830995,0.00114236515236682,0.00156136884128168,0.00272652133077691,0.00491699877180548,0.00323574703021952,0.00175387215763443,0.00179179438667842,0.00111814234614011
"DU0076",0.00390551666020501,0.00314228713330034,0.00115260650515391,0.00372852258822342,0.0010287858487684,0.00324100920539109,0.0011814008274448,0.00178275841747559,0.00120445848991961,0.00351498052174927,0.00161369613651414,0.00369063181330272,0.00379904225971493,0.0042166368624939,0.00380262372562022,0.00201581659019926,0.0036380833015014,0.00111512150838497,0.00115084403433971,0.00130435436476278,0.00319997155308555,0.00130674019957204,0.00305736770426756,0.00115806419970703,0.00220484868320751,0.00215498304671225,0.0015608706570734,0.00152911374811529,0.0010903552514911,0.00430816091353372,0.00388685323087837,0.00224357620815897,0.00431001545875573,0.00422529191236184,0.00374391235408767,0.00414909787537281,0.00222115092123767,0.00160526814490952,0.00115228781361318,0.00119701834826729,0.00152009359448606,0.00354132069641378,0.00115158121462463,0.00162649146406269,0.00318388878535924,0.0031856750349322,0.00115309628348075,0.00116078671451333,0.00176880253577187,0.00354785126846602,0.00216752329347258,0.00357872157770278,0.0035509255921291,0.00154753577177701,0.00314753769917828,0.001516183516928,0.00337781016595664,0.00153652645256043,0.00156298225874262,0.00319997843880089,0.0037272726514829,0.00156032632044985,0.00156183383663154,0.00102157790251154,0.0037936062454128,0.00154832100944308,0.00170000291707359,0.00347653235118994,0.00309435087490914,0.00217592513241674,0.00167366626583785,0.00165623720289527,0.00119877173519885,0.00320848623403457,0.00227575343293527,0.00161568113329708,0.00429054701596956,0.00165921260215924,0.00220144321433937,0.00166515658304049,0.5,0.0042053122075239,0.00425738125497026,0.00429109310306891,0.001162448794717,0.00317688790192125,0.00115013079530474,0.00112282931749386,0.00154201984453294,0.00155113904338654,0.00155977493367674,0.00108825087973993,0.00130685008583413,0.00237286476228614,0.00376316610341598,0.00358370861289014,0.00176292648770537,0.00319425580023016,0.00116644511870247,0.00154525558323889,0.00116186102108707,0.00348925989252792,0.00432431184348358,0.00115728600736471,0.00348477283800157,0.00119256981240163,0.00153110758505936,0.00220366958932502,0.00163294673904582,0.00170294152711342,0.00156222556306968,0.00165210567201698,0.00108244734829658,0.00374194917959639,0.00417401368761543,0.00428358328555338,0.00383585668882448,0.00376088834694086,0.0038605267317449,0.00433227544020821,0.00422931931268007,0.00221709431414306,0.00350549344842157,0.00425711148875007,0.0022220673213514,0.00151739894173636,0.00159378965332778,0.00117158392424376,0.00374898260227049,0.00168939286099666,0.00163299402875628,0.00102554296084803,0.00319427738745265,0.00111911953384186,0.00357175087391581,0.0035689241883492,0.00154212108842389,0.00112627048264222,0.00159577955755445,0.0015379285721699,0.00145412814304904,0.00348493076506089,0.00318839292344768,0.00353052773398103,0.0011552293621073,0.00426698899698344,0.00150841379678347,0.00172410326279607,0.00356086399978659,0.00313130011050204,0.00187845673119044,0.00110918120590008,0.00356467933514795,0.00108543390624753,0.00153913180414086,0.00361272040085712,0.00113172088009474,0.00213898487132098,0.0017757078490002,0.00220128563727848,0.00154219665524428,0.00157472207999426,0.0011398893204891,0.00153331345007052,0.00166182729361195,0.00161439110863329,0.00432589505940069,0.00372414782216571,0.00170389088524974,0.00427020883045542,0.00153528846519397,0.00158375106508909,0.00143933026663641,0.00327691341638824,0.00231136372456407,0.0031784714021638,0.00113433090210977,0.00155109500883341,0.00350539310464241,0.00155360544586585,0.0015284095325457,0.00150235668663074,0.00117600816741682,0.0031923662901901,0.00115315446340192,0.00113084596756926,0.00165237870934415,0.001539639011876,0.00119313976270194,0.0042055304653257,0.00154178877085819,0.003184529232142,0.0015912954085324,0.00162882825890023,0.00153061392072949,0.00113532496205747,0.00152801595643271,0.00217508222743855,0.00153692641277801,0.0011094518656587,0.00356132899569704,0.00154212440525168,0.00117818434756249,0.00211542464374044,0.00350786979520241,0.00115894145386079,0.00120741220803626,0.00319034183660263,0.00207056256730691,0.00319131778374192,0.00223501204938595,0.00115852868012475,0.00164992962160118,0.00117182673333613,0.00116557134496124,0.00214614578192684,0.00355041832573849
"DU0077",0.00378515051534765,0.00353165296606694,0.00159730225715946,0.00363093686643959,0.00111497291333634,0.00313721688817482,0.00114778757505864,0.00222358435061417,0.00165371790707444,0.00390036825270175,0.00206425342873763,0.00411068313261375,0.0037050718735345,0.00422262903753002,0.00368013108965118,0.00190908664176759,0.00405531201546152,0.00125766055779061,0.00120206229537935,0.00134285635904492,0.0032009210845169,0.00171005001942455,0.00305860855927977,0.0012028541689693,0.00215227465148002,0.00168781439749055,0.00160713755756349,0.0019637493649044,0.00154682917102255,0.00420170721937889,0.00385932750668658,0.00172797449646059,0.00418052349519933,0.00368557417733305,0.00362574790435626,0.00414292175544719,0.00171392038074639,0.00117640151131172,0.00120725708269754,0.001512959310497,0.00156801019627944,0.00354268907610456,0.00159750250237839,0.00166571971656765,0.00328324337961493,0.00318630890036396,0.00120807832654869,0.00159924155986627,0.00171277812205248,0.00394062258899569,0.00218090918810466,0.0031830367488167,0.00355403882892314,0.00160083428376511,0.00353862822713463,0.00148973199765276,0.003295425558265,0.00148714083042435,0.00121907424129758,0.00320092792588851,0.00365286738698274,0.00159267438223282,0.00159697192016424,0.00100930106840877,0.00366303459703966,0.00160504895219919,0.00163311457059848,0.00339644961036965,0.00303610491161421,0.00218077922513088,0.00161473284345678,0.00157856504507534,0.00123242914984457,0.00325864716191309,0.00179703129959217,0.00156135264093244,0.00416618536959406,0.00214084469006733,0.00211663612645772,0.00160605065515251,0.0042053122075239,0.5,0.0041649296726672,0.00416366707882816,0.00159952194809893,0.00317723525227439,0.00159546776234574,0.00111354383888563,0.00158706690049558,0.00119078701780056,0.00160776462026965,0.00114082404955788,0.00120764187487875,0.00226931164059473,0.00365360221706043,0.00318700727829361,0.00169860193133936,0.00319508278409355,0.00120703147839351,0.00158060307591681,0.00120518674702316,0.00349076437368291,0.00418587293049202,0.00111634511382326,0.00387513524690498,0.00122528654404629,0.00158434836125723,0.00167552236906972,0.00154829064950606,0.00166760343682531,0.00161067373963794,0.00159149964317692,0.00118460177701786,0.00364039631487997,0.00417833868004919,0.00369834516968749,0.0036999839699717,0.00364509907430272,0.00375744098656001,0.00419463782119598,0.00370238613464216,0.00216031006829711,0.00351193462684345,0.0037068207141856,0.00224062572932128,0.0014536342131996,0.00164336184506424,0.00161307378983876,0.0036444602486523,0.00163849009263564,0.00157905212417695,0.00101939945608147,0.00319517294816749,0.00109062518471288,0.00357443290083144,0.00357143518833308,0.00197249594524763,0.00110494918972464,0.00156670716089682,0.00159276676193136,0.00145477004254905,0.0034815245407987,0.00318910828863621,0.00353340629239619,0.00160045470700025,0.00371388809183414,0.00157919354452405,0.00166733369116099,0.00356271499349526,0.00305864363449095,0.00183573217374755,0.00117445883766137,0.00356664067576848,0.00106726147782534,0.00158413387487215,0.00349951192780255,0.00123595606379454,0.00169027175178183,0.00173022641740543,0.00214072226436843,0.00146146783919216,0.001510499507872,0.00112572196942987,0.0015888214939669,0.00160200178760099,0.00166006401352351,0.00372712096578768,0.00360567155807462,0.00213819318333321,0.00414950518898125,0.00156031020994828,0.00161936534044322,0.0013536854415311,0.003425604656313,0.00220382593757707,0.00357654790956438,0.00110936494704873,0.00158719904025967,0.00350668585028076,0.00199578223059092,0.00158243181627041,0.00155565676744986,0.00123550828850951,0.00319316673799191,0.00160180654289196,0.00155894089247223,0.00157672499942499,0.00158772323970944,0.00141826062727233,0.00370207471497021,0.00159751199882341,0.00358414380153412,0.00166322864549356,0.00167451175114111,0.00156930244822736,0.00157088440427703,0.00157456356899916,0.0016452258393263,0.00158825893377675,0.00122862999452409,0.00356373832180702,0.00159265391477489,0.00115193637945166,0.00166051355669687,0.00350875844602625,0.00120303596112556,0.00165745666473532,0.0035901558121616,0.00209288963364593,0.00319209082497279,0.00222667141965934,0.00121353759723031,0.00159935751472229,0.00122265751586201,0.00129546765562418,0.00171025258664953,0.003552190886205
"DU0074",0.00384867804660079,0.00352736011907519,0.00117428040240247,0.00368642797475566,0.0010282932458755,0.00307442945123353,0.00151902233322227,0.00222141666668777,0.00122053081766312,0.00349813547299729,0.00205379659263644,0.00411147518949874,0.00375335078805716,0.0041755673811573,0.0037347012343705,0.00193267048612179,0.00405592034382036,0.00113604653624544,0.0015726570586256,0.0012754846235304,0.00319573947091659,0.00127897438220245,0.00302643505997667,0.00158527959673395,0.00216894028653023,0.00215104716143344,0.00158360786211642,0.00155213260047164,0.00111102725855728,0.00424611563850267,0.00385143686295654,0.00173796778643489,0.00422668655849303,0.00371696987664395,0.00366978973496446,0.00411523710831403,0.00172357408049358,0.00158931143272804,0.00117535510882666,0.00153220739880409,0.0015472048284634,0.00354029860543533,0.00117396490448332,0.0016104964185452,0.00314977385475941,0.00318136730066293,0.00117615370739411,0.00118810003899778,0.00177179370078696,0.00354622789238605,0.00216217309468792,0.00357849820173061,0.00355085797236898,0.00157407890860558,0.00314200419035122,0.0014963112858735,0.0031546864507105,0.00149787815452019,0.00158872587647273,0.00319574600477426,0.00368386784734041,0.00159599992979896,0.00160079691928843,0.00102473057808115,0.00371537086442821,0.00117765830722611,0.00168247292005608,0.00378455623788519,0.00306506397280745,0.00220453027498267,0.00163727624177956,0.00161910553848405,0.00123414762216647,0.00325720470767301,0.00177582182771363,0.0015785240470218,0.00420084356616321,0.00166674563689265,0.00212630712020488,0.00162225836807107,0.00425738125497026,0.0041649296726672,0.5,0.0042287811235353,0.00118271179748989,0.0035719212150701,0.00117254105258672,0.00111730978920167,0.00157220548017621,0.00153937715767768,0.00158373286994985,0.00108180958627236,0.00116477492902557,0.00229100489137906,0.00369387047651551,0.00358359308916027,0.00220975949244969,0.00318999484356388,0.00119462521242889,0.00157786431794851,0.00118901089389431,0.00348632155657647,0.00422463439389716,0.00145476733176241,0.00347668127988317,0.00122553511369411,0.00155812560689194,0.00216335624269057,0.00160517940385334,0.00169087965427122,0.00158445992380546,0.00159246491584347,0.00107895072189695,0.00369854917839229,0.004136000046396,0.00374035641792113,0.00372852446499567,0.00369466916436792,0.00380790718009384,0.00424978928667726,0.00418332926588211,0.00215750511656569,0.00350478444475783,0.00374103338979651,0.00220088891043445,0.00147740384121297,0.0016190726537986,0.0011929116017711,0.00370375230228098,0.00167466688614636,0.0016224073518117,0.00102548577092432,0.00319001759300939,0.00141407673796496,0.00357145812627264,0.00356854691573334,0.00155117102250885,0.0011078213207243,0.00156268187164544,0.00156408828299012,0.00139149399450509,0.0034781967593316,0.00358638242933411,0.00352991177557571,0.00157135936702499,0.00374268518763505,0.00153372751632717,0.00172463337687072,0.00356013582512226,0.00308883700307988,0.00185694161999715,0.00110369490190693,0.00356398687877198,0.00133039850269868,0.00156918288941417,0.00353238649189987,0.00115241475089053,0.00216521974948331,0.00175091079679578,0.00214516400193553,0.00115199953463092,0.00153151505899347,0.00116987344427911,0.00155973198498133,0.00161441907212261,0.00163300874173508,0.0037791468548395,0.00365146767888165,0.00215913345997825,0.00418489733897887,0.00156549811893732,0.00162315998138455,0.0013779750616846,0.00347169598524234,0.0022371004718492,0.00357349739143156,0.00111630002014441,0.00158530830035804,0.00349986006712823,0.00198058705310222,0.00155524169582033,0.00152746420518616,0.00119762640591554,0.00318809926438061,0.00117632741465,0.00153079079389699,0.0016362191132256,0.00156218871803233,0.00118626409463647,0.00418568015535349,0.0015682306199556,0.00318014496461141,0.00161263141223357,0.00160481982024587,0.00156050931793255,0.00115613549595657,0.001551795533027,0.00167106995572696,0.00156476188884605,0.00113056494289503,0.00356089833925777,0.00156997665825669,0.00154349312987591,0.00211478517268396,0.00351078487446058,0.00118573065735545,0.00162994113977177,0.00318587757900238,0.00206584013316652,0.00318703914627911,0.00217403679051832,0.00118194768522357,0.00163298803654812,0.00119436093586438,0.00116801007875169,0.00217671074948609,0.00354951871357241
"DU0075",0.00388826514897532,0.0035014810201548,0.00114010546303126,0.00372475674419913,0.00103632566234225,0.00329705109357629,0.00118415007231286,0.00176572691637633,0.00118453628833903,0.00348943142616805,0.00159304781282849,0.00366621772269587,0.00379517296746127,0.00417951293759654,0.00425420159740529,0.00208144361166717,0.00361888545582759,0.00109891723818039,0.00114066473488821,0.00129116211936243,0.00317701845141254,0.00129332865199598,0.00323940371314801,0.00115268762560485,0.0022143511302729,0.00215584874069903,0.00153999595603539,0.00151148064063913,0.00107435157711552,0.00426475629844527,0.00358582523440366,0.00176956775411814,0.00431179469424588,0.0042433337656721,0.00374967169711193,0.00413545591376351,0.00222534292547799,0.00160931829542616,0.00113990311309904,0.00156126887211999,0.00150966119186541,0.00351414601254428,0.00113931209992631,0.00160939802481671,0.00335162524490737,0.00316286629193195,0.00114066805669725,0.0011575719807524,0.00182072860666427,0.00352087102898893,0.00217014008575357,0.00315964025077327,0.0035238659014888,0.0015299755412346,0.00312521756870528,0.00118960329322972,0.00344967232255558,0.00156103281426744,0.00115588286430679,0.00317702560418454,0.00373731895206284,0.00156340528687077,0.00156835065929097,0.0010341297019533,0.00379242936149556,0.00114234947436504,0.0017199631235269,0.00347022826336858,0.00308764881888599,0.00218627167798203,0.00213509343588688,0.00168275918194047,0.00120868261881025,0.00355179672075032,0.00232398504351072,0.00163775352866947,0.00426618850288454,0.00168418309785777,0.00219100675261894,0.00169034420602994,0.00429109310306891,0.00416366707882816,0.0042287811235353,0.5,0.00114851752348777,0.00315419609725836,0.00113797368460784,0.00112517178502022,0.00153238527422865,0.0015496756883279,0.00153943748754184,0.00128879029863716,0.0013980349036591,0.00238555366566987,0.00421885354458118,0.00316354239013926,0.00223529544152465,0.00317134703496526,0.00116443837276224,0.0015448880761674,0.00115762124472558,0.00346259763032527,0.00431195560338446,0.00118793447427958,0.00345826392356362,0.00120021597897756,0.00151525672342025,0.00224107319566748,0.00168037657823544,0.00170916078866834,0.00154154301297786,0.00172543933734069,0.00119662205183158,0.00373842455701011,0.00370420129453603,0.00427581307547898,0.00380860586658912,0.00376636922645777,0.0038650422867755,0.00432609340390487,0.0037824336602442,0.00220468269343232,0.00348983885458839,0.00425754451127569,0.00221046253376071,0.00154793956824641,0.00157325089383382,0.00115701404200148,0.00374589859904777,0.00169373124224843,0.00164942608838415,0.00103128441753829,0.00317137573913577,0.00113498647480463,0.00315406035265966,0.00315179144246186,0.0015249474173243,0.001439983437675,0.00160950288077455,0.00152072006198894,0.00117233250235495,0.00345306343192584,0.00316555021251751,0.00350407585980942,0.00152735187023491,0.0042975244605101,0.00149481355682362,0.0021755684560452,0.00353343226034918,0.00331435611788866,0.00188445854218482,0.00132031442075405,0.00353719642449678,0.00109677329556936,0.00152958591595418,0.0036305725583321,0.00111544370841841,0.00212655170915039,0.001774692437324,0.00221288883942926,0.00153375998475742,0.00159310893036678,0.00115013616409776,0.00151634190602266,0.00167211107671955,0.00158792889211256,0.0043359374666662,0.00373663558473739,0.00170539003289191,0.00426608132444747,0.0015298297432528,0.0015882568350183,0.00151087464778512,0.00349708111046291,0.00234502436735626,0.00315575682024578,0.00147555232849195,0.00155009923885965,0.00347890692764481,0.00154480003336787,0.00151172810348273,0.00148619598496574,0.00116544262790899,0.0031694809283935,0.00114106988352483,0.00149047957635465,0.00168386011209347,0.00152119716766207,0.00119908728399817,0.00419531069537535,0.00152463221064067,0.00316176769557382,0.00157114324036425,0.00161547071217045,0.0015253808357883,0.00112363590826756,0.00150944220328805,0.00217531060713878,0.00152245934875848,0.00109313474452285,0.00353380634426969,0.00152873557106075,0.00118611866054589,0.00211753518375444,0.00348153268006246,0.00115421638192815,0.00118734133897668,0.00316755475137515,0.00160091936017222,0.00316844406655432,0.00221462003053196,0.0011463819896472,0.0016544094250687,0.00115807367129421,0.00148145374166184,0.00215740331742225,0.00352311701805358
"KL0012",0.00111932995788643,0.00203441148753822,0.00357769451655609,0.00108184893128946,0.00221438355655303,0.0010637835261821,0.00321800325242603,0.00130643514844167,0.0039856635704063,0.00196534913807104,0.0033944034548637,0.00161123701417309,0.00148065771431332,0.00159749842443292,0.00106232388677509,0.00101839822445292,0.00200738564893659,0.0023382269135801,0.00327080433335259,0.00214953846506605,0.00210376576587963,0.00215462096703649,0.00104644862654456,0.0028876732499424,0.0022545807006027,0.00376067186880871,0.00405068950606817,0.00409689452737076,0.00228825007299377,0.00117539442538345,0.00108983444638732,0.00338294416585792,0.00113729235958276,0.00145725344096914,0.00107472523120506,0.00199079687137227,0.00341556576196655,0.00320134056100246,0.00354285916919806,0.00323017154092692,0.00290658801144172,0.00204425291046526,0.00343343667088064,0.00204679775977958,0.00107882494154426,0.00209275424117838,0.0035129947049881,0.00271143993634939,0.0016921940882075,0.00161093831575288,0.0019827012662706,0.00208452642283513,0.0020548551992038,0.00408403145738377,0.00205090037725688,0.00262945521710181,0.0010718725471846,0.0030746109016011,0.00426648406025056,0.0021037356809556,0.0010758345540483,0.00227442885055926,0.00219953448503189,0.00156310927897395,0.00106168777202644,0.00344887866115165,0.00151902305691994,0.00144336168961932,0.00106622631211849,0.00180641724564284,0.00214475063529332,0.00196256316750673,0.00230907601213866,0.00110647526651782,0.00158034054895775,0.00287918491196115,0.00153658318731643,0.00166856444688845,0.00288805492452195,0.00325741602066506,0.001162448794717,0.00159952194809893,0.00118271179748989,0.00114851752348777,0.5,0.00208016709015589,0.00341643528065724,0.00300025459367437,0.00281719007779322,0.00351162807533068,0.00413370983192069,0.00315222328172935,0.00324649008051869,0.00141556265592399,0.00106100324908169,0.00209061630873564,0.00168761355590914,0.00210112129752944,0.00265919418780759,0.00227876191859471,0.0028070451477678,0.00198026147739996,0.00113487247456171,0.00133561134741626,0.00195227716829641,0.00234964496836382,0.00329644304421359,0.00180730448764774,0.00131633362993043,0.00350277267353165,0.00407679423827294,0.00129712650838572,0.00247279830874935,0.00107902569089758,0.00161250030087125,0.00146215872764298,0.00105767384677577,0.00105646945051317,0.0011045226671694,0.00112957710408265,0.00148659825301508,0.00379067037353415,0.00198355868777347,0.00147560180123082,0.00161859667706392,0.00192873200475221,0.00417612628066338,0.004244042309864,0.00107600016863863,0.00330690483571598,0.00220613045951888,0.00229012186856559,0.00209995408971786,0.00176355927374833,0.00207816404964407,0.00207538096279168,0.00393928209784862,0.00262907277244308,0.00270902900837867,0.00339128006870773,0.00263398862095166,0.00198135289948928,0.00209425994957933,0.00203882846194608,0.00372044807330951,0.00144151549699838,0.00210366369659816,0.0017625971336695,0.00205869061724826,0.00104974032673939,0.00119762293131646,0.00225668321882142,0.00206248616137576,0.00205210889770158,0.00281493485274551,0.00107346561155209,0.0022714511301812,0.00342919106334972,0.00339868025811988,0.0033156377533876,0.003081259546977,0.00335303564913344,0.00170710534442428,0.00352087264602598,0.00259033883068252,0.00391031185880794,0.00109075996798412,0.00106890217126859,0.00143921463188343,0.00153369922540952,0.00249408435708779,0.00221033320927137,0.00130121121720932,0.00106814836713078,0.00304348576935061,0.00207884901900432,0.00289034639948181,0.00239593321975914,0.00199750509642176,0.00297746193020532,0.00380947629841714,0.0037537057425662,0.00382381443183063,0.00209916659796018,0.00368888699000861,0.00391225216381687,0.00127779857705279,0.00402680333214323,0.00132528600280008,0.00154705753662853,0.00344402792499762,0.00208648351950166,0.00214695579389217,0.00207421899719604,0.00248386879929947,0.00374232800770879,0.00414127410079237,0.00248422828973811,0.00318239431851929,0.00230103606854521,0.00206779945403587,0.00312320650541141,0.00265988423273479,0.00374704419283876,0.00199169912571962,0.00284559527539968,0.00398722414180146,0.00208629428905717,0.00356994695113725,0.00209813549314336,0.00168704512569834,0.0038167545567008,0.0036755622690647,0.00427405093312077,0.00127663444170998,0.00184265415266725,0.00205151564410285
"DU0038",0.00321205687645565,0.00393779283755343,0.0020898518926561,0.00311895793811619,0.00103017582137832,0.00294766690504919,0.00110287574333095,0.00173514028862084,0.00216619704376729,0.00386384697540588,0.00208275603293528,0.00354600802811395,0.00313008582818835,0.00318259959764729,0.00310334727021865,0.00107055123521037,0.00356246140834068,0.00236538485466447,0.00212453788890891,0.00217861690671927,0.00405177947519998,0.00218772363131083,0.00291111510581513,0.0021357353551362,0.00164804423377618,0.00119170829573826,0.00208666353853489,0.00196895921829515,0.00231853385620008,0.003173720267906,0.0033551041515684,0.0011889285586318,0.00314467278116142,0.00309815209581702,0.00311767839456228,0.0035585074201584,0.001182121505335,0.00111023696956541,0.00212620256095723,0.00111139136446897,0.00202781738102296,0.00396124954523302,0.00210928300225891,0.00206648666730288,0.00302185573952665,0.00403014489526333,0.00212983707745419,0.00212857722553642,0.00118624667948923,0.00389569053514425,0.00127407954540472,0.00402306534052039,0.00397939420040884,0.00210740776049164,0.00395002931914833,0.00114097127560326,0.00301400265929768,0.00111453947605631,0.00212515322694064,0.00405177382203641,0.00317240419787616,0.00208341755502657,0.00205093244755653,0.00100571490049704,0.00311263457956564,0.00212911097208941,0.00113787578329697,0.00327188749658729,0.00295113084406002,0.00166127603849768,0.00113775686214341,0.00113016099531888,0.00214840689932864,0.00304121277791979,0.00128071657159784,0.00112722499810891,0.00314638994570727,0.00211480236429776,0.00118796026432475,0.00113428402893361,0.00317688790192125,0.00317723525227439,0.0035719212150701,0.00315419609725836,0.00208016709015589,0.5,0.00210776363826009,0.00110360379334137,0.00211109284299585,0.00114147300241029,0.00210458635599528,0.0010573814194355,0.00109897800574311,0.001125616648701,0.00307757680283997,0.0040299081417963,0.0011712879524569,0.00404340818830019,0.00214055238722883,0.00203399571175944,0.00214360832260193,0.00385560706950771,0.00314525026698797,0.00108259104544009,0.00382841140510802,0.00214676253917617,0.0020925890953241,0.00118889108851377,0.00111696724134456,0.00118175398675833,0.00208243602149827,0.00111777556252044,0.00106803516628239,0.00311738589841235,0.00357599609701325,0.0031170753155939,0.00314251877144929,0.00308453876938242,0.00316890738325441,0.00316038073832724,0.00311821194821224,0.00121307901799219,0.00388055818033969,0.00311650649922638,0.00126747107136219,0.00110047727214128,0.00214868920651366,0.00211986893705462,0.00309137317175442,0.00116379675185043,0.00112426020255827,0.00102467149094204,0.0040433892104797,0.00108369351643622,0.00401369001351623,0.00400766777555325,0.00200549172872884,0.00107725556620116,0.0011317784962075,0.00209955696595062,0.00111858120722357,0.00385635141041359,0.00403380480170744,0.003950752176449,0.00210902737594757,0.00312048084415845,0.0020168262346798,0.00116594238780768,0.00399181850542516,0.0029573154911736,0.00124684549234125,0.00109051661460112,0.00399792545786397,0.00106526538348953,0.00210504206415862,0.00311298086149023,0.00230405358942462,0.0016439897551668,0.0012142510625568,0.00120457570731112,0.00109928613633984,0.00111723387535592,0.00115776641025522,0.00209466207735903,0.00113191205030699,0.00217259370573809,0.00314161139219324,0.00313019256111273,0.00169754475580054,0.00313898379604608,0.00201163652673276,0.0020970591665455,0.00110416244984395,0.00309469537357321,0.00123077307114169,0.00401627196610637,0.00107576599592639,0.00207592856369188,0.0038886446859275,0.00200060990283895,0.00207512977975032,0.00200207446273807,0.00213770515370823,0.00404060379396684,0.00211857743704155,0.00200195552939597,0.00109632504092965,0.0020528806414074,0.00117989954325002,0.0035283783837861,0.00210988536747136,0.0040260535786991,0.00219399026279621,0.00209621441896603,0.00204208026470179,0.00203308559598402,0.00204489353696781,0.0011661462522534,0.00210570163720026,0.00233199428340285,0.00400005621789644,0.00210929805097032,0.00111080728801065,0.00117663588323732,0.00388732307196078,0.00213830955299576,0.00217265447383977,0.00402959880493983,0.00166890040643122,0.00403865837520044,0.00170056323002694,0.0021308937295201,0.00113009545421402,0.0021407006818504,0.0010927730471293,0.00162796084870122,0.00397776199302605
"SG0009",0.00109892619423555,0.00204627320452933,0.00399296967001331,0.00107653152210812,0.00297888646674449,0.00108271178533198,0.00226817156735847,0.00170794967896274,0.00312238321708597,0.00198076863323046,0.00289102908411343,0.0016065058589022,0.00108348643451615,0.0015943013946383,0.00104174195470588,0.000932646969501825,0.00201735654022844,0.00238320108056065,0.00411357088213798,0.00217387645415061,0.00213197469538628,0.00217970349840551,0.00108115329043125,0.00364149607035936,0.00307966773625757,0.00247345487466097,0.00318111597404777,0.00328162040457749,0.00233537786048392,0.00116623727861459,0.00105683220668142,0.00206250964814472,0.0011244782365055,0.00106968523858682,0.00105084696649685,0.00159488549040619,0.00209902064265067,0.00227102875021977,0.0041429299139998,0.00228689596907952,0.00368707505240891,0.00206453742805721,0.00422036652732164,0.00206256166290577,0.00109701913577796,0.00212016113150985,0.00419600476138323,0.00335959932960851,0.00142243933170331,0.00199754754994109,0.00236785353192027,0.00211279722774967,0.0020806559653742,0.00357821582282525,0.00205992221718142,0.00351275291053672,0.00105644277655197,0.00273058133708431,0.00342348627848155,0.00213194697046339,0.0010760676257828,0.00250447413562665,0.00236013663111791,0.00198470818816589,0.00104193951807495,0.00426207254435894,0.00197541120227528,0.00110571166182111,0.00109625934969141,0.00198662448022039,0.00237791880936023,0.00272639588941407,0.00252080431553895,0.00106842268270171,0.00120146468392374,0.00285336925455953,0.00152234042395219,0.00245595240974868,0.00328291801249225,0.00230550361736573,0.00115013079530474,0.00159546776234574,0.00117254105258672,0.00113797368460784,0.00341643528065724,0.00210776363826009,0.5,0.00281570604915456,0.00354242922635575,0.00246082490805109,0.0032690579784936,0.00232416334146812,0.00236385142630909,0.000993288861076281,0.00104199061993252,0.00211786006599891,0.00144324320967867,0.00212825102639791,0.00325617012223937,0.0027118020707681,0.00350839398021648,0.00198481844287073,0.00112201347549716,0.00156567732792932,0.00195681567216231,0.00259989919183178,0.00412309661817877,0.00244094878417237,0.00151323897614898,0.00314270275745975,0.00320140301448864,0.00141970665723918,0.00320835761052178,0.00106772579405926,0.00160813415311393,0.00107248785431601,0.0010427413429131,0.00103551184082325,0.00108018215993017,0.00111498770122852,0.00108176755076144,0.00289848017562722,0.00199711719978195,0.00108470319915439,0.00162528859530526,0.00262195408338371,0.00323552537460018,0.00340129223236121,0.00106177275330033,0.00265084286473105,0.00252301826835164,0.00314741996138847,0.00212765733209318,0.0024264668125574,0.00210591112474789,0.00210193315404033,0.00313851563736198,0.00309160982812368,0.00324487628347011,0.00421169406549401,0.00312856677428032,0.00198731552411057,0.00212157324688088,0.00206136862873713,0.0038708433241669,0.00105556860050861,0.00216066757729311,0.00196785043261319,0.00208837379312064,0.00108912974148574,0.00119409575410502,0.00309018253542905,0.00209104475764269,0.00288291343713236,0.00354158661794245,0.00105228965457133,0.00231860060334646,0.00252341435480124,0.00185076893550459,0.00305456206903964,0.00282110803808965,0.00254767095866899,0.00239923319567863,0.00404502293488134,0.00312024053694372,0.0030611168024247,0.00107769540710823,0.00104356771650873,0.00161842316769952,0.00152242899334948,0.0030431263131038,0.00236214668724319,0.00148191799770249,0.00110204539332422,0.00212657024059465,0.00210713429368904,0.00281790735809466,0.00279977945860068,0.00200841805394511,0.00359889667502056,0.00365562143005647,0.00358073948771184,0.00342369907220745,0.00212632006760956,0.00394453697389924,0.00342209939412753,0.00146538035039175,0.00321000466486032,0.00140237385252328,0.00153356336901816,0.00418664024426938,0.00211424372979775,0.00219147428808105,0.00208281087573404,0.00299578301720742,0.0036793884824775,0.00330480339571623,0.00291166304734563,0.00401599151345102,0.00234796170583105,0.00209539486080285,0.00395633536294176,0.00315448499393937,0.00294686229407234,0.00200896715059405,0.00357338750911367,0.00312500316338214,0.00211544589136601,0.0035989474997225,0.00212540766745676,0.00167018612967324,0.00386085201071916,0.00236392605424421,0.00354500978788543,0.00148535131646476,0.00205858671632446,0.0020800786430394
"SG0001",0.00120169538298282,0.00108284133430281,0.00296953148568537,0.00308995944353636,0.00306726595580566,0.00144922464462718,0.00331163893396693,0.000942237339991026,0.00259529064201168,0.00106171324881337,0.00289171632149406,0.00132327001617602,0.00134818845394492,0.00129076983206691,0.00116270458982506,0.00157850298411873,0.00135610222209188,0.00097429682045485,0.00266706997578736,0.000959562195722021,0.00111222085343749,0.000963034414689046,0.00455390809614138,0.00224248135743704,0.00256732848780404,0.00325712328603125,0.00273781804960854,0.0031301745233944,0.000939904597958486,0.00112244762888617,0.00188194385780434,0.00284632369899837,0.00112206427731911,0.00134858505428268,0.00144959482112834,0.00110490918085552,0.00288682084918038,0.00337390837792397,0.00293220250096009,0.00330822552563126,0.00250122966958544,0.00108500511273616,0.00283182720296537,0.0010843152368517,0.00238605661648087,0.00110905839839525,0.00290065133100651,0.0020466141469081,0.00166750920787294,0.0010813006920071,0.00166242136012986,0.00110516408431348,0.00109100486397097,0.00315038296108058,0.00126191947432675,0.00350276416434581,0.00133619658647468,0.00373313498021622,0.00297628376830071,0.0011122203828759,0.00159239098186828,0.00143824688500437,0.00151599543887004,0.00325429500330721,0.00119762984359664,0.00283918239344973,0.00201648998047366,0.00153677480420071,0.00406566448187659,0.00173888140202039,0.00233671531513241,0.00246113699373475,0.00142170914184064,0.00587478646379209,0.000974273734437516,0.00358984662435148,0.00112432141738236,0.00150874681518335,0.00309067157912458,0.00324769841962338,0.00112282931749386,0.00111354383888563,0.00111730978920167,0.00112517178502022,0.00300025459367437,0.00110360379334137,0.00281570604915456,0.5,0.00217827650805431,0.00359820799506996,0.00282450215358003,0.00461489292372777,0.00315014009916157,0.00139107687910679,0.00135783717280383,0.00110797877201362,0.0016950539477081,0.00111229279519543,0.00195656056719803,0.00149225921651213,0.00214550323005318,0.00123571074064252,0.00112395491934308,0.00199140210800747,0.00106815843904792,0.00148381950137666,0.00270654376294993,0.00214583299605967,0.00187907195149187,0.00357694633288912,0.00276918967153086,0.00186941071299715,0.00541983469925386,0.00147093483505384,0.0012837172215647,0.00132959902179129,0.00141361543093551,0.00138649690051599,0.00116039230544935,0.00112968494891034,0.0013356173966737,0.00308665238269748,0.00107074037542663,0.00132816479821979,0.000954930749866773,0.00266277633718744,0.00296277248053025,0.00295402651483486,0.00155140538804731,0.00356100383334833,0.00256991348679515,0.00396833068642337,0.00111144804582442,0.00309817680129634,0.00110270319810201,0.00110107791206756,0.00273527658995023,0.00408657554079006,0.00374243283093407,0.00279772083219972,0.00407061845044773,0.00106798471446657,0.00110972058304211,0.00108466656913602,0.00311398793537818,0.00136359727429143,0.00144378917096317,0.00172039174886719,0.00109253008050553,0.00715216526484385,0.000978836718528868,0.00844369079958123,0.00109390562855878,0.00336971613653547,0.0021794469688396,0.00153392251876282,0.000937563906643019,0.00344266448342218,0.00289384008156142,0.00340392677329804,0.00392687817124485,0.00352904038767949,0.0180707294803511,0.00292549725979651,0.00327217909820346,0.00251828263150925,0.00112868267161418,0.00146334004698537,0.00167003725260017,0.00130833320029956,0.00212731637426924,0.00150946553338256,0.00219146389491434,0.0082677643476989,0.00264591320684736,0.00110272838527779,0.00452494837865165,0.00162765860189326,0.00107043266264011,0.00339450069785263,0.00320247221130681,0.00337534347264896,0.00292724529408039,0.00111145158554252,0.00307928564782371,0.00305954166869133,0.00207201398323067,0.00277816908553777,0.00267033723371361,0.0013975567514894,0.00284503236199919,0.00110568950602581,0.000928786432741063,0.000935470950357157,0.0019759253864645,0.00316064418669478,0.00290303228288124,0.00272038222888521,0.00258406389401851,0.000940937331182113,0.00109764028605375,0.00252363574287113,0.00438551342750667,0.00343068079213547,0.00107384267371844,0.00219147944680759,0.00259509976623818,0.00110418276649037,0.00320044766426641,0.00111156734045772,0.00116734524151693,0.0031943714137445,0.00328281506292726,0.00309708926815144,0.00236509234467987,0.00171601962393589,0.00109007722410148
"SG0002",0.00110387038067749,0.0020439411910624,0.00330243954171936,0.00108986421529518,0.00329040502628512,0.00109397939326676,0.00158206434041068,0.00171945519618234,0.00253502904785319,0.00198748549863695,0.00257295629383051,0.00160309225018801,0.00109071410111222,0.00158683637295602,0.00105263458423731,0.00093829494158865,0.00163214774490455,0.0023869458442846,0.00386521690695318,0.00217677188673815,0.00213518126045059,0.00218243665534285,0.00109462527068563,0.00481919483424426,0.00365256289557039,0.00186970666466624,0.00252147885937536,0.00269462487722004,0.00233662739304788,0.00155896579637115,0.00104399751737241,0.00147688202921211,0.00112901550296084,0.00107659154643181,0.00105060798794131,0.00158752989625114,0.00149127018311222,0.0015855042559684,0.00344666127785716,0.00158070392406613,0.00422020318658837,0.00206725135622415,0.00352478450760709,0.00205896400895352,0.00110467003473302,0.00212297904832193,0.0034978946617406,0.00470214586159265,0.00234082725245978,0.00200754850880368,0.00349462820566833,0.00211548271262717,0.0020781629536073,0.00295191517061332,0.00205994458504572,0.00275634154589522,0.00105308899287467,0.00204658079234707,0.00283423134060076,0.0021352164825327,0.00106002282679785,0.00363836211321698,0.00329636290023661,0.00288492568588543,0.00104399022450084,0.00356747452814546,0.00305425314210404,0.00110464875291223,0.00111185430411957,0.00304109033603078,0.00324073836049545,0.00365732233723189,0.00357005544554082,0.00108489199032524,0.00121509349488557,0.00215218432982185,0.00113167846520678,0.00247183627477268,0.00257653448902115,0.00156764727023451,0.00154201984453294,0.00158706690049558,0.00157220548017621,0.00153238527422865,0.00281719007779322,0.00211109284299585,0.00354242922635575,0.00217827650805431,0.5,0.00197759288757724,0.00257863648258151,0.00177139001908505,0.00178399256248484,0.00100074575417397,0.00104149978804581,0.00211961828187829,0.00246291347629777,0.0021299923207314,0.00457148354712973,0.0037888451042864,0.00487248381250866,0.00198637040952229,0.00112559240787684,0.00277822767222063,0.00195668926734545,0.00377784066368325,0.00368047573525494,0.00382724058419692,0.00269626893740394,0.00209857829038975,0.00252219289113842,0.00160242855201005,0.0025200267027287,0.00107937233600723,0.00160007578930654,0.00108246280162627,0.00103774791990528,0.00104137136683802,0.00108665228399724,0.0011156142410533,0.00109052536966173,0.00190145431707894,0.00199295898196857,0.00109080695350338,0.00125038974096597,0.00343659073969812,0.00258063984553022,0.00281356406786968,0.00106982777924629,0.00200658201086789,0.00393286671538092,0.00287263182340864,0.00213016859842569,0.00385287273757788,0.00210875728967922,0.00210582417820922,0.00260782623935648,0.00237485172018698,0.0024873422674036,0.00353638057335446,0.00238704195516477,0.00198870484561661,0.00212330471738397,0.00205920599006967,0.00319200045073639,0.00105814603632905,0.00223949730488436,0.00278859346532595,0.0020894590783582,0.0011111832606994,0.00159327870490534,0.00276480642775019,0.00209153449986229,0.00363448908844416,0.00487297655378208,0.00105045709984947,0.00232518445422614,0.00232640236783345,0.00146477806967767,0.0020417777241028,0.00211389129591816,0.0019006501347367,0.00373197264133348,0.00335919180585969,0.00240811449350973,0.00250692225972514,0.00109184322650063,0.00104263342694675,0.00305333734373878,0.00113412723338929,0.00431772912407959,0.00319082154640479,0.00261472102071039,0.0011368297479108,0.00152430391605263,0.00211019731051086,0.00212842506008243,0.0039001459237555,0.00201546883970998,0.00295909238392856,0.00301001370604325,0.00293859378262635,0.00285541095083434,0.00212856377961747,0.00326139710188775,0.00281085448319423,0.00257825641064498,0.00266988091113352,0.00150855098658927,0.00154027678743948,0.00349214359613807,0.00211708991887523,0.00220030262741381,0.00208016930267149,0.00422633332039505,0.00302333167150054,0.00273228989526398,0.00333883864958402,0.00395693326422282,0.00235396636301647,0.00209906408282077,0.00407292463629,0.00243084162805044,0.00233101890978266,0.00200903003350475,0.00493498920636224,0.00253751258439114,0.00211416496077155,0.00290002278465468,0.00212726573587496,0.0016565916264778,0.00318604888407345,0.00177747408900888,0.00292964902283321,0.00259867230487968,0.00327064577744828,0.00208167638687663
"SG0003",0.00171281048571577,0.0011222753211103,0.00264863029023536,0.00166340201933282,0.00217410756557703,0.00133415076297515,0.00520094731909441,0.00157598480887802,0.00431204620365302,0.00109342739485842,0.00408689249105991,0.00149904698872528,0.00162372171371973,0.00119093767765107,0.00163702095016168,0.00197039826305472,0.00146007775323025,0.00109500176639012,0.00228104447128131,0.00118723091251495,0.00115012356720078,0.00118382617161172,0.00126989180925429,0.00171392660436142,0.00221527832010504,0.00413251549210196,0.00438282880093911,0.0037367397845021,0.00105704996909668,0.0015426489876992,0.00165440218937373,0.0048818005175058,0.00155571334725438,0.00160851167256546,0.00174842839448731,0.00117999783773879,0.00490336265724367,0.00508104236071,0.00259621054815839,0.00517337079824322,0.00205667487578345,0.00112416109358303,0.00248182032012805,0.00144445972246114,0.00158711939544814,0.00114709154053229,0.00255830445237912,0.00159949014291393,0.001865822814996,0.00112386547280297,0.00146357362320562,0.00114268434293933,0.00112716277021499,0.00327415609071598,0.00112480836901763,0.00398336112676474,0.00135497708226732,0.00383743339738147,0.00369973186062457,0.00115012268260535,0.00226644411038864,0.00162283658286013,0.00128177387406047,0.00165482196164541,0.00168079098562349,0.00248623145667121,0.00198799265748253,0.00239012444919274,0.00128969552551279,0.00169019299224154,0.00214179881416995,0.00231994711079425,0.00132810227607681,0.00132537760574274,0.00159217505183775,0.00353869135572916,0.00155050354279126,0.00168206798041963,0.00295916968723601,0.00486027231822003,0.00155113904338654,0.00119078701780056,0.00153937715767768,0.0015496756883279,0.00351162807533068,0.00114147300241029,0.00246082490805109,0.00359820799506996,0.00197759288757724,0.5,0.00448274030423935,0.00398744968577505,0.0039286750612847,0.0018440565059144,0.00163500717382538,0.00114621282295695,0.00182828100509686,0.00115075125926402,0.00156142236381589,0.00132884113861351,0.00165894359900907,0.00110863638393611,0.00155658713624421,0.00242006295161072,0.00111031725285805,0.00135309196466251,0.00233707125447424,0.00208001026034564,0.00194357089897127,0.00368549186854645,0.00426587671206116,0.00271085342514393,0.00267982042719826,0.00167712841719977,0.00149685866527526,0.00160028539852653,0.00171135838089498,0.00170551402361948,0.00165468539946417,0.00156752780974251,0.00161385710748685,0.00400294743989502,0.00110993994269646,0.00159851609214434,0.00131108413006404,0.00238438324314859,0.00362793344032105,0.00372756086868555,0.00166931022236496,0.00401550156711891,0.00216748268175115,0.00245770866397199,0.00114941549347614,0.00314080263935379,0.00114057678868701,0.00113898329261423,0.00358180548813218,0.00380076681297689,0.00343057031906181,0.00244347415275999,0.00326689001552132,0.00110860156487642,0.00114789481710828,0.00112128886224251,0.00282198751393728,0.0016285515583317,0.00145224030947113,0.00181404431177713,0.00112803676973043,0.0012789776956321,0.00281757949054892,0.0024109736893376,0.0011302886821199,0.00295310085390181,0.00167304259149022,0.00229879921485615,0.00108507389460441,0.00426109350772305,0.00500429553515417,0.00343797481314037,0.00434518377035091,0.00419774957874695,0.00174669565524396,0.00259929793065119,0.00316705558557275,0.00423513247128197,0.00157767075871741,0.00175935562272867,0.0013311889778441,0.00155127715497751,0.00180701672488456,0.00127464000181463,0.00191064018055589,0.00226971388251798,0.00480122662819565,0.00114003616866559,0.00402061976236018,0.00139756687449494,0.00110498223968214,0.00323266885416256,0.00296616721848572,0.00295641035845175,0.00303828754651538,0.00114983506131914,0.00277566611655655,0.00315787886246162,0.00184447420887381,0.00376425468378643,0.00249240358806376,0.00157726886548228,0.00249868602366658,0.00114321327937175,0.00116113732875233,0.00115572285592882,0.00176848600253649,0.00290360554543423,0.00393362392062929,0.00233241538068651,0.00220123524479491,0.00107326634010421,0.00113565457937046,0.00213340571030767,0.00327476856081178,0.0039819600377551,0.00111178229802696,0.00168516359889504,0.00431274434819973,0.00113894048890415,0.00303070905946657,0.00114958822880732,0.00156525240627674,0.00291742048784977,0.00465056258322877,0.00348424969503884,0.00170620418640204,0.00176010490091732,0.00112549491749746
"SG0004",0.0011292880857468,0.00204135111623644,0.00341125573548217,0.00108594812942339,0.00196224646723633,0.00106390286373529,0.00383404935972258,0.00173872247886949,0.0046148371016043,0.00197404050135484,0.00458619006604354,0.00161647552256843,0.00111662342594052,0.00160618315734142,0.00106921424168614,0.000958170076943758,0.0016329282187877,0.00237409727578503,0.00313038229512275,0.00217780156730503,0.00212864864792191,0.00218186129359454,0.00104424052812595,0.00263085827754131,0.00249173461973756,0.00336301802923068,0.00464046639012237,0.00397626150975602,0.00231996815078614,0.00157440916054343,0.00110060583889741,0.0036390343018039,0.00153026378236966,0.00109732725729982,0.00107449557595728,0.00161002235089433,0.00366968316143795,0.00379831289081215,0.00340116279704757,0.00383734122668899,0.00258356130320694,0.00206091161727279,0.00328712292519846,0.00206678047263873,0.0010840581532924,0.00211692664835188,0.00337165886460034,0.00252044488943314,0.00126178171360138,0.00199661679318191,0.00187858080495785,0.00210887445910856,0.00207128214087038,0.00396166293968173,0.00205292713330144,0.00244473609566577,0.00106826387266245,0.00291346256535347,0.00433006923054455,0.00212863131428395,0.00108351585990066,0.00222416577915355,0.00215026323985983,0.00136284971242377,0.00106731816933086,0.00330825610555069,0.00139034872037896,0.0011217536104575,0.00106509158951917,0.00175233921017497,0.00156336411856741,0.00164727215435709,0.0022723185860599,0.00103224301997243,0.00123375941880063,0.00271214702357981,0.00154384628081299,0.002476466946974,0.00235305260075401,0.00380593752428638,0.00155977493367674,0.00160776462026965,0.00158373286994985,0.00153943748754184,0.00413370983192069,0.00210458635599528,0.0032690579784936,0.00282450215358003,0.00257863648258151,0.00448274030423935,0.5,0.0034136605973178,0.00332648809170959,0.00101825337773579,0.00106330918629884,0.00211496579570987,0.00124750374998842,0.00212579840060053,0.00249563916492242,0.00218790919955731,0.00258706664801254,0.00197987738243661,0.00152626643629111,0.00125877553461953,0.0019542564481324,0.00229795231695,0.00315280080106604,0.00197570861049713,0.00124459196121738,0.00335124834278929,0.00463951642128665,0.00133064124901398,0.00230754227762134,0.00108090620191618,0.00162249455359686,0.00109829465584798,0.00105862251773595,0.00105870012774102,0.00111650178099899,0.00152048869736545,0.00111677292639805,0.00366668834602515,0.00199305688419264,0.00110906062331074,0.0016563303740158,0.00162201522942142,0.00424359738236767,0.00434623788961403,0.00107841040952432,0.00355038002812526,0.00158072995311501,0.00212319321302529,0.00212473444005044,0.00153530543821236,0.00210255119965834,0.00209948210940593,0.00412590852684311,0.00245372645235735,0.00253430951515914,0.00324648045328703,0.00247632891773128,0.00198361786979831,0.00211879160130102,0.00205445890728509,0.00357443735448026,0.00108281464357918,0.00209194458001022,0.0016954443813684,0.00207740385231283,0.00103744363724311,0.00162356668914329,0.00208808705280205,0.00208164527463405,0.00171688139825311,0.00257429693990257,0.00107169767875301,0.00231258514524955,0.00396413081179732,0.00367993874267002,0.00318876710897247,0.00291392316842638,0.0032147281236078,0.00149533629097582,0.00337944924922931,0.00242189703563755,0.00454219077624868,0.00109675426727666,0.00107104664678835,0.00178833027705936,0.00153981575466244,0.00234233173865109,0.00217716634309996,0.00123040547184707,0.00105912121232385,0.00405671653161095,0.00210313227705305,0.00272202917554548,0.00229465280964351,0.00200209329324445,0.00356219371371858,0.00367304393135515,0.0036009883901065,0.00378090968372825,0.00212394653062989,0.00354733035980343,0.00377181179256125,0.00121300496542544,0.00432294967360443,0.00131322547582662,0.00155269156892005,0.00329907263046123,0.0021101939462489,0.00219408428617034,0.0020836982915197,0.00233386968775344,0.00358539936910398,0.00421844026774407,0.00196002096613082,0.00304631340024407,0.00234056911035237,0.00209188817122938,0.00298437132496123,0.00248663425259587,0.00323735250491663,0.00200225464147609,0.00260740157491444,0.00461746911398603,0.00210435691323214,0.00301892519078159,0.00212257088694189,0.00169894522875579,0.00367720521067918,0.00368252745606875,0.00416222029149727,0.00121410798201749,0.00176931668700018,0.00206990304333482
"SG0006",0.00117649089202428,0.00103628740836901,0.00247046628056955,0.00221119177158821,0.00702847411675288,0.00515910015176733,0.00604886709004678,0.000909876366817411,0.00323340032449951,0.00101681706166779,0.00347883849076689,0.0012194408638404,0.0012276657509908,0.00117489455172036,0.00114383412335651,0.00258743568565823,0.00122286420365101,0.000916976728805167,0.00218792746146225,0.000913154550128856,0.00106621411885251,0.000915697561632212,0.00645151580166202,0.00182247222311175,0.00209810770119961,0.00356586969323091,0.00334570499853596,0.00317246471063739,0.00087933376224499,0.00108565842673962,0.00135614160427263,0.0034288861510323,0.00116104263066396,0.00125579986709788,0.0012353862322759,0.00113166985670285,0.00347401818819874,0.00543224296907104,0.00243379644555285,0.00625197256034581,0.00189965834685309,0.0010388871210297,0.00234029899587519,0.000886405335149813,0.00604626915824241,0.00106296783760024,0.00240430883976448,0.00167234775506509,0.00159572688032931,0.00103656045823754,0.00146223756553513,0.00105863628243796,0.00104383677658705,0.00296788687265977,0.00104207745315082,0.00293742540827291,0.00194731727439692,0.0032413272308414,0.0033060715768296,0.00106621439066922,0.00243856300892349,0.00132092667241224,0.00130341818220405,0.00732335010496942,0.00118514972049508,0.00234680937468253,0.00147932400435162,0.00138590814251772,0.00670143388555704,0.00153164761580303,0.0018088697352099,0.00204031018696934,0.00132032236114589,0.00543283346422259,0.001083264036914,0.00301037035870675,0.0010871302927772,0.00147928270606549,0.00241841563333933,0.00394172739817797,0.00108825087973993,0.00114082404955788,0.00108180958627236,0.00128879029863716,0.00315222328172935,0.0010573814194355,0.00232416334146812,0.00461489292372777,0.00177139001908505,0.00398744968577505,0.0034136605973178,0.5,0.00353606898918446,0.00146543040276122,0.00132804088109378,0.00106193724469177,0.00146753581864479,0.00106647311845201,0.00161965065244419,0.00140435594355962,0.00174750059791925,0.00102181068020837,0.0011551646689958,0.00431017487905606,0.00112892173803558,0.00135855995663293,0.00222466757563116,0.00175990644083082,0.00164050247043205,0.00313836004671785,0.00336345032226312,0.00167801516238901,0.00732641121011766,0.0024881447710617,0.00113033875478623,0.00118582580895191,0.00120503023340148,0.00131327665393681,0.00124754841514252,0.00109335120674487,0.00127148557379437,0.00330807021787902,0.00111101553967782,0.00111192713545533,0.00106470267606528,0.00214064339246124,0.003165196829199,0.00332806231279198,0.00209119779699644,0.00330206864992063,0.00300952595524624,0.00750895609834852,0.00106530877409161,0.0036465683115856,0.00105653013732249,0.00105502536704068,0.00317691295361792,0.00422758579651798,0.00345541782977817,0.00230801597057381,0.00397738336805853,0.00108273058821964,0.00106364801950204,0.00103779589664097,0.00261043553222013,0.00149104359780131,0.00193939894883442,0.00175576193177536,0.00104497821059842,0.00368460652184769,0.000955676487435466,0.00670410561239211,0.00104706521696528,0.00539995644494232,0.00177150331622875,0.00127123316290949,0.000879219265693527,0.00372849559814177,0.0035217944968158,0.00290034327089404,0.00410316039312196,0.00340884506796047,0.00444463630486559,0.0024306911504301,0.00265794129432463,0.00315524088486587,0.00120455310394064,0.00191496351493648,0.00145127067920549,0.0010880683269334,0.00170042155345028,0.00125499089447685,0.00156318672769252,0.00258116145752232,0.00347612771976757,0.00105616621066187,0.00536942374107255,0.00141879896567408,0.00102426126583548,0.00281612724004855,0.00272667185112202,0.00279007745870845,0.00272577422887992,0.00106563431746574,0.00257513227364569,0.00297425017275286,0.00297805639307223,0.0033227296872756,0.00484506341452078,0.00124734905114485,0.00235287565936147,0.00105936820765632,0.00087812761281962,0.000950783208459538,0.00151295709213304,0.00275401636348823,0.00324747084286718,0.00208274206445426,0.00211572239545398,0.000881724767168441,0.00105168969718656,0.00206212312014734,0.00427435711180394,0.00348287220876786,0.0010280686774331,0.0017826757048996,0.00323313894668821,0.00105647856451324,0.00252138815641151,0.00106543835983538,0.00108766343384204,0.00268938719177724,0.00461915505328638,0.00313793009374249,0.00561551507649107,0.00171291371863978,0.00104240741933137
"SG0007",0.00125963277688585,0.00107623286538474,0.00253059201671121,0.00124971195243755,0.00228222353227751,0.00353136873895302,0.00358158852836583,0.000942288205068774,0.00310805688864532,0.00119669055011225,0.00337345605010472,0.00116674686441041,0.00128140990111339,0.00117202683006503,0.00277618936809567,0.00171297578256897,0.00109811989096763,0.000927762616880057,0.00221036088024495,0.000923782477642882,0.00110815999791353,0.000925126569214356,0.00126261931324936,0.00183839021045614,0.00250802356647374,0.00352259060432527,0.00322781981926596,0.0031794820852112,0.000891797062640008,0.00128089903568638,0.00139152540041427,0.00336651201218529,0.0013226196140918,0.00159100283669427,0.00482328296928226,0.00127816771641233,0.00358550333025176,0.00350023634740288,0.00248581745460854,0.00359695550615467,0.00192297402599191,0.00108070684767676,0.00238106674114759,0.000898061705384876,0.00132457071484783,0.00110473061401079,0.00245151949456578,0.00167176566698697,0.00144013456559765,0.00107899819379509,0.00163965021047244,0.00110058811493341,0.00108475601796303,0.00306049428289967,0.00108212910508541,0.00282924136139174,0.0109846314669216,0.00738516206582946,0.00340082592789176,0.00110816037343287,0.00140557521730289,0.00133313741735026,0.00127095269633798,0.00167481774827635,0.00363773817423906,0.00238769217759926,0.00192163903825209,0.00135737973150891,0.00129181701429757,0.00140617454326874,0.00338623251569323,0.00451849849700727,0.00134214548423713,0.0012722177039577,0.0012275912478998,0.00545295496440195,0.00138952771941878,0.00174360920849719,0.00278519169252478,0.00516026315945364,0.00130685008583413,0.00120764187487875,0.00116477492902557,0.0013980349036591,0.00324649008051869,0.00109897800574311,0.00236385142630909,0.00315014009916157,0.00178399256248484,0.0039286750612847,0.00332648809170959,0.00353606898918446,0.5,0.00147429009962209,0.00248254047475085,0.00110376340690057,0.00143998201780045,0.00110838684878895,0.0016161606057855,0.00133924905198903,0.00175379147954728,0.00107704681901195,0.00134030675281411,0.00163730245703436,0.00106162930647469,0.00136692280457751,0.00225296753238402,0.00281435217973003,0.00503741301114081,0.00310276933801646,0.00325109708980396,0.00641122395986885,0.00265896443088576,0.00124589970291904,0.00120243723894667,0.0020933687173698,0.00276715806015577,0.00258417180683976,0.00122556317045421,0.00138825108005834,0.00119095979160235,0.00358827283693883,0.00106675563418378,0.00149923114237957,0.00104805907560408,0.00717956256797989,0.00321944180254858,0.00340455702031284,0.00128076327481022,0.00368051567080888,0.00195482334720843,0.0024403468940907,0.00110724669449591,0.00199464671094893,0.00109829214109382,0.00109670013667698,0.00331550061862597,0.0078082536943746,0.0029707786234955,0.00236424434236154,0.00309857307605939,0.00106215036653133,0.00110547852195672,0.00107858182436079,0.002683113829236,0.00136099483888938,0.00118707155861151,0.00158183871177574,0.00110204085792876,0.00246470399188846,0.000992238046930963,0.00239559410752107,0.00110110649730694,0.00226193420782515,0.00178496787794046,0.00823836925824035,0.000894946426437604,0.00350895484456861,0.00328796633201264,0.00311641555640392,0.00422012491679705,0.00784053602162832,0.00184227340926707,0.00248626736118657,0.00428877424551483,0.00302861866926849,0.0015385842714175,0.00506846769720383,0.00142686393056394,0.00144910892507404,0.0015746963586993,0.00123865065410716,0.010924573598512,0.00136362967531443,0.00339142058395693,0.00109796123473782,0.00531494889860506,0.00142045952300677,0.00111759183370667,0.00277056687058999,0.00279590269779277,0.00278387923673336,0.00283633620209985,0.00110751468270699,0.00264425199348013,0.00294665772976095,0.00161476562622528,0.00325009314889483,0.00156807426294016,0.00115682528918219,0.00239590156494114,0.00110109458686029,0.000917007891270147,0.0009121186591159,0.00150754155906694,0.0027462143280683,0.0033410793713727,0.00297611707753503,0.00214307319923751,0.000896348351098369,0.00109323623049741,0.00208395190827917,0.00275775758089069,0.00334225465000347,0.0010685127245602,0.00179407007687193,0.00310787215782349,0.00109742289521167,0.00258150982634556,0.00110730411272468,0.00101368100764609,0.00276757738727685,0.00359135451288911,0.00323411188230416,0.00155638442788669,0.00141212154310389,0.00110100388737967
"DU0069",0.00194937440408376,0.00151059746719002,0.00140558207875134,0.00184121089750535,0.00120830439249922,0.00153753109391657,0.00192968818416644,0.00182653906810169,0.00104520731691206,0.00157098569942165,0.00146951881849427,0.001711625424957,0.00242172372647419,0.00226683570823396,0.0024120074200945,0.129435706712363,0.00159472455722895,0.00615812768257246,0.000996752231050824,0.00117763059392744,0.00113704269405355,0.00116704486098687,0.00195656295640441,0.00101048986994474,0.00220320825913,0.00226877005453471,0.00142471614247194,0.00140203506391248,0.00368191808805985,0.0023417665629984,0.00206384519967554,0.0024077401418369,0.00243077334024704,0.00244780793340678,0.00213748135699618,0.00173698487715292,0.00244462101750182,0.00171775467078297,0.00100633909897975,0.00191832601946328,0.00137609020822179,0.00111209175659833,0.000995313712628179,0.00152748273365759,0.00132183576719553,0.00113084067912827,0.00100618249557159,0.0010159063662191,0.0019520855574473,0.00152750538932926,0.00168128479448975,0.00112785602434589,0.00152365233538945,0.00101322222176342,0.00151750294822357,0.00178417689349518,0.00173675220740382,0.00194287002198644,0.00102310528768512,0.00113704464516115,0.00210268140811865,0.00146034364137499,0.00146320485882952,0.00111687530834053,0.00214953911362693,0.00100116935424677,0.00232048384714829,0.00210944204636742,0.0012101889344766,0.00165239622393089,0.00228633374064415,0.00199813796749385,0.00109428310411705,0.00258749001824049,0.00240647463394652,0.00197768244369823,0.00240894304242637,0.00168264768600607,0.00235122655574784,0.00203943964409321,0.00237286476228614,0.00226931164059473,0.00229100489137906,0.00238555366566987,0.00141556265592399,0.001125616648701,0.000993288861076281,0.00139107687910679,0.00100074575417397,0.0018440565059144,0.00101825337773579,0.00146543040276122,0.00147429009962209,0.5,0.00265225013628264,0.00113010021197038,0.0023917624066917,0.0011346779674514,0.00102763367224091,0.00142960152620244,0.00101802318298838,0.00149555516160687,0.00243592564782063,0.00184564555747621,0.00155115349109416,0.00108164736522349,0.000982639155092565,0.00228994380453462,0.00208679907098557,0.00226378190587156,0.00141796397647221,0.00233422686694776,0.00113279671352485,0.00185182395650897,0.00172715457067958,0.00243337330266118,0.00271578774957981,0.00238887998362448,0.00248284576452665,0.00249862005429138,0.00243414832225192,0.00231546915847956,0.00155658999093654,0.00250592555011388,0.00237738224519079,0.00189231006359505,0.00101353023245647,0.00102127298992218,0.00187343323462959,0.00178712038297078,0.0022008630954591,0.00114899140228867,0.00113469850277225,0.00177244334825483,0.00112488217219155,0.00112362934404857,0.00146653432981552,0.00167046230075069,0.00205876192679551,0.00139461117027064,0.0017038381796851,0.00154318038563191,0.00113159167641985,0.00151224006975214,0.00100445703368152,0.00275948226571885,0.00142147128926304,0.00232762833583173,0.00152879715375064,0.00155059500463424,0.00252967496662167,0.00151632811477113,0.0011198662272377,0.00155020736804426,0.000998666195785635,0.00189728327893856,0.0020799878165998,0.00159741221999985,0.0018981925029275,0.00227647934451093,0.00194638397106778,0.00197427446275818,0.00102608702237342,0.000994086079375445,0.00224712882595231,0.00104285874522044,0.00245757701293369,0.00210046705451845,0.00165817115773266,0.00238831434442284,0.00140587051830767,0.00147403750089547,0.00168753538929122,0.00163056984307868,0.00237492179666704,0.00112558012892515,0.00182826882673793,0.00143630633061616,0.00150258386167694,0.00140851621477258,0.00139750725910098,0.00137265098921025,0.00104761766209522,0.00113390901030436,0.00100750092046471,0.00137865132572689,0.00180872955834455,0.00141375937685308,0.00158695806285149,0.00234749115523961,0.000994774009058712,0.00112866580641977,0.00185912356692141,0.00150079399645281,0.00139942712012341,0.00138977456544945,0.00139303878355785,0.00230068142901794,0.00098985890793561,0.00250130691220009,0.00112061865456916,0.000993524038199381,0.00190497412673544,0.00223047948204159,0.00150218643424191,0.001013365482899,0.00104646711841485,0.00112982488020294,0.00156009580328471,0.0011330812927481,0.00224132899663629,0.00101689510341453,0.00176353730917603,0.00102966503989905,0.00215559393253964,0.00172187728416964,0.00152344071066959
"DU0068",0.0039715059267195,0.00304904595905143,0.00104961677517889,0.00384023053311883,0.00126151292965357,0.00420724443763678,0.00166776893700356,0.00159385039769107,0.00109179622063489,0.00340108531994928,0.00110675392370644,0.00358421127876512,0.00434198476910285,0.00366108417193983,0.00450915949653166,0.00271034076690243,0.00351839581763533,0.000965781991414897,0.00103840586584843,0.0011287526472266,0.00309919505486886,0.00113132954065391,0.00328783953446608,0.00104721193240642,0.00210165194507499,0.00213250150940885,0.00106704272695612,0.00141930000400241,0.000938382741890693,0.00373403907610403,0.0041100044697296,0.00233319446245969,0.00422011100124754,0.00439348034491107,0.00447987023055098,0.00361175971491473,0.00235667821226451,0.00213747112643651,0.00104303661223989,0.00169831497387076,0.00139249812545958,0.0030567594549028,0.00104423435874085,0.0011092027841055,0.00350957064128691,0.00308567903935296,0.00104273701805926,0.00104861318409415,0.00236346191749329,0.00306624143179687,0.00159261079588398,0.00308281571322793,0.00306582000949742,0.00105427668082841,0.00305394609387247,0.00163007153002067,0.00451432284616402,0.00226694417837292,0.00106268120988037,0.00309920403958852,0.00389658494794088,0.00106942237314742,0.00108067003885272,0.00120660285726271,0.00451780641433975,0.00104285208249041,0.00223017195505075,0.00395514083525006,0.0033076884854882,0.00161559024180182,0.00235396905731597,0.0023615735146229,0.00109291093652214,0.0034387523968808,0.00224867162367833,0.00235490715681383,0.004202823883804,0.00163228603751469,0.00220450161341548,0.00242706889119761,0.00376316610341598,0.00365360221706043,0.00369387047651551,0.00421885354458118,0.00106100324908169,0.00307757680283997,0.00104199061993252,0.00135783717280383,0.00104149978804581,0.00163500717382538,0.00106330918629884,0.00132804088109378,0.00248254047475085,0.00265225013628264,0.5,0.00308647904996604,0.00229315393638941,0.00309376952595124,0.00105187453352751,0.00142001728771448,0.00104954508089428,0.00337541515506017,0.00422780314253902,0.00159381390187961,0.00339286326598352,0.00108266730614467,0.00103709514617957,0.00221826424965691,0.00234764237657423,0.00214089107185233,0.00107356200488853,0.00259355874677322,0.00134589624817892,0.00429957751800581,0.0036141628604868,0.00439976899484136,0.00455964296008455,0.00452920706249915,0.00440917289488559,0.00428344475827614,0.00429561734053741,0.00214982627230247,0.00340182261288454,0.00435026482203686,0.00165335170369251,0.00221049529444602,0.00108336804305935,0.00106639252852961,0.00431383106458172,0.00218729963058004,0.00212808567202687,0.00122409234479516,0.00309379743655207,0.00155391721692372,0.00307756787454238,0.00307540933502771,0.00142588887242813,0.00208658564136052,0.00172189125524751,0.00104199741322482,0.00163438033387586,0.00336861994643932,0.00308830480982859,0.00305005387653929,0.00105297646845315,0.0044144569017616,0.00142798093732103,0.00172451323960816,0.0030724254774494,0.00357398006707415,0.00221353372242608,0.00134038186546403,0.00307563239465965,0.00145121801304856,0.00104010941094047,0.00392538849805851,0.000958439866038134,0.00159741884783371,0.00236152150426726,0.00213638744791547,0.00172026000680821,0.00227639773661565,0.00116359994651815,0.0010399439604954,0.00238770583815009,0.00110047058826651,0.00438539382898744,0.00444336759717377,0.00156777169970985,0.00419789975610884,0.00104082686075783,0.00109792272055226,0.00184010472672048,0.00358209403435444,0.00223359350995391,0.00307919153357817,0.00207521175805787,0.00105917812422818,0.00338777437933771,0.00143599913832919,0.00104759556397047,0.00138804389918396,0.00107791882676588,0.00309198171377148,0.00104706346774217,0.00139753309267034,0.00222316439995911,0.00105952985154844,0.00156592095519096,0.0037298049988681,0.00104565594828101,0.00308485501904077,0.00106658663907121,0.00144774821720711,0.00104388715636866,0.00140074120222821,0.00104357067449385,0.00226795146419385,0.00103668533168447,0.000943490326119838,0.00306977325747406,0.0010448526033487,0.00167305100530532,0.0016733671627525,0.00302954548510763,0.00104728203239314,0.0010945222481784,0.00309301252511493,0.00149843900058049,0.00309103276359124,0.0016522042225296,0.00105290486927063,0.00219513732024192,0.00106445822764359,0.00151270985686135,0.00163704201598995,0.00306407009053492
"DU0039",0.00322130802258306,0.00395242488142009,0.00210000294009644,0.00312803558368831,0.00103298128638704,0.0029562739162867,0.00110745349823608,0.00174038211047064,0.00217720087157054,0.00387765016986618,0.00209296226280182,0.00316369545610297,0.00313919672836245,0.00319238139130129,0.00311230709151085,0.00107482127101982,0.00357416634098829,0.0023792549779762,0.00213508186400807,0.00218033830154797,0.00406802026861512,0.00218834957299349,0.00291958512565399,0.00214595091295615,0.00125350158497914,0.00119662851553755,0.00209731590356308,0.00197824015275803,0.00233093561313801,0.00318320629718277,0.00336496556619251,0.00119390178556106,0.0031539871403852,0.00310718314220449,0.00312661660566562,0.0031736150295916,0.00118706393677045,0.00111491008336678,0.00213770650829117,0.00111603736320686,0.00203654473210413,0.00397590361320944,0.0021189139418086,0.00206927358254083,0.00303062299539687,0.0040460537760236,0.00214138712097528,0.00213715417302371,0.00118634541888921,0.00391007718535164,0.00127588654698204,0.00403899047111996,0.0039940892286715,0.00211769100781251,0.0039641341436588,0.00114505249372742,0.00302288294881346,0.00111895221520681,0.00213711351045913,0.00406801531341951,0.0031817078206191,0.00208930323706464,0.00205619784936192,0.00100790723387269,0.00312159249688643,0.00214037811430034,0.00114016413682763,0.00328127480999069,0.00295969163186995,0.00126009733714999,0.00114122323114823,0.00113298612973068,0.00215550423568131,0.00305009027548415,0.00127579159391779,0.00113159141804707,0.00315574803016654,0.00212541184372614,0.00119237611024321,0.00113892840838286,0.00358370861289014,0.00318700727829361,0.00358359308916027,0.00316354239013926,0.00209061630873564,0.0040299081417963,0.00211786006599891,0.00110797877201362,0.00211961828187829,0.00114621282295695,0.00211496579570987,0.00106193724469177,0.00110376340690057,0.00113010021197038,0.00308647904996604,0.5,0.00117105809371639,0.00405969354268968,0.00215018974900291,0.00204039330158062,0.0021536776334122,0.00386995991913503,0.00315455933803308,0.00108209147303108,0.0038426923133439,0.0021541777784703,0.00210176060726052,0.00119161594802703,0.00111652243169712,0.00118646236247325,0.00209302543985189,0.00112243765991368,0.00107206666866107,0.00312636998081534,0.00358800457771571,0.00312616988199747,0.00315157162663469,0.00309343882416909,0.00317810519268429,0.00316970278638631,0.00312731357858183,0.00121812227075878,0.00389504595397956,0.00312561958243607,0.00126976543142833,0.00110354759247242,0.00215904455483236,0.00213007933130957,0.00310024704992454,0.00116849413919932,0.00112691515400668,0.00102804236049474,0.00405958940932251,0.00108585331874253,0.00402940199773417,0.00402248513831613,0.00201519545909645,0.00108133352864863,0.00113597191358772,0.00210946788591349,0.0011229048567808,0.00387097260163235,0.0040499788903246,0.00396529617215652,0.00211934857139603,0.00312954884100253,0.00202710968754687,0.00116595924088388,0.00400656128226002,0.00296581425010865,0.00124936709837727,0.00109420170687011,0.00401271987591003,0.00106796721923771,0.0021138632524231,0.00312203875899163,0.00231728323927716,0.00165099707433893,0.00121937047047822,0.0012095036378039,0.00110369123000549,0.00112172957632787,0.00113305700221766,0.00210482597756,0.00113610763735527,0.00218400698573031,0.00315080328113883,0.00313924244575311,0.00170009333050844,0.00314829761612425,0.00201860937520464,0.00210292393377024,0.00110372485368547,0.00310363776139521,0.00123598336523686,0.00403201292510268,0.00107995567199657,0.00208217575582527,0.00390300987759193,0.00200971344516099,0.002085432589946,0.00201117274483104,0.00214968907185925,0.00405681696235765,0.00212990266291938,0.00201168102319606,0.00109575976769751,0.00206331451708694,0.00118517933586562,0.00314436864059198,0.00212058077009312,0.00404115931517324,0.0022043739598032,0.00209590450375453,0.00204927773471813,0.00204320106526347,0.00205530609164601,0.00116930254626477,0.00211524969740923,0.00234560455068342,0.00401488493794472,0.00211864999351797,0.00111488265566747,0.00118144287124574,0.00390178245885219,0.00214853843230609,0.00218489664572253,0.00404541041356882,0.00167649708457156,0.00405491378409973,0.00131687897835408,0.00214272902665035,0.00113476985056065,0.00215268841680331,0.00109228187143079,0.00123019216726547,0.00399225714411341
"CH0038",0.00241504486689501,0.00154665645665174,0.00138786969506382,0.0023015342885828,0.00198060241594436,0.00126289901495413,0.00187042399568292,0.00176542386926749,0.00126055069654541,0.00154902674826448,0.00172192464819629,0.00169242208798491,0.00236663279586693,0.00170590577704773,0.00231965804527626,0.00209407665018707,0.00165854841241056,0.00103973547173261,0.00157006004971825,0.00125312425491221,0.00117853522256678,0.00125132290287272,0.00134061151225049,0.0023838091681481,0.00228318730348138,0.00239793708252196,0.00123910777999124,0.00170346514478162,0.00101360218342635,0.00175629734064462,0.0016030392650182,0.00245445109688769,0.00224002976910025,0.00233000480230931,0.00176804844305355,0.00167547360778487,0.00241926540654096,0.00242403375710904,0.0014169216527933,0.00183646204930032,0.00241447661098444,0.0011570787039805,0.00143704823072392,0.00158478085718201,0.001500599979223,0.00117571701624431,0.00142893397270239,0.00291861957530786,0.00995576580034445,0.00159183190731838,0.00549660599441271,0.00117040606477697,0.00115816603649018,0.00131825736002872,0.00155966668186676,0.00202791387399639,0.00127929436050338,0.00188045593865825,0.00129679402952298,0.00117853331657306,0.00167456381104404,0.00588729786016728,0.00859956673052585,0.00319675732351572,0.00182135599148123,0.00144797007426502,0.00450330288189855,0.00176772356423215,0.00139241503020686,0.00782841636503418,0.00309929654338851,0.00339214554835862,0.0070912270051686,0.0014437141173032,0.00232749070070005,0.0019846323614821,0.00176889103435382,0.00181942582634536,0.00252502012158204,0.0018935637962206,0.00176292648770537,0.00169860193133936,0.00220975949244969,0.00223529544152465,0.00168761355590914,0.0011712879524569,0.00144324320967867,0.0016950539477081,0.00246291347629777,0.00182828100509686,0.00124750374998842,0.00146753581864479,0.00143998201780045,0.0023917624066917,0.00229315393638941,0.00117105809371639,0.5,0.00117290550193466,0.00328319475137869,0.00533003158994565,0.00265314373516695,0.0015340393328793,0.00224092930531574,0.00691013197008928,0.00154155481104929,0.00582176167481405,0.00148843222362614,0.00399580792477712,0.00712845587816589,0.00251064635416256,0.00163231938816277,0.00226150657404815,0.00178139406708757,0.00185075023235921,0.00167521316481668,0.00232323574769687,0.00178211401719711,0.00231113860261012,0.00238637517878282,0.00225852227233049,0.00234209562457051,0.00191640158279594,0.00153440158781367,0.00229409810474735,0.00179979065479517,0.00261377708498237,0.00167792649053701,0.00129624876972628,0.00237602711190351,0.00259026175320686,0.00382346431926186,0.00178619805604748,0.00117606319291869,0.00355978429844116,0.00116995777307079,0.00117055684201897,0.0016543675922901,0.00152193691068203,0.00203838559202879,0.00143966081096745,0.00150688970943245,0.00152825501468126,0.00117276987340923,0.00115340319066211,0.00136077721437954,0.00235145255114458,0.0018062059998053,0.00720380000881269,0.00116344505361151,0.00123678560833073,0.00244478771292439,0.00170350416402848,0.00116403251056705,0.00268724775803046,0.00245191575869652,0.00159812804472048,0.00105062609203241,0.00235626057517205,0.00246883334454987,0.0023624614312057,0.00184232022480521,0.00187483360306333,0.0029593552602167,0.00139612457090922,0.00254886819290955,0.00125513234263238,0.00231808023374906,0.00171531860650692,0.00824803606363643,0.00223345018864999,0.00380830586344477,0.00815380756159889,0.00725535973984239,0.0015502155975728,0.00235477403861837,0.00117072506979992,0.00175973055147562,0.00514154784809937,0.00155503995047075,0.00177810122935179,0.00131827752521355,0.00170060135847695,0.00130397552598003,0.00117524625781586,0.00137881070359536,0.00166642763236357,0.00797683196099635,0.00127049401824331,0.00190287075265314,0.00228913257666462,0.00142639044123217,0.00117283955756988,0.00116203445960201,0.00157532643064698,0.00398993706996994,0.00171761883817196,0.00165931187591245,0.00294219198553442,0.00160977295328318,0.00103077761383137,0.00116710525466775,0.00166956723662603,0.00252970011389401,0.00245131399912559,0.00154171026017751,0.00250781483100136,0.00125696286091967,0.00117276003952217,0.00190704356423658,0.00117448595084472,0.00177728738970628,0.00136066022852147,0.00247840784856589,0.00131580319374893,0.00731621171558661,0.00646140495573415,0.00116229187550909
"CH0039",0.00322888879423653,0.00396561582015936,0.00211011597305042,0.0031354385285934,0.00103699796843657,0.00296341322478895,0.0011121492323185,0.00174895026593197,0.00218843663497978,0.00389060413401716,0.00210311678123101,0.00317185353617549,0.00314672889508186,0.00320046307674591,0.00311965758022646,0.00107911030984199,0.00318823863193988,0.00239240179747594,0.00214568695913269,0.00219222005034581,0.00408190668401571,0.00220004880366138,0.00292663775362743,0.00215633362970618,0.00125851889980131,0.00120145227323517,0.00210822702233307,0.00198815428463982,0.00234376342489494,0.00319113039970251,0.00337292981229452,0.00119880244787313,0.00316174914069458,0.00311464682964872,0.00313394144959267,0.00318172604575047,0.00119193657650107,0.00111942374710863,0.0021481824393559,0.00112063204606893,0.00204647423138663,0.0039893994937499,0.00212927127288038,0.0020805079381226,0.00303792586973317,0.00405978502339387,0.00215201276159771,0.00214751638089129,0.00118840607837433,0.00392291221132666,0.00127992148469363,0.00405260721864597,0.00400745860084108,0.00212829962406904,0.00397743061229084,0.00114926479726508,0.0030301756038678,0.00112326540256839,0.00214792205159166,0.00408190360336359,0.00318929604157107,0.00209821204730851,0.00206402836584322,0.0010117124538947,0.00312888771414017,0.00215087433304451,0.00114408729070667,0.0032892126228228,0.00296682726947915,0.00126284897511508,0.00114566820769773,0.00113698791683495,0.00216408697360155,0.00305740501904115,0.00128174345079827,0.00113579661234569,0.00316355807421337,0.00213633836886478,0.00119685221566366,0.00114348165789188,0.00319425580023016,0.00319508278409355,0.00318999484356388,0.00317134703496526,0.00210112129752944,0.00404340818830019,0.00212825102639791,0.00111229279519543,0.0021299923207314,0.00115075125926402,0.00212579840060053,0.00106647311845201,0.00110838684878895,0.0011346779674514,0.00309376952595124,0.00405969354268968,0.00117290550193466,0.5,0.00216063109072792,0.00204954248130402,0.00216431913184012,0.0038829892221849,0.00316230899083035,0.00108458771420003,0.00385527150544556,0.00216361160294822,0.0021121623209314,0.00119589804401923,0.00111887533523711,0.00119104843083825,0.00210368774360924,0.00112725106987823,0.00107624359385724,0.00313388847627932,0.00319682167063093,0.00313367600637834,0.00315890727456647,0.00310078274211144,0.00318568365673802,0.00317745632862173,0.00313485254692084,0.00122305412237332,0.00390801719553324,0.00313316178688805,0.0012757333757576,0.00110767837756541,0.00216996800398077,0.00214081894346055,0.00310752229663937,0.00117298185632818,0.00113090772108031,0.00103216290439524,0.00407347449521975,0.00108979392595325,0.00404302292926356,0.00403605306507279,0.00202546077424563,0.00108541498314749,0.00113996144473517,0.00211980298549877,0.00112708659907197,0.00388373359509141,0.00406350765950506,0.00397859665876171,0.00212961909448817,0.00313700245259246,0.0020377078481632,0.00116883163482168,0.00402002721916829,0.00297296864390956,0.0012550649601475,0.00109859661581907,0.0040262413504413,0.00107196103517974,0.00212424630357166,0.00312940070298706,0.00232993482574164,0.00165833753424872,0.00122440485139955,0.00121429859118953,0.00110799135995572,0.00112614869350417,0.00113726624711558,0.00211519886947676,0.00114023199107411,0.00219530514139566,0.00315840925419898,0.00314665360988401,0.00129377199051237,0.00315607327802771,0.00202811621013883,0.00211117605972913,0.00110593263163724,0.00311099451884871,0.00124113410656275,0.00404552314342439,0.00108418451267403,0.00209143425432117,0.00391604034355008,0.00201926078812989,0.00209575420664459,0.00202113697339526,0.00216076450589536,0.00407069104149297,0.00214031416204052,0.00202184217507014,0.00109777183836507,0.00207392786412195,0.00119084437689996,0.00315210607761464,0.00213098471349969,0.00405478272709958,0.00221626778475684,0.00210715225338399,0.00205897968339236,0.00205342391099517,0.00206591348136684,0.00117355694924106,0.00212588915918137,0.00235862935876112,0.00402844789068772,0.00212922396885327,0.00111895390031812,0.00118616610915758,0.00391490954881038,0.00215910410519477,0.00219609907845224,0.0040589509858528,0.00128500236054099,0.00406867122954295,0.00132314441433941,0.00215332517607267,0.00113942104880874,0.00216373148905144,0.00109448262643288,0.00123354111012727,0.00400573060188585
"CH0036",0.00112300024539236,0.00207203728966666,0.00304814260708767,0.00110928852852409,0.00293572811164302,0.0010994650047306,0.0014910106047365,0.00173734403733343,0.00247838258315408,0.00201613238816167,0.00248909392010633,0.00123059062691623,0.00111035428687007,0.0012082140452546,0.00106873376507367,0.00096127855454548,0.00165686671845057,0.00242941893585371,0.00355002937719193,0.00220362595178348,0.00216644330054947,0.00220873463930749,0.00110876430843485,0.00448931399614955,0.0029001964085496,0.00170503205067336,0.00244773251954093,0.00254154955520861,0.00237677953587782,0.00118132387900645,0.00105337123993389,0.00140954788277528,0.00114758769568066,0.00109437599434905,0.00106057129813811,0.00121117539492984,0.00141873985033173,0.0014973097948005,0.00317870468741776,0.00148122508033478,0.00388822760289423,0.00209535954485189,0.00323916047195192,0.00208252748747982,0.00111797265940262,0.00215417169908068,0.00322237899888515,0.00515349497021667,0.00309475687918897,0.00203913611673992,0.00405917972049211,0.00214623711735609,0.00210598457428001,0.00277195236181283,0.00208837966870485,0.00241007614924921,0.0010587516744533,0.00182074578507869,0.00268695291108125,0.00216641175288094,0.00106416310457924,0.00452218856864419,0.00406798013423425,0.00346041552368886,0.00105413355696302,0.00328201057588816,0.00385084775141028,0.00111647202835523,0.00112396977120486,0.00348470355972965,0.00286312654664777,0.00328724696287411,0.0044178434128225,0.00110377732142112,0.00123378828877026,0.00190444737815793,0.00114705749172175,0.0024541513373979,0.00227151451832906,0.00145919460091238,0.00116644511870247,0.00120703147839351,0.00119462521242889,0.00116443837276224,0.00265919418780759,0.00214055238722883,0.00325617012223937,0.00195656056719803,0.00457148354712973,0.00156142236381589,0.00249563916492242,0.00161965065244419,0.0016161606057855,0.00102763367224091,0.00105187453352751,0.00215018974900291,0.00328319475137869,0.00216063109072792,0.5,0.00472494385172419,0.00485041453219358,0.00201373507608713,0.00114415141649258,0.00370671237083605,0.00198422113143453,0.00469432403730175,0.00337513346430574,0.0041787250938655,0.0036131365586509,0.00188982154388826,0.00244415146999632,0.00170687984699896,0.00221997311888053,0.00109566493003988,0.00122082497161263,0.00110150144696881,0.00104538326319207,0.00105594164956825,0.00110558867281022,0.00113336176377366,0.00111341246782614,0.00172850404028804,0.00201883635077695,0.00110793171398617,0.00126204942838397,0.00304911927075713,0.00250767617109782,0.00266825302072106,0.00108984865866574,0.00181362505543379,0.00380403813682769,0.0025450293482843,0.00216131531923134,0.00434465002629973,0.00213958634311936,0.00213418309967771,0.00248016025445132,0.00208640783133748,0.00218072725971133,0.00324918728325224,0.00209104607345616,0.00201672054732347,0.00215399373847544,0.00208725886607579,0.00296364759029994,0.00107283706245704,0.00230198354107644,0.00371466316526988,0.0021190240744602,0.00111911049417878,0.00123057503048382,0.00244248461892485,0.00212164996783958,0.00325931836811595,0.00455181172453139,0.0010590316176002,0.00236551432654136,0.00177982552872061,0.00139532538445304,0.00183934635915539,0.00187323872936462,0.00170597636241492,0.00402351782291358,0.00309807784291586,0.00211772816023979,0.00245862918103096,0.00111301028818593,0.00105231217165725,0.00388303020576025,0.00115048166772686,0.00530233555401996,0.00388281668711882,0.00349881248012809,0.00115112398947567,0.00145393488847536,0.0021411799299093,0.00188554458356371,0.0048505566497335,0.00204682806645169,0.00275764973879577,0.00280902273255996,0.00273777919818778,0.00270572184996516,0.0021595672890274,0.00302453394617638,0.00263515058738872,0.00344874280836764,0.00254291230040935,0.00156143096898508,0.00117101402664109,0.00321328404106779,0.00214753363746579,0.00222991100815218,0.00210046148143501,0.00520624607021455,0.00281163926723951,0.00258661634153296,0.00297682000973648,0.00363039834206463,0.00239560227979975,0.00212898778439227,0.00374231373726402,0.00214381350611273,0.00177312984610401,0.00203657489826054,0.00465906028893211,0.0024832474482443,0.00214501998576925,0.00263680851908391,0.00215799909604313,0.00129089561568112,0.00296532801532023,0.0016245392102396,0.00276463871645466,0.00347223615045503,0.00380278750520864,0.00211044583973888
"CH0037",0.00151063329650555,0.00199078511982701,0.00245059195799679,0.0014565048097013,0.00246177156066254,0.00108958084974881,0.00162865382994919,0.00170894718577634,0.00221603162364342,0.00196008849150519,0.00182852688455457,0.00199154874829667,0.00149688936274935,0.00158116000669362,0.00107831735988073,0.00103715133700244,0.0016206214650764,0.00226191973336389,0.00293464295366525,0.00209057244479932,0.00205632006979964,0.0020969385554399,0.00114803884793869,0.00371190327096321,0.00270128360344765,0.00179167173168381,0.00217182621608308,0.0021982388389134,0.00221842256406427,0.00156063015108932,0.00129022892815,0.0016460963992372,0.00153021631738492,0.00147231058716101,0.00138937730296961,0.00196900355274325,0.00164050703866532,0.00165751645259309,0.00250355919453071,0.00159981910189537,0.0032373301425022,0.00200267619131528,0.00252574836077603,0.00200908312966208,0.00111483214109837,0.00204670752556083,0.00252451463055128,0.00432043177401895,0.00509327405367591,0.00197907319218506,0.00590985488683197,0.00203750264694907,0.00200847855253935,0.00231969804270324,0.00200953406471013,0.00220782089039289,0.00106580583118234,0.00142831984910949,0.00228732475371461,0.00205630958000021,0.00105989722389957,0.00603095262780182,0.00554959413372528,0.00366239746573314,0.00106408215995648,0.00272726872555171,0.00415829974679609,0.00145824592376524,0.00120533671097828,0.00550205049094972,0.00261703287371309,0.00263735383915424,0.00592586591586941,0.00109813906452912,0.00159347598103371,0.00179781082129902,0.00152850846713225,0.00186733948556521,0.00201435894459037,0.00124785738494842,0.00154525558323889,0.00158060307591681,0.00157786431794851,0.0015448880761674,0.00227876191859471,0.00203399571175944,0.0027118020707681,0.00149225921651213,0.0037888451042864,0.00132884113861351,0.00218790919955731,0.00140435594355962,0.00133924905198903,0.00142960152620244,0.00142001728771448,0.00204039330158062,0.00533003158994565,0.00204954248130402,0.00472494385172419,0.5,0.00403095216186166,0.0019597103120955,0.00152594358258229,0.00571764265042756,0.00193723503109005,0.0062226790654044,0.00279421007157524,0.00381447726176027,0.00534345224022457,0.00188934402506461,0.00216980699219564,0.00158432917648872,0.00169147799856693,0.0014708076709513,0.00158955981493423,0.00147889320583157,0.00105689645345872,0.00143342099059413,0.00148758710920491,0.00151684115494409,0.00151072651708224,0.00179788370685863,0.0019533319549729,0.00148488047154517,0.00163263876716975,0.00242974262876384,0.00222722332458108,0.00228005431511729,0.00146999528335037,0.00183586353413098,0.00346732576871614,0.00211284596221979,0.00205101877247178,0.00385017651325574,0.00203206147251141,0.0020312598231054,0.00215939858503042,0.00153647112280477,0.00158354103797778,0.00270156983387254,0.00152102743716108,0.00196875125678608,0.0020439889027887,0.00199349682868733,0.00240147448989373,0.00144874905558717,0.00223156780396429,0.00579612292397732,0.00201644607104164,0.00107881671780987,0.00161714475407133,0.00199520053827676,0.00201832570706461,0.00283210240990681,0.00377301476878972,0.00106901592518562,0.00220869004994611,0.00186809660793537,0.00163437859719459,0.00182733523966255,0.00144973306288983,0.00137670870242139,0.0032536404814644,0.00245554207429056,0.00191342052568705,0.00220417331600826,0.00149450978308487,0.00106526099296176,0.00547320229081229,0.00153333410538235,0.00474936018471608,0.00521150301622327,0.00521412724862109,0.00110485046959775,0.00167767409675224,0.00203369573339837,0.0014467974395421,0.00609235356982888,0.00198440016711174,0.00193360288126869,0.00231648931756383,0.00229378489013081,0.00227068848591381,0.00204929223122726,0.00243371190106396,0.0022482900515424,0.00512278135570244,0.00220773011757343,0.00151946956411643,0.00156062958733418,0.00250836962703543,0.00204145799112509,0.0021095474964536,0.00202568388424226,0.00499109235179847,0.00234309930922336,0.00222357182300518,0.00274574979301545,0.00299667939846701,0.002232626514049,0.00202382877352603,0.00308543878866727,0.00192215289668016,0.00183310502173391,0.00196688701193518,0.00385999368176116,0.00221552448759391,0.00204144254162261,0.00246526456885887,0.00204779761541874,0.0016472689951255,0.00241245924752394,0.00173179305316839,0.00233015705376261,0.0053157607231311,0.0058649051552839,0.00201050095142792
"CH0034",0.00111417816833639,0.00207407682387489,0.00327274483420598,0.00110221767034973,0.00323266615212077,0.00110258668357799,0.00157200848941534,0.00132107365592616,0.00255119996001249,0.00201683234166218,0.00258061263484595,0.00122780116166642,0.00110147806038399,0.0012059370545183,0.00106207149424118,0.000953995943706653,0.00125817395751314,0.00243431472253743,0.00382986978091831,0.00220372985282594,0.00216990244418404,0.00220911521533381,0.00110767777434192,0.00479673353314277,0.00319836913237442,0.0018412541451598,0.00253251822978161,0.0023126668525527,0.0023802926195078,0.00117727802769263,0.00105111180849235,0.00147213639468676,0.00114013590812091,0.00108696289567954,0.00105813652878912,0.001208867040272,0.00148524525247128,0.00157614296011343,0.00341795041535542,0.00156836168353941,0.00418530895958004,0.00209769297253156,0.0034901569802891,0.00207956886780267,0.00111531254423381,0.00215686751887403,0.00346803243239443,0.00497723250368292,0.00251509515771974,0.00203762983914037,0.00333014474218867,0.002149362392052,0.00210867009682121,0.00293740170628916,0.00209013405467426,0.0026915175535959,0.00106017682994851,0.00200374695605631,0.00282971808717623,0.00216988433767408,0.00106689799842989,0.00386349463195235,0.00349274575212714,0.00304734642510335,0.00105175836277886,0.00353590099995012,0.00326224597625573,0.00111345625421372,0.0011242756450693,0.0028416737033331,0.0031748358385355,0.00360111151908942,0.00378850578392117,0.00109857064243342,0.00122047750314726,0.0021047925502568,0.0011421902895541,0.00249850731827158,0.00252049793658988,0.00155251717629255,0.00116186102108707,0.00120518674702316,0.00118901089389431,0.00115762124472558,0.0028070451477678,0.00214360832260193,0.00350839398021648,0.00214550323005318,0.00487248381250866,0.00165894359900907,0.00258706664801254,0.00174750059791925,0.00175379147954728,0.00101802318298838,0.00104954508089428,0.0021536776334122,0.00265314373516695,0.00216431913184012,0.00485041453219358,0.00403095216186166,0.5,0.00201577050915911,0.00113663899363619,0.00299679155387446,0.00198552974897059,0.00401543466912164,0.00364313661815003,0.00408678160047198,0.00291051862296962,0.00206077232581014,0.00253194172875268,0.00164055397750598,0.00246690561137215,0.00108953754234103,0.00121900863880393,0.001093127855959,0.00104473306592525,0.00105034107403977,0.00109711987803801,0.00112626908419734,0.00110220931169685,0.00187097595848326,0.00202203190841104,0.00110121114183236,0.00124111945874531,0.00337151783236153,0.00259230930786598,0.00280797059287281,0.00108056594588861,0.00197172939932475,0.00409771618040935,0.00281609934291518,0.00216475888860268,0.00412051692050201,0.0021423778575385,0.00213675366408843,0.00260383053883725,0.00232070146833969,0.00242947799401506,0.00350185050339563,0.00233119029997285,0.00201845885025775,0.00215738861887053,0.00208954458023174,0.00316890238513991,0.00106730291747092,0.00228499130276088,0.00300756862333285,0.00212125339653193,0.00112502901013177,0.00120129324827034,0.00271156628461399,0.00212408101355552,0.00357688551771728,0.00485198157613973,0.00105814248415424,0.00236675386378437,0.00230939598581917,0.00145916599487305,0.00200554313803196,0.00206863022012586,0.00186411917934749,0.00395662112467728,0.00332903194186664,0.00235311845934409,0.0025270118330623,0.00110309546222336,0.00105030265708996,0.0032555768249422,0.00114485168896888,0.00458653806399383,0.00337006481400913,0.00282033181210525,0.00115349331225024,0.00151919646311485,0.00214397162593514,0.0020833597842414,0.00414727831127446,0.00204608117486881,0.0029383645776494,0.00299126595181154,0.00291813515673553,0.00285137784635786,0.00216310826887192,0.00323793838769164,0.00279624729109039,0.00278196131628704,0.00266699405641315,0.00153935842288011,0.0011636652643968,0.00346096168437593,0.00215016071881642,0.00222276717569671,0.00210108059726203,0.00449114979996091,0.00300163796869147,0.00272513001898089,0.00327933363082319,0.00391796400155895,0.002398782352281,0.00213143834760372,0.00403638715787315,0.00237778118140773,0.00191917776896771,0.00203887719796338,0.00496210777158395,0.00255666014300845,0.0021478147212136,0.00246245373576639,0.0021615025102018,0.00128506975528674,0.00316610796263743,0.00175136841227448,0.00292156838666773,0.00280307452950753,0.0030975775139261,0.00211230697375419
"CH0035",0.00352128560988736,0.00380316927570023,0.00198841238622508,0.00339637826555587,0.00109584757575607,0.00288606924109641,0.00139218135174153,0.00211907053155565,0.00204098750795186,0.00375867074590673,0.00162272277757097,0.00346254169254065,0.00343801298264863,0.00349546520158092,0.00340063722088374,0.00110990077017904,0.00346820560182131,0.00221206538609062,0.00199525222562479,0.00207181841333211,0.00389103195457357,0.00207766440074328,0.00284722152224092,0.00200825971848998,0.00159428896104932,0.00153122881804052,0.00199689498621976,0.00190206183092,0.00217207843326167,0.00348713599869413,0.00351312750428043,0.00153647942460967,0.00345387816179209,0.00340035435854298,0.00337567751737775,0.00386266794998869,0.00152812033245095,0.00142852522907355,0.00199738157966837,0.00107907017263447,0.00195223523584297,0.00382834640703464,0.00198634242929562,0.00201343205757426,0.00314138376338831,0.00387037036212963,0.00200077437646262,0.0020040231601039,0.00154828321932466,0.00341859534848409,0.00162560334493418,0.00386371206745005,0.00382771685295628,0.00198323042417048,0.00381511739300873,0.00140220614086557,0.00295036569668403,0.00108295171263376,0.00199541133804582,0.0038910175415726,0.00310460229654212,0.00196863730770609,0.00197140273040881,0.00102411060994386,0.00304824480516086,0.00199949132656146,0.00146877004495047,0.00355820618725186,0.00297004592140167,0.0016112045880216,0.00143887719225288,0.00144619750443587,0.00202328319967226,0.00297441391909925,0.00162411714822742,0.0014315244810196,0.00345998411776551,0.00163386889279632,0.00152489721301313,0.00110122180031463,0.00348925989252792,0.00349076437368291,0.00348632155657647,0.00346259763032527,0.00198026147739996,0.00385560706950771,0.00198481844287073,0.00123571074064252,0.00198637040952229,0.00110863638393611,0.00197987738243661,0.00102181068020837,0.00107704681901195,0.00149555516160687,0.00337541515506017,0.00386995991913503,0.0015340393328793,0.0038829892221849,0.00201373507608713,0.0019597103120955,0.00201577050915911,0.5,0.00345354447251155,0.00132839940201285,0.00373454123728446,0.00202132973688766,0.00196979336782362,0.00153484721538766,0.00109077647015599,0.00152604640575705,0.00198287853254138,0.00106231257120476,0.00103392253385919,0.00341371544815173,0.00387870756848353,0.00342102386470026,0.00308198138618912,0.00338317831775051,0.00347599315048034,0.00347002595404998,0.00343134265072759,0.00155256061991976,0.00377273329022903,0.00342398241727761,0.00166768629539392,0.00107325612058045,0.00202727001252556,0.00199264618609864,0.00339805048712156,0.00149828346396446,0.00146620049726156,0.00106540451314123,0.0038829927983138,0.00132745765364105,0.00385461919532424,0.00385507023464805,0.00192207112987488,0.00104403432234001,0.00109700990915697,0.0019778492667775,0.001078144876238,0.00375143127945937,0.00387372295510493,0.00380325962637787,0.00198322390564482,0.00342203005080084,0.00193420923568283,0.00152083683972146,0.0038388222840748,0.00289468244606697,0.00165864423039679,0.00105478411611861,0.00384354548598041,0.00125860735246638,0.00198281163393592,0.00305032492521542,0.00216683009253517,0.00159623972973738,0.00155764199446861,0.00152756176577341,0.00106776021838214,0.00108581367263572,0.00109512855434888,0.00197202973406225,0.00145794911551363,0.00204321256408872,0.00344564833390733,0.00307098383222289,0.00164140857125069,0.00345283460933817,0.0019302315114847,0.00199203970789995,0.0010779702659478,0.00302983097801706,0.00157509002784327,0.00385718318507734,0.00104226080881678,0.00196631121290098,0.00377257689565293,0.00156034297185694,0.00195528543554917,0.00192432310105136,0.00198004965157364,0.00388021667889281,0.00198997648538062,0.00192720995007311,0.0010735290371776,0.00194491471732691,0.00113625167848775,0.00345153294916956,0.00198491607345725,0.00386673742492902,0.00211012114613556,0.00202611193471258,0.00195287704286596,0.00194845311681169,0.00194066180490757,0.00150641147215797,0.00198083369393059,0.00218608866804043,0.00384203472573795,0.00198427740604672,0.00142877066295103,0.00151616966975891,0.00377658983631584,0.00201082352084306,0.00204251598032502,0.00387276983234672,0.00200129995979763,0.0038783063200409,0.00166864497581356,0.00200099310041344,0.00146917505424599,0.00200990688751727,0.0012000929244775,0.00158265060071955,0.00382616904327061
"DU0065",0.00391620592797254,0.00349198706607859,0.0011252165634181,0.00373775233372637,0.00103009673738811,0.00326203379470497,0.00119438054573454,0.00175154807265853,0.00117666901079948,0.00348068925663902,0.00158018426692135,0.00366041441803526,0.0038112208665145,0.00419968384085341,0.0042601211218278,0.00206245862926879,0.00361080561416231,0.0010834193724413,0.00112229206797704,0.00127572943016621,0.00316795679566789,0.00127799533008302,0.00311425364979977,0.00113183715534415,0.00217715665326834,0.00215976964601135,0.00152804341671635,0.00149808040649953,0.00105900360285964,0.00427344877108868,0.00389171703204818,0.00225286307497348,0.00436346176064402,0.00426472530066609,0.00375699787187626,0.00412623665939317,0.00226594464232525,0.00161980000268708,0.00112444620823782,0.00157004177222629,0.00149016688618715,0.0035043550272633,0.00112347097705087,0.00159430741290211,0.00335082411616701,0.00315386353233164,0.00112492784631551,0.00113709974376368,0.00182355960587596,0.00351193541888741,0.00215037371339375,0.00315067792375549,0.00351418341257073,0.00113106914801789,0.00311657619076983,0.00153084250750527,0.00344129894387251,0.00155507216167678,0.00114224273504737,0.00316796409524951,0.00377416976130305,0.00154438511037908,0.00155053821062856,0.00102838502309164,0.00380388151299312,0.00112622764740467,0.00172629140911072,0.00348348593512878,0.00309248324572749,0.00216770960791356,0.00213116260525329,0.00167500903471945,0.00119054324174704,0.00335117950308711,0.00228784605762117,0.00163527409976079,0.00426384434830391,0.00213721568853383,0.00221491548057678,0.00169607801893678,0.00432431184348358,0.00418587293049202,0.00422463439389716,0.00431195560338446,0.00113487247456171,0.00314525026698797,0.00112201347549716,0.00112395491934308,0.00112559240787684,0.00155658713624421,0.00152626643629111,0.0011551646689958,0.00134030675281411,0.00243592564782063,0.00422780314253902,0.00315455933803308,0.00224092930531574,0.00316230899083035,0.00114415141649258,0.00152594358258229,0.00113663899363619,0.00345354447251155,0.5,0.00118817947798444,0.00344985545888654,0.00118143420060714,0.00149681637814265,0.00222221158382639,0.00167218076966383,0.00171173204134245,0.00152917685468392,0.00173545756663694,0.00119381812778969,0.0037520140468706,0.00413693918037371,0.00427853889005505,0.00385588752279853,0.00377739369128319,0.00435724881545961,0.00436895710129981,0.0042421652417574,0.00222800784381088,0.00347857810415408,0.0042872584698604,0.00220398760486371,0.00153504245515084,0.00155919050657825,0.00114353916914792,0.00376023893345021,0.00170160445273484,0.0016504794592312,0.00102595724641973,0.0031623376414007,0.00113302223727528,0.00314513573006667,0.00314288382713424,0.00151573987586629,0.00137778091620841,0.00164514850685309,0.00150393432256544,0.00146592484463503,0.00344402908745175,0.00315654484763433,0.00349442884411155,0.00151129810299707,0.00432664100443217,0.00148091189084183,0.00217434587255282,0.00352344874135258,0.00327741329460389,0.0018872938263056,0.00118819306244467,0.00352719132066284,0.00109203227856968,0.00150772408381104,0.003623782053448,0.00109998780880216,0.0021126696126907,0.00180047846119356,0.002221541017751,0.00152137931703915,0.00159152211592661,0.00113979042784397,0.00150020687822547,0.00210798624597175,0.00158031186152516,0.00432754573387204,0.00373710940328544,0.00168756959797514,0.0042668820926681,0.00151001022958325,0.00157024034079016,0.00147920162279673,0.0035022599483737,0.00233651411095755,0.00314682218730024,0.00142335354779523,0.00153067628804202,0.00346959660222454,0.00153026674225413,0.00149616607930217,0.0014713295837443,0.00116052908676788,0.00316045059992219,0.00112599170355549,0.00147578846790128,0.00168831298500426,0.00151058306747325,0.00119987872448785,0.00419651284730464,0.00150780740834143,0.00315280046557724,0.00155563383301837,0.00160024184196118,0.00150569302574576,0.00110949251762453,0.00149558204511926,0.00215990000492544,0.00111893393419797,0.00107753803470366,0.00313693208974965,0.00150847107661457,0.00119188466389884,0.0021155367329731,0.00347236865800887,0.00113312761096011,0.00117952805832107,0.00315860297413335,0.00158597544774258,0.0031594215604781,0.00222356344619888,0.00113127635032397,0.00166440225456305,0.00114365241104001,0.00135980263990698,0.00214079749257818,0.00351317352606787
"CH0033",0.00164534990736545,0.0010641657016693,0.00148814822799841,0.00170870620245499,0.00565395931043932,0.00374480461919006,0.00306691220013101,0.00110335390997544,0.00124530527830237,0.00107112477410412,0.00130450111824576,0.00144074795665774,0.00157698238648229,0.00141085638324506,0.00156924014822455,0.00239563972687445,0.00111539068220843,0.000967980252159485,0.00192569211329939,0.00105005735396338,0.00108923696445052,0.00105465686129761,0.00299301424622657,0.0026872305472352,0.00222160343982964,0.00182518158819948,0.00124522868301568,0.00161004361220491,0.000937472939185695,0.00115327126785934,0.00155136690895934,0.00173692015936716,0.0011865903984651,0.00155436256953276,0.00169508392187157,0.0013927609387958,0.00173166812708455,0.00266960184974396,0.00152473729138709,0.00309499925673374,0.00227578739183079,0.00106833560912299,0.0015554323235478,0.00101984614483136,0.00413239115906336,0.00108749947699199,0.00154188168230454,0.00330004369094133,0.00674265088966816,0.00108902952021066,0.00552574394521945,0.00108194593480618,0.00107076950964608,0.00136797233097959,0.00107646849889393,0.00296831363374192,0.00156542322865236,0.00247262099256765,0.00132971813170591,0.00108923548816127,0.00255930464922975,0.00635243202140515,0.00629677436137138,0.00685266970463215,0.00160730382411986,0.0015696099088873,0.00423831960194877,0.00243673495328543,0.00365825165742022,0.00650088968208479,0.00269848493648093,0.00311395386549316,0.00638847368549473,0.00151969629613009,0.00146016919221931,0.0020305399160961,0.00145412756277222,0.00135031624002381,0.00199422740888782,0.00187096613457658,0.00115728600736471,0.00111634511382326,0.00145476733176241,0.00118793447427958,0.00133561134741626,0.00108259104544009,0.00156567732792932,0.00199140210800747,0.00277822767222063,0.00242006295161072,0.00125877553461953,0.00431017487905606,0.00163730245703436,0.00184564555747621,0.00159381390187961,0.00108209147303108,0.00691013197008928,0.00108458771420003,0.00370671237083605,0.00571764265042756,0.00299679155387446,0.00132839940201285,0.00118817947798444,0.5,0.00133904355898073,0.00630542611483935,0.00162689953874841,0.00342780216642025,0.00745417314674628,0.00194485600822548,0.00124810751016392,0.00294144641105079,0.00380571575104065,0.00245396005266585,0.00110591133983485,0.00154452443284952,0.00165898372285358,0.0016490142760335,0.00157049731058286,0.0011908426442983,0.00159176561572061,0.00173596932758183,0.00105249886536531,0.00152931331670633,0.00141030640400262,0.0034528351692618,0.00126980025221277,0.00132741156435021,0.00178216954656956,0.00192361377265401,0.00371097912213773,0.0050677570081562,0.00108689691029636,0.00530202533037767,0.00108111274997263,0.00108207448311182,0.00127943335514375,0.00260617770104363,0.00267071345888033,0.00156122136275516,0.0028058255235326,0.00133400661171929,0.00108380639604227,0.0010658494514884,0.0014423934499836,0.00157107951062805,0.00184607001694962,0.00710227680898974,0.00107503880697487,0.0020970145088751,0.00150019500480939,0.00293623014113093,0.00107504977396201,0.00480313868226798,0.00276589090886774,0.00203083725201458,0.000950657218504086,0.00143918964450399,0.00179003043063503,0.00147795008999069,0.00293826960702771,0.00235397534734173,0.00353500474641039,0.00149842419380206,0.00206743037554565,0.00123302205868732,0.00123548588937643,0.00211125973865292,0.00641606851803807,0.00147009424279363,0.00382581815070698,0.00560852123925005,0.00721426241994074,0.00167921711976628,0.00135014554095192,0.00108191971925332,0.00272678221297886,0.00524815434240002,0.00107945096402011,0.00142756476555291,0.00138661080324349,0.00165074991623953,0.00131127753776088,0.00108611168787965,0.00146614708200101,0.00162635285677779,0.00734642670664014,0.00129023840725819,0.00362370425093084,0.0015182990012694,0.00154116429139453,0.00108508187817806,0.000996685044287697,0.00127148405050572,0.00404632999641003,0.00169016878994663,0.00130211160072511,0.00274655440330824,0.00199664570422969,0.000943174876322027,0.00107883109082449,0.00208753091894619,0.00227324256725926,0.00183047454480796,0.0010585704958751,0.00282991180547969,0.00124182689607206,0.00108437305356499,0.00183878016274671,0.00108549727939623,0.00139803891322647,0.00143815816568781,0.00204661124946235,0.00135849050913281,0.0086598686315771,0.00684078582234887,0.00107444824055797
"DU0067",0.00352666208510316,0.00377791809082293,0.00195779093948221,0.00340598679709573,0.0011243650288894,0.00296055765567287,0.00139916064581527,0.00166107706489706,0.00201218622392315,0.00373035389429867,0.00161700923430598,0.00384452546176375,0.00344617987301411,0.00388760856479354,0.003409767059549,0.00147083344574824,0.0038473038705929,0.00215805260353175,0.00196499168595246,0.00205966015142574,0.00386329027193868,0.00207049116646809,0.00295059792695832,0.00197757075512012,0.00157905456762917,0.00153103687775834,0.00195234003942655,0.00190341970879143,0.00211527731684561,0.00347793876454561,0.00351103640954968,0.00155284598777065,0.0034500895166359,0.00341446878799788,0.00306283613107243,0.00385345757297465,0.00153718908294604,0.00143696981018043,0.00196739892425987,0.00141927613281334,0.00192540196472491,0.00378828659400934,0.00195892643359679,0.00198516634451351,0.00314457694761852,0.00384281939607496,0.00197042138946918,0.00197393535409224,0.00157046943399676,0.00340856933862395,0.00161033382446109,0.00383595839234898,0.0038034860262377,0.00195412078600249,0.00378841854788074,0.00141126939671055,0.00307402971225415,0.00137331873297439,0.00196894142554628,0.00386332813414413,0.00342467945769733,0.00194272634013157,0.00194549694132162,0.00105862802857575,0.00340127053799067,0.0019693553341775,0.00148158098800315,0.00353624147128357,0.00299640097228395,0.00160091818013943,0.00147056025130359,0.00110296931519338,0.00199722432891482,0.00308874647196016,0.00164907148405238,0.00143729808159747,0.00345794616526657,0.00205954454150545,0.0015227179315374,0.00146590610408337,0.00348477283800157,0.00387513524690498,0.00347668127988317,0.00345826392356362,0.00195227716829641,0.00382841140510802,0.00195681567216231,0.00106815843904792,0.00195668926734545,0.00111031725285805,0.0019542564481324,0.00112892173803558,0.00106162930647469,0.00155115349109416,0.00339286326598352,0.0038426923133439,0.00154155481104929,0.00385527150544556,0.00198422113143453,0.00193723503109005,0.00198552974897059,0.00373454123728446,0.00344985545888654,0.00133904355898073,0.5,0.00199445850983982,0.0019423961126148,0.00152153035182505,0.00109976653534518,0.00153690279545621,0.00195587617066277,0.00142610021730308,0.00116615231950626,0.00341893707652456,0.00387635129256977,0.00343563755949512,0.0034285194252982,0.00338942050763196,0.00348883172251661,0.00346053281525231,0.00344279508196708,0.00154670086441289,0.00376239493313112,0.0034234333383052,0.00159927745219796,0.00107063759177451,0.00200096884347438,0.00196878660706154,0.00340612389898182,0.00113205891210591,0.00147208877351038,0.00108741459809519,0.00385519919996395,0.00133608169368311,0.00382715023816679,0.00382380019542531,0.00190524787780159,0.00104193584292066,0.00110478461965589,0.0015842245890848,0.00130970073186989,0.00373898078745921,0.00384612595516221,0.00377927921959732,0.00195854648441071,0.00343531685178553,0.00190576340011461,0.00153194272524461,0.00344319456652162,0.00289282348221279,0.0015831020584481,0.00117142389804677,0.00344766151240013,0.00126345738000583,0.00195208437573995,0.00305378502833095,0.00208415110441448,0.00158937946859098,0.00158094246920344,0.00154079482601933,0.00136382850023951,0.00108937269651999,0.00109055497194278,0.00194335044094948,0.00145688746308441,0.00201654495442169,0.00345122312558133,0.00307245836261866,0.00162794650321034,0.00344439730271021,0.00190775237314276,0.0019661338840952,0.00107727561814858,0.00303220605272738,0.00158244876075141,0.00382974821214834,0.0010425987539993,0.00194167707569414,0.00373911302105334,0.00192551299335008,0.00193092246255423,0.0019070340235324,0.00198174513095367,0.00385249366298397,0.00196159277889294,0.00191172153538005,0.00144207195455657,0.00192781453677629,0.00113606798226329,0.00345792146120266,0.00159053301024635,0.00383960339989981,0.00167191940796232,0.00202509331559879,0.00192532886684597,0.00193022104663994,0.00191576354751681,0.00150748646863523,0.00195058325705492,0.00211516316828827,0.00381432216554837,0.00195673464016681,0.00142427627027772,0.00152674611761168,0.0037540472558054,0.0019803815700929,0.00201636124636612,0.00384767685968653,0.00200870250556391,0.00385084307169979,0.00203744035973365,0.00197328958382758,0.00147372120465011,0.0019831620878945,0.00126631560091666,0.00159103584469859,0.00343232681788748
"CH0031",0.00116356727635565,0.00208110486694904,0.0025016541352043,0.00113447874124048,0.00227034506175501,0.00111072490819179,0.00133036573098066,0.00176857309439094,0.00233328091552792,0.00203389189257306,0.00229041687013297,0.00125074474211756,0.0011483073131364,0.00122777031937028,0.00110392592429276,0.00101753970519282,0.00128022397211799,0.00242550180646677,0.00296646427101238,0.00221172309479011,0.00217112439026024,0.00221823145369217,0.00112072453735638,0.00370876085223063,0.00225277080892575,0.00143282401278144,0.00226733723926973,0.00224635969602193,0.002375508653937,0.00120694092475618,0.0010803500416295,0.00129546964589408,0.00118484934288769,0.00113075221687448,0.00109792692885636,0.00123059294737089,0.00129360024459314,0.00133611340510803,0.00257953493161969,0.00130469981737363,0.00321331557451748,0.00210209481479849,0.00258920304584442,0.0020925705884582,0.00114171354440809,0.00216023664394527,0.00259878172823789,0.00429277648009861,0.00559556267166474,0.00205596627410459,0.00545556083789023,0.00215074400955901,0.00211362927945589,0.00241335037589995,0.0020975630613538,0.00168271298423603,0.00109685075626582,0.00143207849511953,0.00239068610069965,0.00217111560199441,0.00108219963141862,0.00691611562934062,0.00642173077805076,0.00344583732899491,0.00108940784054467,0.00262257546047942,0.00368686745581688,0.00114422252034725,0.00112414616372078,0.00597402558652532,0.00222240918445343,0.00254879666636595,0.00685410330037396,0.00112667109851323,0.00127671774603338,0.00145878863964434,0.00117426045251854,0.00234960708431072,0.00162543046060159,0.0012729809705033,0.00119256981240163,0.00122528654404629,0.00122553511369411,0.00120021597897756,0.00234964496836382,0.00214676253917617,0.00259989919183178,0.00148381950137666,0.00377784066368325,0.00135309196466251,0.00229795231695,0.00135855995663293,0.00136692280457751,0.00108164736522349,0.00108266730614467,0.0021541777784703,0.00582176167481405,0.00216361160294822,0.00469432403730175,0.0062226790654044,0.00401543466912164,0.00202132973688766,0.00118143420060714,0.00630542611483935,0.00199445850983982,0.5,0.00282097822964664,0.00332457103188877,0.00620933486428752,0.00151684572433652,0.00225708281065316,0.00161028244456179,0.00157978893495212,0.00113327703465588,0.00123777236121001,0.00114020951852681,0.00107474067084411,0.00109878389861306,0.00114202995208799,0.00116888367899179,0.00115790963583276,0.00143608261449678,0.00202871989937079,0.00113776029657556,0.00129482710147437,0.00234884759055729,0.00233572406873096,0.00238019694984105,0.00112693547456737,0.00148282330944559,0.00299075112554294,0.00196610196270441,0.00216573820138965,0.00344392775315893,0.00214519142821905,0.00214124263342646,0.00223722023912441,0.00152568549867441,0.0015679163606543,0.00258784707470452,0.00151290056857136,0.00202565772591264,0.0021579414287609,0.00209497451275247,0.00248222236468402,0.00110823185807454,0.00231822294532828,0.0062550094592117,0.00212419746136642,0.00109073445570376,0.00128253783628284,0.00186451849136192,0.00212717541524097,0.00251660726417562,0.00376176320096156,0.0010929992198759,0.0023657201236186,0.00191526425541612,0.00128444103492765,0.00147947469409932,0.00144561190118815,0.00138921578376375,0.00312726825203796,0.00252604555802739,0.00154703148706188,0.00232398524382106,0.00115663691014017,0.00108677543292282,0.00635950551309135,0.00118148878759421,0.00469148296789177,0.00606909071544492,0.00608841832673134,0.00111596280776966,0.00133370469639461,0.0021468034602111,0.00144602298085859,0.00608877545337173,0.0020629338933609,0.00235041819448739,0.00239932846002818,0.00233224083327588,0.0024030694369738,0.00216388433027432,0.00251674525358971,0.00228811312595286,0.00596954820545171,0.00229245557029273,0.00156106146640844,0.00120499699146656,0.00257684872705024,0.00215366790636175,0.00223628243828721,0.00211252431737764,0.00492929047448825,0.00238077338463321,0.00230147900109385,0.00230357402679425,0.00301811066321526,0.00239416978384983,0.00213585912517615,0.00310323941236855,0.00156329240647618,0.0014712464680136,0.0020438775773436,0.0038505852888634,0.00233530391304253,0.00215189740467544,0.00169357528070163,0.00216204412837775,0.00131973184235331,0.00250022629693425,0.00137643367574847,0.00243086409376581,0.00603102316096978,0.00624354752700086,0.00211706060876343
"TT0034",0.00109428459546831,0.00203113256743091,0.00387406070369693,0.00107365069436372,0.00314687555754125,0.00108350330206763,0.00215786306866471,0.00170769287638514,0.00300662580668452,0.00196757162507145,0.00277717202621411,0.00159703499641143,0.00107846480236844,0.00158333976140233,0.00103783794181028,0.000922651403193503,0.00200492578116819,0.00236046706926634,0.00425057148706776,0.00215455787669436,0.00211610325394923,0.00215956669564982,0.00108226047863552,0.00378194555471778,0.00362723973980071,0.00236009693990738,0.0030661748390531,0.00316498752281065,0.00231291122852602,0.00154890501067012,0.00104939102940675,0.00176625741883405,0.00150091808712435,0.00106489475579777,0.00104561714695721,0.00158400331355719,0.00199112120076112,0.00216330115646827,0.00402470574136325,0.00217670381310816,0.0038293475047453,0.0020511513470257,0.00410900422168106,0.00204598524236098,0.00109670576848357,0.00210424338494047,0.00407901475367045,0.00348642934786257,0.00146048900699711,0.00198496676804013,0.00245978149376698,0.00209693629217957,0.00206433541506525,0.00345565879621214,0.00204690333766313,0.00342026068400735,0.0010498416499807,0.00261084581365364,0.00330244576813523,0.00211612543253449,0.00107056293338338,0.00254948361168781,0.00239215880558479,0.00208666844541594,0.00103696391330556,0.00414831119199121,0.00245562551347505,0.00110034993451745,0.00109812989764484,0.00203086558641295,0.00248423974918156,0.00288682727929582,0.00255711163256976,0.00106905135680669,0.00119367968968101,0.00273521028158859,0.00151244737994539,0.00243621121425172,0.00317774720091973,0.0021915380105884,0.00153110758505936,0.00158434836125723,0.00155812560689194,0.00151525672342025,0.00329644304421359,0.0020925890953241,0.00412309661817877,0.00270654376294993,0.00368047573525494,0.00233707125447424,0.00315280080106604,0.00222466757563116,0.00225296753238402,0.000982639155092565,0.00103709514617957,0.00210176060726052,0.00148843222362614,0.0021121623209314,0.00337513346430574,0.00279421007157524,0.00364313661815003,0.00196979336782362,0.00149681637814265,0.00162689953874841,0.0019423961126148,0.00282097822964664,0.5,0.00296711944104471,0.0015690969665813,0.00264210048079082,0.00308457773355063,0.00144361853567521,0.00310986206484272,0.00106544912676512,0.00159712917806484,0.00106792053241695,0.00103785306103581,0.00103057437305251,0.00107553751096596,0.00149055067939647,0.00107686228632046,0.00278112940453547,0.00198202514947075,0.00107981236542139,0.00162233652558724,0.00275833859041311,0.00312007430283967,0.00328078625608646,0.00105875255707447,0.00291040479471784,0.00267593547216625,0.00330443424603488,0.00211161996238571,0.00257513459050484,0.0020899443940599,0.0020873258066313,0.00302879291548328,0.00298019369056559,0.00312847665115644,0.00411446374167784,0.00301324996101546,0.00197251876642271,0.00210543401763468,0.00204636657461041,0.00374790271774908,0.00105063385727075,0.00215146730180333,0.00163935674176291,0.00207288696556831,0.00109150667757879,0.00157369793813605,0.00323933788985691,0.00207546049564546,0.00305037491347866,0.00367996164224356,0.00104633017022017,0.00229869188953895,0.00279980047517136,0.00176442672990408,0.00293844811075182,0.00270059933592558,0.00242949861201781,0.00255732937975075,0.00392912659422632,0.00300949651421679,0.00277031987047357,0.00107378369859987,0.00103771939502197,0.00206300030841701,0.00151320815620053,0.00316063229682744,0.00238967004055074,0.00153333923187293,0.00110428598696579,0.00240570189795294,0.00209115782700312,0.00270325411435888,0.00288692601315377,0.00199381362892566,0.0034822178955267,0.00353519696125603,0.0034620467464571,0.00330607657695967,0.00211024421208036,0.00382191459994806,0.00330294159948456,0.00151928235009232,0.00309756912477111,0.00140751336409672,0.00152604297276771,0.00407215176494898,0.00209816074027983,0.00218064067065644,0.00206388758634758,0.00310491778091425,0.00355802940647789,0.00318850815054491,0.0030715603834768,0.00415614389216242,0.00232684905995655,0.00207957522488388,0.00409792738846842,0.00304236544667919,0.0028305759540444,0.00199433666416971,0.00371101304930908,0.00300903141620024,0.0020992483070883,0.00348223587528745,0.00210937910046279,0.00165543478389149,0.00373635948835816,0.00225196391703859,0.00342170974035597,0.00154065158985045,0.00229519201782598,0.00206521064812255
"CH0024",0.00175332732072317,0.001164194182684,0.00223229974648686,0.00167271477542841,0.00319039409107759,0.00161005123160788,0.00166657521422309,0.0017296805402797,0.00152767023767414,0.00155428246801799,0.00204888686425289,0.00165836605889201,0.00172292466901282,0.00167581246653771,0.00226178070522143,0.00195112579609959,0.00161959451294156,0.00111645112644756,0.00274281977410098,0.00127203620024922,0.00119857048151968,0.00127016736909755,0.00120243086102953,0.00372571940420093,0.00411737680022863,0.00278516968455579,0.0019416886076709,0.00216482407702104,0.00108733683659744,0.00218367824161567,0.0012219333597154,0.00251296927483544,0.00221728644402511,0.00222384976302442,0.00171704494672075,0.00166391825149454,0.0025674413699218,0.00209264745500729,0.00233562937930604,0.00166576376973316,0.00357379208512449,0.00155974253451755,0.00242315906625978,0.00158700638377448,0.0012208342041968,0.00119448829419558,0.00238100959026527,0.00430799755508476,0.00339866881375355,0.00157521517137839,0.00452352096868579,0.00119068412374925,0.00117449980764874,0.00190149642638357,0.00117369468021974,0.00269172943513466,0.00161009553479594,0.00249955557068048,0.00179272048638733,0.00119856811393812,0.00122366996005834,0.00359397340471045,0.00322086384917011,0.00329746758527972,0.00221510167855412,0.00244974547804348,0.0041449095110554,0.00125990224325074,0.00121661609834998,0.00358510803433404,0.0042107808571399,0.00464575650539148,0.00307887798782352,0.00120362306595649,0.00223653801344424,0.00309370838466952,0.00219925943333664,0.00201875906829367,0.00349266734925264,0.00262006940048096,0.00220366958932502,0.00167552236906972,0.00216335624269057,0.00224107319566748,0.00180730448764774,0.00118889108851377,0.00244094878417237,0.00214583299605967,0.00382724058419692,0.00208001026034564,0.00197570861049713,0.00175990644083082,0.00281435217973003,0.00228994380453462,0.00221826424965691,0.00119161594802703,0.00399580792477712,0.00119589804401923,0.0041787250938655,0.00381447726176027,0.00408678160047198,0.00153484721538766,0.00222221158382639,0.00342780216642025,0.00152153035182505,0.00332457103188877,0.00296711944104471,0.5,0.00386484057909038,0.00298171235655822,0.00194532086291156,0.00239761798480514,0.00243526256368414,0.00167318892972864,0.00165545772277527,0.00226095514948856,0.00172201445227544,0.00221663293631431,0.00172822430234606,0.00224023627516647,0.00214640687304271,0.00282927702515832,0.00153048281239198,0.00222158584199516,0.00217595578394837,0.0038536053791151,0.00196993509659024,0.00178002645341544,0.00170061657830618,0.00249297262507633,0.00460462501270229,0.00277229397859208,0.0011963794369309,0.0045548647255066,0.00118805909539383,0.00118728998370176,0.00206651698597708,0.00268198212899186,0.00284258688984438,0.002827136965426,0.00234137073767994,0.00152738141110079,0.00119340735312875,0.00116830556971234,0.00211717066091445,0.00170788143177846,0.00174275536329737,0.00433213483902029,0.0015712584389754,0.00153170205543463,0.00185022364433752,0.00267949192576684,0.00157149894858842,0.00356820383978155,0.00419747195843782,0.00163839102046484,0.00113133717489813,0.00274363737172624,0.00202995093528729,0.00293583075896405,0.00250766365719873,0.00239888170136999,0.00430377520251672,0.00266031269537731,0.00337643939524271,0.00190372834822874,0.00225626089512166,0.00168871418531547,0.00350916419269288,0.00222352047678436,0.00441295549285338,0.00304311626675379,0.00370206079292671,0.00128813781093184,0.00257830622440059,0.00118876368902193,0.00247232028759032,0.00389982025284735,0.00154910068861723,0.00240141522710259,0.00235028494023584,0.0023283900302219,0.00180599387399768,0.00119567627557464,0.00217131725590699,0.00184187787839802,0.00367952813344148,0.00207785203714953,0.0015858848013237,0.0021652060337458,0.00277994478365642,0.00119165551467972,0.00156628225805055,0.00157607495664306,0.00427320819059917,0.00201238077561321,0.00212773918091904,0.00430428021166471,0.00284777358596485,0.00111048275834408,0.00118380177646817,0.00335536505421312,0.00241844838607736,0.00283053169998161,0.0015440328921927,0.00389621845654381,0.00152793749481799,0.00119034183523673,0.00271012010239817,0.00119521561965158,0.00173549009793579,0.00209542950248855,0.00227286726481906,0.00186559702473529,0.00319645932764117,0.00388319784734902,0.00156680200467642
"CH0027",0.00183128692144527,0.00110271857820811,0.00144369677738431,0.00222996336015941,0.00249404331469948,0.00254994758738556,0.00244903450596037,0.00114061125155459,0.00123842615604622,0.00144810201311178,0.00130484479771847,0.0015437808750427,0.00173165112831688,0.00154815888929127,0.00241983726911125,0.00268805402935745,0.00151193552312134,0.000968698482658424,0.00185238328905452,0.00104101578810659,0.00112361260068471,0.00104381577064758,0.00143581742204104,0.00260506032158521,0.00260993564281985,0.00187276944076124,0.00123189007835511,0.0016394442884591,0.000938656530279478,0.00161821454738778,0.00161647799040445,0.00186356779375005,0.00166741454730105,0.00178360353502103,0.00306270204438702,0.00154300090570184,0.00188696926711649,0.00193377626854987,0.00147645903094211,0.00237672491989014,0.002203139287378,0.00110319924626994,0.00150455746202862,0.00101948770376511,0.00158855686169183,0.00112175240668054,0.00149087996719576,0.00321044963326631,0.00694423258153162,0.00113568655762824,0.00583301407770271,0.0011164097742658,0.00110746553741731,0.00134558754340336,0.00111284065967746,0.0022243827151165,0.00382489573111525,0.00328197316921371,0.0013132560462504,0.00112361115708243,0.00176411369357728,0.0062610253622003,0.00609481872537706,0.00369871517970552,0.00266736059837559,0.00151492106179813,0.00435162367517539,0.00180998344087089,0.00149372983502979,0.00696965233510936,0.00339867811559628,0.00405232251566979,0.00644997553197205,0.00153061210527084,0.00161448943617598,0.00299313365501086,0.00164274611654631,0.0014542457861864,0.00210758210172645,0.002636598156234,0.00163294673904582,0.00154829064950606,0.00160517940385334,0.00168037657823544,0.00131633362993043,0.00111696724134456,0.00151323897614898,0.00187907195149187,0.00269626893740394,0.00194357089897127,0.00124459196121738,0.00164050247043205,0.00503741301114081,0.00208679907098557,0.00234764237657423,0.00111652243169712,0.00712845587816589,0.00111887533523711,0.0036131365586509,0.00534345224022457,0.00291051862296962,0.00109077647015599,0.00167218076966383,0.00745417314674628,0.00109976653534518,0.00620933486428752,0.0015690969665813,0.00386484057909038,0.5,0.00196685248134906,0.00123698447460806,0.00383266203075663,0.00188729750864464,0.00180277715408797,0.00152767499372909,0.00224701328330541,0.00259814090081312,0.00241545747709264,0.00174986309101254,0.00168969916004143,0.00171005355034117,0.00186189275327873,0.00108996494340515,0.00174264283796284,0.00149383422735533,0.00421554910131554,0.00126003988791782,0.00131346728152542,0.00182268214100138,0.00205384951998377,0.00352588201329821,0.00204406171934089,0.00112125027194541,0.00400586573102717,0.00111574228988846,0.00111662172157833,0.00160519968101624,0.00338011500860658,0.00272849443081069,0.00150970532092531,0.00199750114669053,0.00109097254480857,0.00111814092353115,0.00110264755479849,0.00140923799580878,0.00175860191724901,0.00135408415202528,0.00702210020038192,0.0011123471075803,0.00211563543219301,0.0016307307046148,0.00193517358779684,0.00111237405188062,0.00299821842102458,0.00268439859390879,0.00317282647238008,0.000950696894316112,0.00183197170443964,0.0018996788273769,0.00189395987379553,0.00263610344356024,0.00327456019411152,0.00341902185396736,0.00145365229929187,0.002821748904099,0.0012282414835167,0.00177514630284172,0.00306603099291959,0.00687551614533643,0.00166957461960698,0.00407164100308756,0.0059931441470335,0.0092387782332132,0.00165444720533205,0.00180285171430872,0.00111645753327336,0.00285434068209189,0.00515330088239748,0.00143759679397568,0.00174019966349851,0.00135354293079618,0.00166581534419037,0.00130190312171166,0.00112050035588649,0.00142767382067308,0.00130993734834654,0.0073222850768417,0.00128267144645433,0.00191771003911909,0.0016647131552264,0.00149210233912303,0.00111939862759637,0.00100639168571347,0.0010212194967511,0.00427219443070267,0.00137205551588637,0.00128741024850534,0.00287790389381033,0.00192357519975545,0.000942007556481448,0.00111336928536471,0.00201345742414498,0.00261813611340449,0.00191107208561233,0.00109534069932558,0.00274594931353814,0.00123493926054164,0.00112095072277704,0.00152186140465804,0.00111986119348677,0.00146848595281947,0.00140434847005886,0.0019393093484121,0.00133845134188881,0.0069431830722309,0.00674897253581268,0.00111171144160237
"SG0017",0.00176774624175324,0.00154068884158053,0.00331169576041106,0.00168700539950841,0.00266707236292715,0.00133938632111001,0.0034780058087207,0.00173557083252985,0.00276548773746525,0.00151547256437492,0.00344270133140117,0.00166421393546413,0.00221385894496074,0.00167074836134486,0.00170580254169292,0.0019222433771951,0.00160441513150795,0.00111194469795394,0.00259791868637943,0.00129934040996728,0.00119103356953059,0.00129728614799155,0.0013025374254308,0.00216252053356168,0.00297102532988282,0.0041870669765288,0.00327222401464783,0.00347172058617692,0.00107680741480131,0.00169611643727248,0.00125201504040281,0.00382260969712183,0.00171153216109919,0.00218051398580405,0.00163861034980736,0.00164691652256125,0.00385582499705691,0.00395871267470441,0.00288357336458233,0.00352167747554014,0.00264509583203693,0.00116415015807748,0.0027754537088573,0.00161554018849975,0.00150067803759263,0.00118753551783911,0.00284903593694312,0.00196146643414507,0.00253370772266191,0.00155487453842948,0.00213105041748513,0.00118358072447707,0.00155227735309595,0.00325469020419409,0.00154958362756218,0.00341938052758879,0.00120896820652029,0.00386052576423711,0.00310372460054794,0.00119103245507933,0.00161852416895355,0.00185508847002152,0.00179237208203007,0.00190777634382841,0.00167758324610432,0.00278388148994362,0.00276060616483997,0.00165973564025437,0.00136504691701605,0.00196007695001254,0.00303862632366456,0.00277461798831221,0.00147332616115286,0.0011592041723205,0.00223374884331907,0.00373569375679506,0.00171761781347859,0.00209133940568962,0.00380225747325929,0.00359599378878452,0.00170294152711342,0.00166760343682531,0.00169087965427122,0.00170916078866834,0.00350277267353165,0.00118175398675833,0.00314270275745975,0.00357694633288912,0.00209857829038975,0.00368549186854645,0.00335124834278929,0.00313836004671785,0.00310276933801646,0.00226378190587156,0.00214089107185233,0.00118646236247325,0.00251064635416256,0.00119104843083825,0.00188982154388826,0.00188934402506461,0.00206077232581014,0.00152604640575705,0.00171173204134245,0.00194485600822548,0.00153690279545621,0.00151684572433652,0.00264210048079082,0.00298171235655822,0.00196685248134906,0.5,0.00329654387983414,0.00207248333695229,0.00300362590908487,0.00171070730091362,0.00164810843949502,0.00217208271318166,0.00164944933314198,0.00214246685538503,0.00175500042190222,0.00216018653091079,0.00225238228072108,0.00372287751861592,0.0015275197442636,0.00218834217401165,0.00221550062729413,0.00260366094737823,0.0033301195299659,0.0030811121614488,0.0021799215873284,0.0039293017258838,0.00312098701955455,0.00280357815659864,0.0011901831592926,0.00242924555943543,0.00118093149957445,0.00117937245579689,0.00324723393595528,0.00302119023275774,0.00315871188705095,0.00274089869072993,0.00335291255619512,0.00152482525643033,0.00118825501205616,0.00154250287872307,0.00308244513957547,0.00216081790279544,0.0016444950826332,0.00259745024961075,0.00116907700481581,0.00135248201544495,0.00231139823787297,0.00275422613376312,0.00117070452132173,0.00270727473118847,0.0024853004466663,0.00122999846680788,0.00111002273190262,0.00363577646199667,0.0033621367450478,0.00375593208999868,0.003869680807668,0.00372432531496537,0.00196375013343584,0.00288045455189055,0.00346433391401075,0.0026912898760387,0.00215806290004649,0.00159264792364074,0.001891800496869,0.0017199745136694,0.00218962866951852,0.00139344519124086,0.00152621317274652,0.00120723624806281,0.00377798329489418,0.00118090559407387,0.00330244832715091,0.00200706342947665,0.00152361535768091,0.00355256798228476,0.00356074296323181,0.00354874666688119,0.00306956590593169,0.00119014594578462,0.00304454542894852,0.00354130775414271,0.00244248253555123,0.00329644918734872,0.00171225277829288,0.00220329369328033,0.00279055826670565,0.00118403771318567,0.00119988058404166,0.0016073543963067,0.00213432685102329,0.00352619985956775,0.00340591836710582,0.00340837794144083,0.00251369503764568,0.00109528788595851,0.00117585077990598,0.00244951584400802,0.00352766527465727,0.00427399050664842,0.00153355617124504,0.00210992023225284,0.0027654405272417,0.00118102558056594,0.00342942188084069,0.00119005294059474,0.00221712604900298,0.00316841196237359,0.00412631569288979,0.00321351696426265,0.00173575163935536,0.00252402994907502,0.0011663954235775
"TT0043",0.00151550308505273,0.00204096413991488,0.00335552759330042,0.00109191022780996,0.00200256468193384,0.00106953575764553,0.00391400535968461,0.00172348905820603,0.00467228738908058,0.0019723300075178,0.00413794603340076,0.0016192724255457,0.00149786060270006,0.00160941899233748,0.00107745626315003,0.00102487658592471,0.00201532376460229,0.00233137282432266,0.00305748899836784,0.00215041631893964,0.00210657341596842,0.00215450235282749,0.00104810124596105,0.00257383482003468,0.00244274682729985,0.00368813725759389,0.00469574372614413,0.00392024545739368,0.00228136969724005,0.0015772621357616,0.00111868867342784,0.0041105360898844,0.00153309985893295,0.00147145336957796,0.0010865031821427,0.00200322380804415,0.00413378472665645,0.0038744173851795,0.00332507833929982,0.00391683931114535,0.00254685220132495,0.00204666222480952,0.00321865326490807,0.00205278765573941,0.00108906505523443,0.00209507205064894,0.00329618393150611,0.00246829974638729,0.00164681713108446,0.00199023031689438,0.00185519067449699,0.00208676698353158,0.00205598739686729,0.00388153307276227,0.00205147120842317,0.00239629830443583,0.00107322599862852,0.00286179324606896,0.00425034630677321,0.00210657550521603,0.00109050840520041,0.00218660748451714,0.00213517021974988,0.00134112376737006,0.00107560724772211,0.00323340003656392,0.00135946908037863,0.00113397948948016,0.00107012780068663,0.0017379080012416,0.00150594838461604,0.00161928072730563,0.00223405343104271,0.00103812049591624,0.0015946569837441,0.00266370241136956,0.0015497599098219,0.00203224619679531,0.00267884623214224,0.00375538375582669,0.00156222556306968,0.00161067373963794,0.00158445992380546,0.00154154301297786,0.00407679423827294,0.00208243602149827,0.00320140301448864,0.00276918967153086,0.00252219289113842,0.00426587671206116,0.00463951642128665,0.00336345032226312,0.00325109708980396,0.00141796397647221,0.00107356200488853,0.00209302543985189,0.00163231938816277,0.00210368774360924,0.00244415146999632,0.00216980699219564,0.00253194172875268,0.00198287853254138,0.00152917685468392,0.00124810751016392,0.00195587617066277,0.00225708281065316,0.00308457773355063,0.00194532086291156,0.00123698447460806,0.00329654387983414,0.5,0.00126714177748587,0.00226067659646491,0.00109213184546522,0.00201435977859385,0.00147614983834381,0.00107218885513877,0.00106910231518847,0.0015020830327056,0.00152374478506593,0.00150423249156253,0.00361320549039544,0.00199106472207296,0.00148902807543496,0.00164631000796797,0.00159485655196368,0.00419082768591438,0.00427168636539695,0.00109148144189204,0.00311166897627604,0.00155578848050247,0.00207677276064356,0.0021024816255972,0.00151017127730064,0.00208042653493843,0.00207763614065829,0.00406188983995558,0.00240415042782592,0.00248398113374105,0.00317705999367679,0.00242005883706944,0.00198451709959108,0.00209659230595368,0.00203994553125167,0.00350138303318068,0.00109158737652088,0.00207845397873952,0.0016806863502243,0.00206024488262545,0.0010426614582731,0.00161231688229868,0.00204252907680058,0.00206440590612019,0.00168248506954444,0.00251815412043672,0.00108290319039387,0.00226952183936497,0.00390452379179205,0.00415347582301713,0.00312847356073464,0.0028592456637335,0.00316136685887922,0.00144154893674005,0.00330484119653495,0.00237526305748677,0.00460188152309539,0.00110473311007905,0.00108284173744865,0.00177041973813418,0.00154530127999561,0.00229781144555513,0.00215714105049299,0.00121961199121644,0.00106663774300988,0.00413829785778079,0.00208104481706261,0.00267059725285254,0.00226162585044106,0.00200363801854399,0.00313428732632698,0.00360037949233656,0.00354295872610096,0.00368146944002942,0.0021017215513266,0.00346929147922971,0.00371624874607136,0.00120773120885641,0.00425079954645156,0.00130140114163628,0.00155819384480682,0.0032293288433976,0.00208884349744441,0.00215995485381626,0.00207820673623442,0.00230614801711765,0.00352797027123965,0.00414791081897923,0.00229051272838048,0.00297561788745671,0.00229715298050782,0.00207003274705641,0.00291855704860456,0.00243857510649011,0.00356127512030662,0.0019961742283399,0.00255155913695152,0.00467451431353703,0.00208795167855657,0.00296458414197129,0.00210053306860177,0.00169515062297201,0.00359794665759393,0.00363308065741711,0.004081582208775,0.00120430362692987,0.00175357328500205,0.0020527533248571
"SG0012",0.00188872842840681,0.00104946666686232,0.00134441659176132,0.00177993503804612,0.00189361382515835,0.00291374428887509,0.00209979615314849,0.00104347264082074,0.00131628853765556,0.00138975692704636,0.00140886331527292,0.0015272547565286,0.00184481487696907,0.001587573478029,0.0026361642561284,0.0030029858022786,0.00116038535956445,0.000874484116699087,0.00145605979871215,0.000988373530216428,0.00112986171527425,0.000988032642159991,0.00144594855353427,0.00160157307755724,0.0021046378168639,0.00194398166642897,0.00133339983346571,0.00165139078201809,0.000836499901245948,0.00163333062245183,0.001800001912683,0.00208577088653284,0.0017282051754943,0.00192283011503187,0.00335546973698147,0.00158146181306682,0.00211853043646379,0.00200114533206655,0.001424328234015,0.00212442045774625,0.00151807822693434,0.0011049730928988,0.00142660169466649,0.000974134813686022,0.00168896941794149,0.00112324006873266,0.00142829309538558,0.00165856922158887,0.00228500243393984,0.00114228940018069,0.00213501356874555,0.00112019688128023,0.00110922345947297,0.00137092533830442,0.00106201487035759,0.00288342427436208,0.00504891744343437,0.00391393550428571,0.0013591033603163,0.00112986701465905,0.00262841232991161,0.00158206718743133,0.00142893845546026,0.00186341851877778,0.00291199263053256,0.0014287681392679,0.0309332603411317,0.00263133334421017,0.00221146369060359,0.0016539920913723,0.0168694534956454,0.00334857878075344,0.00154798163806536,0.0014585236993224,0.00164684797013974,0.00320921983776353,0.0017079876429892,0.0268170695514174,0.002152619071496,0.00297871751042355,0.00165210567201698,0.00159149964317692,0.00159246491584347,0.00172543933734069,0.00129712650838572,0.00111777556252044,0.00141970665723918,0.00186941071299715,0.00160242855201005,0.00271085342514393,0.00133064124901398,0.00167801516238901,0.00641122395986885,0.00233422686694776,0.00259355874677322,0.00112243765991368,0.00226150657404815,0.00112725106987823,0.00170687984699896,0.00158432917648872,0.00164055397750598,0.00106231257120476,0.00173545756663694,0.00294144641105079,0.00142610021730308,0.00161028244456179,0.00144361853567521,0.00239761798480514,0.00383266203075663,0.00207248333695229,0.00126714177748587,0.5,0.00182878904984349,0.00181116495463197,0.00156353556424166,0.0019546893815416,0.00279501447148414,0.00262101552913146,0.00186942245402098,0.00174456526496338,0.00180908212909422,0.0019578664769964,0.00111885527305961,0.00187838928744561,0.0014087363692187,0.00416107121982507,0.00128552349469984,0.00135386792860849,0.00185785024016558,0.00213374510613335,0.0022753170615388,0.00177934344149861,0.00112731844464376,0.00304855136995771,0.00111705261315932,0.00111571900398661,0.00418327353599372,0.00407684596384164,0.00293233791442351,0.0014345848726388,0.0089606470341947,0.00105974636618783,0.00112397838956428,0.00110067538047945,0.00139538758265451,0.00190207931844574,0.00120080555847165,0.00228665253343764,0.00112163071136558,0.00228595941181587,0.00128658604031184,0.00177744617314419,0.00110322237480251,0.00269682923725579,0.00161849491624956,0.00398548175896833,0.000848670064648802,0.00150724136446482,0.00209292698177215,0.0060897352289776,0.00379014337139443,0.00388068993953983,0.00176861291936453,0.0014048387057618,0.0029933295351219,0.00130256656127727,0.00190002218344697,0.00354388072319994,0.00194650813781121,0.00172820436692516,0.00170079552546413,0.00137893112214558,0.00501322216460887,0.00171593009927111,0.00315205469085187,0.00111779281176271,0.00326121977325615,0.0016538367268716,0.0010641458491139,0.0013951719546917,0.0013666113924381,0.00132354039840846,0.00518071413739595,0.00112647211116001,0.00140450677656687,0.001295940952995,0.00228279936296384,0.00371647020532932,0.00210830834848606,0.00163816621512915,0.00140453041685373,0.0011210737786721,0.000917817946529467,0.000970664719843793,0.00167391564438371,0.00131702523350558,0.00134991618154723,0.00233793561494391,0.00146411153465411,0.000842167663251619,0.0011125210204051,0.00148421325032129,0.00212841355237335,0.00201058177275493,0.00111949638083407,0.00162342717899538,0.00131762813907215,0.00111003377136326,0.00149089871569883,0.00112566288154376,0.00143178971004069,0.00140486181253761,0.00203172804019302,0.00138027580073457,0.00210805549023502,0.00209932215251695,0.00111758888806906
"SG0010",0.0011688348940578,0.00104637722135631,0.00306078052373254,0.00266612691455677,0.00655496994303996,0.00410706573605143,0.00457367269296934,0.000923605279706515,0.00210324627946112,0.0010307986148576,0.00236522042657914,0.00126537650404975,0.00126274553958099,0.00120456213663841,0.00113195278701869,0.00145071238407731,0.00126053932817934,0.00093166533369045,0.00308253927859009,0.000935424309092309,0.00107696988929068,0.000939034902281478,0.00576741918394861,0.00260237414103611,0.00298990313047804,0.00278092849664736,0.00223082263843791,0.00256559860415442,0.000901267894151875,0.00108365474988952,0.0014488351851064,0.00229318773711131,0.00119320974481549,0.00129325683327006,0.00122013290937044,0.00117294768026599,0.00233835546336617,0.00427536960737825,0.00318447958243186,0.0044054910444221,0.00273123164721894,0.00105020887102626,0.00322236581260201,0.000906989668859506,0.00476566758095853,0.00107327188282325,0.00323624744522267,0.00233242162632729,0.00173386054216065,0.00104610638179176,0.00184641858334846,0.00107000637771767,0.00105517379560848,0.00261563167169968,0.0010540693798375,0.00397317827806098,0.00201412144735854,0.00313675764148288,0.0024467578988708,0.00107696970302912,0.0023469179588116,0.00152873653530276,0.00140759529581977,0.00640750746928567,0.00117086100475754,0.00323328763233161,0.00202553860505283,0.00141867378622389,0.00594077856089716,0.00174830911161649,0.00251604894633297,0.0028623021088774,0.00150169232110336,0.00465120052794236,0.00106062077008321,0.00322356030556032,0.00108248392970677,0.00140114754333975,0.00330843953725844,0.00280553124402633,0.00108244734829658,0.00118460177701786,0.00107895072189695,0.00119662205183158,0.00247279830874935,0.00106803516628239,0.00320835761052178,0.00541983469925386,0.0025200267027287,0.00267982042719826,0.00230754227762134,0.00732641121011766,0.00265896443088576,0.00113279671352485,0.00134589624817892,0.00107206666866107,0.00178139406708757,0.00107624359385724,0.00221997311888053,0.00169147799856693,0.00246690561137215,0.00103392253385919,0.00119381812778969,0.00380571575104065,0.00116615231950626,0.00157978893495212,0.00310986206484272,0.00243526256368414,0.00188729750864464,0.00300362590908487,0.00226067659646491,0.00182878904984349,0.5,0.00251192711554111,0.00117292689153191,0.00122398563955818,0.00130144387585503,0.00135090717434307,0.00112602654645397,0.00108831072159963,0.00129159271532757,0.00263521173485402,0.00113454679512471,0.00110701467716918,0.00111546871076356,0.0028776964208355,0.00224220127236048,0.00242669431298856,0.00229656790288597,0.00277174617254016,0.00377728360417917,0.0071957206443762,0.00107568888357956,0.00440375695963785,0.00106729063225871,0.00106571031652188,0.00232711403750595,0.00466024479513247,0.00387713816080855,0.0031913838802507,0.00472374124614809,0.00112308010715673,0.00107378495544953,0.00104901958589777,0.00291752869693191,0.00130052824349754,0.00189571709633344,0.00198967209289528,0.0010585564016487,0.00455357020897494,0.00095573028429384,0.00752244110938386,0.00105932819208133,0.00598683012726454,0.00252265480290084,0.00136395420024638,0.000903429949892468,0.00277371932563348,0.00234592489935855,0.00281352379144645,0.00411838759604721,0.00278357583225344,0.00637170220262903,0.00310888456051319,0.00341863992467419,0.00203915109001973,0.00120499273417776,0.00125058973480777,0.00166473419710638,0.00121678918916343,0.00228791144196511,0.00139079149903578,0.00173281319098652,0.00330075741958133,0.00225182821953304,0.0010675621755185,0.00468211247593927,0.00181237000852537,0.00103723126970922,0.0029046418841198,0.00272737743351106,0.00281822216512342,0.00240582359629424,0.00107540634677999,0.00298661195955701,0.00268120593318668,0.00321207380406393,0.00227572177046257,0.00456741773797899,0.00137409252525535,0.0032336710308791,0.00107026420783693,0.000903894312783324,0.0010003083256654,0.00203467291940562,0.00289634655195315,0.00238316760100268,0.00295174461617245,0.00299748074487781,0.000904686390220472,0.0010624327391644,0.00293845416132349,0.00492059086551641,0.00288134590432365,0.00103890697209813,0.00253272101062465,0.00210368070684324,0.00106936440440036,0.00311674982974852,0.00107558839393227,0.00113450341834687,0.00289104392521772,0.00350083541514269,0.00255852403935516,0.00448226927695974,0.00195702339120147,0.00105559601201804
"SG0018",0.00453561426001273,0.00308701201679,0.00107584779355032,0.00444385841699485,0.00268960148850361,0.00438793518780914,0.00251157516152291,0.00158049699083754,0.00110677780703657,0.0030668152648362,0.00111620505359569,0.00359920555296087,0.00387610345801174,0.00365078642721155,0.00386880300184693,0.00207964358103564,0.00317065995345399,0.00096812146172632,0.00107201576130259,0.00114844587071346,0.00313933542614743,0.00115086871124194,0.00440368001003159,0.00108480362848209,0.00122957024097507,0.00170913945934966,0.0010856852158917,0.00142549352926812,0.000944551706485567,0.00332558485583407,0.00373893934879117,0.00180651330683367,0.00374615279115227,0.00383516032826779,0.00391665000184224,0.0036025809692397,0.0017891834958702,0.00245381234423031,0.00106840226137694,0.00252038956171347,0.00142067741367766,0.00309643978355114,0.00106970691254132,0.00145471397565537,0.00455041021452563,0.00312564120361361,0.00106929046291582,0.00109070093632748,0.00241294809034035,0.00309860867557885,0.00160444815452288,0.00312255094491912,0.00310337910924494,0.00106974144659633,0.00309438388723401,0.00172910606908248,0.00349937661251516,0.001694686352044,0.00107792994623438,0.00313934441160735,0.00450155731282755,0.00111886018457167,0.00148536177625986,0.00264713243946234,0.00436520830268721,0.00107063270307743,0.00171972044992951,0.00405207784129171,0.00451929699274599,0.00163937457343655,0.00169553753489363,0.00221380909538228,0.00114252471862352,0.00345414695438434,0.0017351291727242,0.00224260623642124,0.00373004636180373,0.00112276513639656,0.001689168543835,0.00230360000437992,0.00374194917959639,0.00364039631487997,0.00369854917839229,0.00373842455701011,0.00107902569089758,0.00311738589841235,0.00106772579405926,0.00147093483505384,0.00107937233600723,0.00167712841719977,0.00108090620191618,0.0024881447710617,0.00124589970291904,0.00185182395650897,0.00429957751800581,0.00312636998081534,0.00185075023235921,0.00313388847627932,0.00109566493003988,0.0014708076709513,0.00108953754234103,0.00341371544815173,0.0037520140468706,0.00245396005266585,0.00341893707652456,0.00113327703465588,0.00106544912676512,0.00167318892972864,0.00180277715408797,0.00171070730091362,0.00109213184546522,0.00181116495463197,0.00251192711554111,0.5,0.00323296800989037,0.00383668429078867,0.00440285330746323,0.00435864252538642,0.00393393778318393,0.0037928895987873,0.00385634139771467,0.00165414115924716,0.00307037969196756,0.00382634948099848,0.00163532855009766,0.00166954618719104,0.0010977176182206,0.00107982479419043,0.00452116714747308,0.00226976694167123,0.00235087530453266,0.00252732476631312,0.0031338434104043,0.00240903230532091,0.00311729657849267,0.00311515187134382,0.00106172112635439,0.00163187766537785,0.00172613211255702,0.0010674332436564,0.00174828176507523,0.00340867588430772,0.00312826687012264,0.00308741393860933,0.00107086479428244,0.00434138092756424,0.00130611120854472,0.00227678786819142,0.00310995613964781,0.0036281288489509,0.00176404274333182,0.00207976928124386,0.00311330507226367,0.00229728386539417,0.00107781213864814,0.00373568675400621,0.000969322646104553,0.00159063260190892,0.00241218854857302,0.00161758840181356,0.00177194662521404,0.00169760992710063,0.00136998510472087,0.00106428128295472,0.00218462793953993,0.00111488800800946,0.00384176190350747,0.00389541957164548,0.00120896676094226,0.00372916211035063,0.0010799356583413,0.00114225975325518,0.00151958913906187,0.00369218034586676,0.0017120917161181,0.00311892875710225,0.00166333482411013,0.0011046803290544,0.00342053059426214,0.00108427325496502,0.00106370996839858,0.00140321918339865,0.00105483036782758,0.00313201803290227,0.00106822800418702,0.00142062782961445,0.00244211712938903,0.00106335639984735,0.0023363501135502,0.00374474431259884,0.00107057869245304,0.00312484441879495,0.00107280005325666,0.00145500024938365,0.00108640901242138,0.001423672361684,0.00105863347697174,0.00172716231770599,0.00107052687048562,0.000954116601673352,0.00310950047084751,0.00107756895321702,0.00233250577216536,0.00166457419436408,0.00342045214571631,0.00108586288220676,0.00110938766274077,0.00313095650406878,0.0015075544288935,0.00313099913439745,0.00163320839118245,0.0010718737703232,0.00253561577070121,0.001079783603854,0.0026652742474171,0.00171533222036923,0.00310152528153085
"DU0054",0.00375138184811706,0.00392210252491017,0.00160879977402773,0.00323297161354696,0.00101914713564455,0.0031135843758739,0.00114001144065063,0.00223265832018967,0.00166858228226548,0.00390026716613616,0.00207336696362477,0.00408882916706487,0.00366864449351147,0.00417828522066282,0.00364547840451373,0.00160556858320229,0.00405356962506258,0.00126424192693613,0.0016114303894636,0.00136347528949774,0.00320268796694638,0.00173077590345161,0.00303381658222086,0.00121661744374308,0.00213925461616057,0.00166651584788749,0.00162143869800584,0.00197381920194918,0.00155872360885404,0.0041670996514464,0.00378379832369761,0.00170300471468023,0.00413356874891032,0.00364501987233079,0.00359275720427853,0.00413224392170517,0.00168431810810923,0.00116432824679885,0.00122066527034909,0.00149814034749091,0.00196944565506795,0.00354331260325353,0.00161011750337215,0.00168271255490688,0.00310192954213076,0.00318799313521829,0.0012214980551557,0.00161250369123706,0.00168821573487117,0.00393847141578135,0.00217541784375145,0.00358288858383487,0.00355466751102878,0.00161467089928386,0.00353830136269246,0.00147331579290086,0.0032683027363532,0.00146947244729973,0.00162887015321596,0.00320269449841034,0.00361238815258602,0.0016035505238031,0.00160566431252901,0.00100065486949042,0.00363282010190853,0.00161809578632028,0.00161226602661155,0.00337264607404585,0.0030211214341461,0.00216531211175626,0.00159266082436697,0.00155846147136703,0.00124418495382693,0.00323387777682017,0.0017840495945235,0.00154122907620738,0.00412670644904768,0.00213732500051125,0.00166129413603605,0.00158562358164853,0.00417401368761543,0.00417833868004919,0.004136000046396,0.00370420129453603,0.00161250030087125,0.00357599609701325,0.00160813415311393,0.0012837172215647,0.00160007578930654,0.00149685866527526,0.00162249455359686,0.00113033875478623,0.00120243723894667,0.00172715457067958,0.0036141628604868,0.00358800457771571,0.00167521316481668,0.00319682167063093,0.00122082497161263,0.00158955981493423,0.00121900863880393,0.00387870756848353,0.00413693918037371,0.00110591133983485,0.00387635129256977,0.00123777236121001,0.00159712917806484,0.00165545772277527,0.00152767499372909,0.00164810843949502,0.00201435977859385,0.00156353556424166,0.00117292689153191,0.00323296800989037,0.5,0.00366758937299368,0.00365754639140744,0.00360757539577859,0.00371837837358144,0.0037160334770602,0.00366188472995182,0.00212006726111739,0.00390521667999954,0.00366412410436066,0.00222418504306138,0.00143429761828927,0.00165769658274967,0.00162803439278967,0.00361156437486105,0.00162063892391413,0.00155884703752164,0.00101575597723433,0.0031969103783399,0.00108216274003,0.00357568573803622,0.00357262528074997,0.00198538273128505,0.00109337599777243,0.00153858720776793,0.00160499178493663,0.00141913835517387,0.00386904075357402,0.00319079979898186,0.00353380824074717,0.00161341607230373,0.00367162184379765,0.00155634669149256,0.00164504357134293,0.00356335048727049,0.00303747958905497,0.00182305753146633,0.00116246392788241,0.00356747624433033,0.0010602797657396,0.00159707446149909,0.00347245811853345,0.00125774139430223,0.00168607055231267,0.00170898172736951,0.00211212023601477,0.00113100040529803,0.00149431864548548,0.00112365529996694,0.00160123937516541,0.00157803012455663,0.00167462956324532,0.00369639089537014,0.00357477999176053,0.0021475959079992,0.00368729300174154,0.00157182018700331,0.00162819245488197,0.00134007239562891,0.00340414224213195,0.00218538444437661,0.00357781808638761,0.00109686756665147,0.00159851739039496,0.00389775469879104,0.00200614530870606,0.00159460492060575,0.00156653307182034,0.00124899476579855,0.00319489590912702,0.00161500271169663,0.00156973123314084,0.00155454966319524,0.00160120553050479,0.00116058319423982,0.00367162957267146,0.00161005811052774,0.0035854532708555,0.00207516044452109,0.00207252388925322,0.00196906104480789,0.00158214782138636,0.00158822336756773,0.00162744022348372,0.0016016634020338,0.00124632503078788,0.00356482986941783,0.00160600790176803,0.00114147583917105,0.00164183857093548,0.00350858112180107,0.00121681585121792,0.00167236627075871,0.00359142892470833,0.0020971836634608,0.00319380822047623,0.00220743885823403,0.00122739053392773,0.00158165259151147,0.00123771787896164,0.0012782735307168,0.0017014949164778,0.00355275038882801
"DU0055",0.00397663022465202,0.00345684666276757,0.00107833062969495,0.00382400197541565,0.00105424199612119,0.00352556622312338,0.00160871392326046,0.00172169963039601,0.00112583984245387,0.00344640819968341,0.00152975074867592,0.00362514573641957,0.00433116625065279,0.00370895272939206,0.00443906478539129,0.00215798612546493,0.00357325793961074,0.00103120965260364,0.00107283056277797,0.00122857302539392,0.00313920491720913,0.00122827337782413,0.00315941260246256,0.00108753526857882,0.00216083540581132,0.00215411216044564,0.00109938372734265,0.00145630161413911,0.00100905966279974,0.00377488478594976,0.00392188297280544,0.00232051652205042,0.00426258017767968,0.00440422689524223,0.00434045810335168,0.00366506072970498,0.00234182514991946,0.00167781999558715,0.00107481571995511,0.00163077199631775,0.00144047384740004,0.00309374681966972,0.00107399703471381,0.00154854990918242,0.00340250317288061,0.00312541916104234,0.00107483288029152,0.00109465172851041,0.00235061447984248,0.0034775392892543,0.00166468759461888,0.00312239892217826,0.00310237756271277,0.00108634174089965,0.00346240605489219,0.00156407201537351,0.00368285108114498,0.00168921754172524,0.0010974351367338,0.00313921358314897,0.00380698065171237,0.00112511730876315,0.00150901779905608,0.00105651032911084,0.00441536030151345,0.00107583944651477,0.00220019720779655,0.00391207768321719,0.00313291371143399,0.00169232107821868,0.00229696485709228,0.00226364648929593,0.00115213398539135,0.00337133290174652,0.00238231014321386,0.00220906625474935,0.00426378392334807,0.00163121210752022,0.00225118312244999,0.00229215116141769,0.00428358328555338,0.00369834516968749,0.00374035641792113,0.00427581307547898,0.00146215872764298,0.0031170753155939,0.00107248785431601,0.00132959902179129,0.00108246280162627,0.00160028539852653,0.00109829465584798,0.00118582580895191,0.0020933687173698,0.00243337330266118,0.00439976899484136,0.00312616988199747,0.00232323574769687,0.00313367600637834,0.00110150144696881,0.00147889320583157,0.001093127855959,0.00342102386470026,0.00427853889005505,0.00154452443284952,0.00343563755949512,0.00114020951852681,0.00106792053241695,0.00226095514948856,0.00224701328330541,0.00217208271318166,0.00147614983834381,0.0019546893815416,0.00122398563955818,0.00383668429078867,0.00366758937299368,0.5,0.00446396845781239,0.00438674441607182,0.00438137749599729,0.0043174363476919,0.00429856630956834,0.00217337351728955,0.00344374091145383,0.00437636717803325,0.00176884048125716,0.00167251665086397,0.00111785689023547,0.0010990099529486,0.00384060380645308,0.0017408346599412,0.00213857330392423,0.00104413195013593,0.00313370804861312,0.00148324792717299,0.00311700593460021,0.00311482147639362,0.00146313473954388,0.00152070017962465,0.00165069748007005,0.00107206750825242,0.00145907241387482,0.00341697341717493,0.00312806637967212,0.00345733437073706,0.00108171839688328,0.00436971785168678,0.001448087442242,0.0022054710912055,0.00310908121552499,0.00346894084786526,0.0023385221037648,0.00121307239224422,0.00311252692002253,0.00112670634352442,0.00108073831154789,0.0037983351783123,0.00105563504496738,0.00164461702037212,0.00186469639908372,0.0021679345065422,0.00165976765246469,0.00171792939532106,0.00115446370529524,0.00107098377226386,0.00225724388112592,0.00113280180865693,0.00446998293544355,0.00388991013896412,0.00164019911369657,0.00426735278150465,0.00145990132738902,0.00115423026154403,0.00169494194549825,0.00355354958132051,0.00228331425634175,0.00311866059969313,0.00154111575901619,0.00111030513951893,0.00343606146501588,0.00147587324879776,0.00107560661596625,0.00142171859797117,0.00110570008262489,0.00313185543147725,0.00107825973347732,0.00142767689630402,0.00218221132933339,0.00145519608021211,0.00147407630347664,0.00377345954074234,0.00107526622200769,0.00312447550970678,0.00151847853621012,0.00154655053992636,0.00145851254721848,0.0014328186994168,0.0014424543765468,0.00236311086931566,0.00107123506332942,0.0010295565651441,0.00310903946205393,0.00107761136242896,0.00162893146493885,0.0021247256958788,0.00343804079216264,0.00108917717028856,0.00112852103619792,0.00313036241905271,0.00155930422915526,0.00313085049305601,0.00174588297391384,0.00108425526721567,0.0021531752121592,0.00109811008749644,0.00140617769023111,0.001691279620523,0.0031006499321443
"DU0056",0.00475055927654138,0.00311386109146471,0.00105229839519084,0.00437416527744609,0.0012386807078915,0.00436677048480106,0.00219622754565306,0.0011389985321862,0.0010860676159333,0.00344898661926818,0.00110346327314039,0.00360891697830934,0.00389810647744679,0.00370616347487071,0.00458106418343213,0.00291679632378252,0.00355066472963036,0.000955948646070024,0.00103886478422235,0.0010558135512347,0.00316469477059277,0.00105941095769584,0.003242619331375,0.00104373763464758,0.00164279329342949,0.00165228562492919,0.00106092106052416,0.00105442527884171,0.000925719623668348,0.00377431947409994,0.00421498472430199,0.00181459869562478,0.00383514198405801,0.00440758620599299,0.00480471131649785,0.00364855577209988,0.00230484490399815,0.00169124246026753,0.00104350329296585,0.00222239896506044,0.00136855025885541,0.00311911975534173,0.00104540374311434,0.00103818565697111,0.00337519159985116,0.00315070287018473,0.00104329870869585,0.00104319293362594,0.00182460588267452,0.00313125969732617,0.00155637839399123,0.00314794784863872,0.00313074371165744,0.00104889387204867,0.00311882424950897,0.00250280754803432,0.00465075039963141,0.00247945709624242,0.00105665886517969,0.00316470445734315,0.00455503695237121,0.0010627677310067,0.00107438121457377,0.00110983704784566,0.00470881435872529,0.00104340934331108,0.00175735813547641,0.00411021272987469,0.00328034172131301,0.00157238337601462,0.00234079328120548,0.00244268001338375,0.0010852729719766,0.00348191489109203,0.00213092332352288,0.00246908120273091,0.0038122933085753,0.00161545609602229,0.00220249768971695,0.00250532332962799,0.00383585668882448,0.0036999839699717,0.00372852446499567,0.00380860586658912,0.00105767384677577,0.00314251877144929,0.0010427413429131,0.00141361543093551,0.00103774791990528,0.00171135838089498,0.00105862251773595,0.00120503023340148,0.00276715806015577,0.00271578774957981,0.00455964296008455,0.00315157162663469,0.00178211401719711,0.00315890727456647,0.00104538326319207,0.00105689645345872,0.00104473306592525,0.00308198138618912,0.00385588752279853,0.00165898372285358,0.0034285194252982,0.00107474067084411,0.00103785306103581,0.00172201445227544,0.00259814090081312,0.00164944933314198,0.00107218885513877,0.00279501447148414,0.00130144387585503,0.00440285330746323,0.00365754639140744,0.00446396845781239,0.5,0.00459460318260776,0.00446712890652855,0.00388779972975941,0.00386584549664363,0.00168255674349873,0.00343377733617441,0.00438018067872599,0.00151920898802186,0.00243967578186413,0.00107672210361025,0.00106043364109572,0.00393442085465807,0.00172847829448134,0.0016459660562206,0.00113012908724944,0.00315900540279755,0.00161189297165516,0.00314258314149632,0.00314038102482671,0.00140241647533056,0.00220652048089733,0.00237987772588486,0.00104309624382062,0.00167480952802266,0.00341041690204193,0.00315338895992451,0.00311471676527887,0.00105118561513564,0.00449042385979889,0.00103633647157119,0.001661346144538,0.0031376494021356,0.00366580611100058,0.00164349859796387,0.00121227524280458,0.00314088468900876,0.00150476435019332,0.00103648491560642,0.0046341579877232,0.00093249021268806,0.00118962897511112,0.00235761060845728,0.00166978009825241,0.00234673534168789,0.00252203348492824,0.00120235405917898,0.00104073410840953,0.00241553183888605,0.00109479924637678,0.00442846958345413,0.00476446549955089,0.00152955266130421,0.00380891325907395,0.00103475825462676,0.0010779298234377,0.00248525174478561,0.003726842823121,0.00174819423111535,0.00314428995706209,0.0022122913258742,0.00105162834783671,0.00343060170956878,0.00107332716865301,0.00104145585756566,0.00103254410654117,0.00107280974583677,0.00315709367176677,0.00104580542654932,0.0010350159659979,0.00175542121767568,0.00105487409713338,0.001460252828387,0.0037493846623724,0.00104691025619442,0.00315008220941919,0.00100599514528946,0.00105263056860135,0.0010381143532825,0.00103886239077974,0.00103820474182966,0.00225552305316371,0.00103768855714444,0.000924329039786703,0.003134646837014,0.00104480005313324,0.00217043240020583,0.00161304435572136,0.00309425780984358,0.00104309140593363,0.00108892854358812,0.00315835908176536,0.00147934645198674,0.00315622542331024,0.00153713789683805,0.00104994482460345,0.00170861577332339,0.0010583844919958,0.00146086066549431,0.00157797133906186,0.00312906702851828
"DU0057",0.00445071307762656,0.00305382837210676,0.00104562576470625,0.00429600353798161,0.00131841352570352,0.00435058908026318,0.00169579815644882,0.00156897418371238,0.00108566149056004,0.00340798412477671,0.00110202974933396,0.00358931688051327,0.00434156469360326,0.00364731230906654,0.00451781235180212,0.0022023883487511,0.00314310971840395,0.000949797056165672,0.00103454633261414,0.00107961789589892,0.00310628976645416,0.00108068717270151,0.00328670347799969,0.00104644660388121,0.00165269387988972,0.00213115307277781,0.00106213895487045,0.00141117574178478,0.000924850293524037,0.00373034129614049,0.00411378628564142,0.00231220647030553,0.00376861576791766,0.00437510599831634,0.00454937824860811,0.00360939630253701,0.00233596212585508,0.00218242273155046,0.00103881365016974,0.00170411107293236,0.00103436457657665,0.00306373326472234,0.00103776022221834,0.00106822234473945,0.0035200985307248,0.0030926370318727,0.00103850347068619,0.00105092096014728,0.00239336729324177,0.00307340282406746,0.00160058784739282,0.00308978544430004,0.00307050202626509,0.00104942905462526,0.00305883476950462,0.00166304232314152,0.0045080921209695,0.00231564693628082,0.0010579293976253,0.00310629898462002,0.00390971030298212,0.00108583582664417,0.00145808477644115,0.00127565093413013,0.00456470660289766,0.00103857130576444,0.00223003445181206,0.00398120325673381,0.00337507848493159,0.00163121158343936,0.00236492613871179,0.00240507348875237,0.00111266128746273,0.00329487549186137,0.00216469453411128,0.00240344294457896,0.00420012086459078,0.00160417462727531,0.00218602430692155,0.00246631001756961,0.00376088834694086,0.00364509907430272,0.00369466916436792,0.00376636922645777,0.00105646945051317,0.00308453876938242,0.00103551184082325,0.00138649690051599,0.00104137136683802,0.00170551402361948,0.00105870012774102,0.00131327665393681,0.00258417180683976,0.00238887998362448,0.00452920706249915,0.00309343882416909,0.00231113860261012,0.00310078274211144,0.00105594164956825,0.00143342099059413,0.00105034107403977,0.00338317831775051,0.00377739369128319,0.0016490142760335,0.00338942050763196,0.00109878389861306,0.00103057437305251,0.00221663293631431,0.00241545747709264,0.00214246685538503,0.00106910231518847,0.00262101552913146,0.00135090717434307,0.00435864252538642,0.00360757539577859,0.00438674441607182,0.00459460318260776,0.5,0.00438985369554454,0.00427194986217456,0.00430189019138534,0.00212861360200684,0.00304005243054204,0.00434181385688497,0.00163054216823064,0.00226299943959945,0.00107672064710414,0.00105945665103869,0.00437454149018385,0.00221135645761612,0.0021416898749975,0.0012781136876023,0.00310081769564444,0.00159987526511981,0.00308454869513965,0.00308240445854594,0.00142211728455856,0.00211424423739448,0.00170549788848493,0.00103549112190286,0.00166813411583475,0.00337660566755007,0.00309525692965724,0.00305475041849443,0.00104619026384768,0.00439334805824829,0.00142854986926528,0.002177763013258,0.00307718454778272,0.00401825632687511,0.00222104501912166,0.00134218560350055,0.00308046945707431,0.00148550400874379,0.00103995033074997,0.00397531880839478,0.000948637087999004,0.00158983758783464,0.00236157699211051,0.00167424011358685,0.00174912673002553,0.00232419234452589,0.00124505510619387,0.00103592065781905,0.00242519489124001,0.00109435631851738,0.00436181491763221,0.00450483051836412,0.00158494734250907,0.00419923945133907,0.00104405684624989,0.00111568975075808,0.00235134561958887,0.00361967277434863,0.00175467011737182,0.00308617056094857,0.00210017318680774,0.00106830057565099,0.00339567405291181,0.00106682730123898,0.00104057736824608,0.00137986235189074,0.0010718198516177,0.00309900117037416,0.00104258721435505,0.00139584049389905,0.00229017379243772,0.00105470578633545,0.00160366396265965,0.00373114975415063,0.0010392467356837,0.00309183125228254,0.00105400817215573,0.00107147127188259,0.00104796858900078,0.00139829663052996,0.00103905606592196,0.0022610587761244,0.00103335660264622,0.000933576231718079,0.00307674698376136,0.00103933603244524,0.00213198852066266,0.00166469427525913,0.00303420149905249,0.00104721116975177,0.00108836487882626,0.00309775673577255,0.00148912196478537,0.00309798577189685,0.00158849902712636,0.00104802537093798,0.00222544748197383,0.00105967030119064,0.00151723305590815,0.00165667082542444,0.00306879568280197
"DU0050",0.00456656275813286,0.00351373686496972,0.00108662937867987,0.00391669724999347,0.00106384383875265,0.00323409204606835,0.00166716359542712,0.00171927342116736,0.00115186847372266,0.00348653294970552,0.00156175652783258,0.00368242254447725,0.00442298808653634,0.0037792871192874,0.00442599331210733,0.00219391719481164,0.00363420606793607,0.00102894916530987,0.00107954004363147,0.00123589774677796,0.00319127449343052,0.00123670376810773,0.00326000228119216,0.00109152726131743,0.00167288634932989,0.00174429057224636,0.00149961107230679,0.0014766074415284,0.00100307550293542,0.00385504595084654,0.00404892836501795,0.00236844411962363,0.00435712839967601,0.00440075963402597,0.0039024553642808,0.00370377280752196,0.00234387143736582,0.00218231931813267,0.00108314755024027,0.00169616401002755,0.00145040871038181,0.00352480799278615,0.00108244198586765,0.0015591505109859,0.00348607789181544,0.0031773236591855,0.00108307975346619,0.00109871154990838,0.00244715355015919,0.00354393998569177,0.00165065354528721,0.00317428752327901,0.00315415591245318,0.00109710001793583,0.0031419207757777,0.00158433606278513,0.00347016077231771,0.00162526655705542,0.00111097046826555,0.00319128323378731,0.0039950645095822,0.00150407944839054,0.00113962165758032,0.00107006707542061,0.00440409650010574,0.00108341996306366,0.00225458085239343,0.00399792290251674,0.00331419666794425,0.00169430342542519,0.0021845998365129,0.00219997025349039,0.00115239746481647,0.00352330885744876,0.00233022599441873,0.00172120343527153,0.0038341436822547,0.0016876761078702,0.00220303418850558,0.00227733154977405,0.0038605267317449,0.00375744098656001,0.00380790718009384,0.0038650422867755,0.0011045226671694,0.00316890738325441,0.00108018215993017,0.00116039230544935,0.00108665228399724,0.00165468539946417,0.00111650178099899,0.00124754841514252,0.00122556317045421,0.00248284576452665,0.00440917289488559,0.00317810519268429,0.00238637517878282,0.00318568365673802,0.00110558867281022,0.00148758710920491,0.00109711987803801,0.00347599315048034,0.00435724881545961,0.00157049731058286,0.00348883172251661,0.00114202995208799,0.00107553751096596,0.00172822430234606,0.00174986309101254,0.00175500042190222,0.0015020830327056,0.00186942245402098,0.00112602654645397,0.00393393778318393,0.00371837837358144,0.00438137749599729,0.00446712890652855,0.00438985369554454,0.5,0.00437755936891681,0.00442052461718333,0.00174558094541527,0.00350608298175949,0.00442017953940865,0.00174770558699139,0.00159232262593993,0.00152586193556678,0.00111299336679711,0.00438776953067105,0.00227869337094539,0.00216843428254852,0.00106214015601967,0.00318570891339291,0.00150799553206838,0.00316885303129833,0.00316666754532763,0.00146934557227905,0.00117976158334124,0.00226666936941819,0.00107981653250304,0.00122279518088768,0.00346791283832181,0.00318001748219761,0.00351504097955228,0.00109015359586621,0.0045614538093947,0.00144533849907962,0.00178181771615234,0.00316089790031319,0.0032357192995838,0.00236640009053013,0.00127123439756055,0.00316438987629039,0.00113742592667759,0.00108499927942624,0.00371947808629931,0.00103172086794699,0.00167661971472399,0.00245387312087706,0.00172842683061848,0.00123883912121988,0.00166625504673073,0.00117049046400462,0.00107953998773445,0.00222466144435779,0.00116180161310856,0.00443097365114204,0.00387255822325949,0.00164056221103441,0.00382733908845862,0.00147438018015802,0.00115549404179719,0.00128129757790414,0.0033840159724808,0.00232381477833095,0.00317052417869448,0.0011945774755926,0.00111382987005996,0.00311381179145334,0.00150140499667143,0.00108441832460315,0.00143580287159894,0.00111944908775313,0.00318383825235543,0.00108653511857812,0.00144287424182068,0.00223470398806777,0.00147844682087216,0.00124538632589119,0.00383613335452854,0.00108372668047899,0.00317640782484111,0.00114898530495028,0.00155895214297854,0.0014686094996518,0.00107542447366671,0.00146424875930108,0.00221137088126525,0.00107703352010586,0.00101434605045582,0.00316079313655932,0.00108286348302081,0.00168626971443842,0.00172389775435362,0.0034956867469788,0.00109317919842556,0.00115468825022273,0.00318243243486617,0.00155520201072917,0.00318283684793213,0.00176439131995796,0.00109238206720379,0.00224606552435705,0.00110991383751261,0.0014581368212839,0.00170589801184248,0.00315236716339782
"DU0051",0.00394530315402089,0.00350805886652838,0.00111897084401106,0.00377800949101379,0.00103292062025469,0.00331897513094652,0.00120305041514892,0.0017517513040792,0.00116706249599033,0.00349693527993616,0.001574639164333,0.00367825433051166,0.00431970878662063,0.00419493042369664,0.00431873573728579,0.00209932446721684,0.00362170918519254,0.00107972765961278,0.00111477546121041,0.00127521305345669,0.00318312057222483,0.00127732355171523,0.00307958746067525,0.00112194800027883,0.00218697492794279,0.00221594948071051,0.00152185079413774,0.00149383434186668,0.00105523485242542,0.00429519169887306,0.00416739311165484,0.00230282801086473,0.00435999504757173,0.00431345802637211,0.00380484771762023,0.00371192587071535,0.00233517979567993,0.00163635990072279,0.00111734422082103,0.0012193486786043,0.00148281366948366,0.00352029400002317,0.00111641373349372,0.00159510007775743,0.00321123371412038,0.00316899203017761,0.00111771180998772,0.00112674003533283,0.00182792804824682,0.00352884291869248,0.0017046141386306,0.00316581929180344,0.00353019177096876,0.0011253321747559,0.00313211863365801,0.00120086946055604,0.00345733515150597,0.00157885080182502,0.00113605852190774,0.00318312819470326,0.00379047714913766,0.00153334225848948,0.00154209189230066,0.00103050502192266,0.00385102626649525,0.00111893020899847,0.00173698198112838,0.00351949254737252,0.00311859552236598,0.00172716733223091,0.00215641507871887,0.00169692356617995,0.00117808727656512,0.0032303814536265,0.00233306604970241,0.00165948562618039,0.00431799695936257,0.0016760224131779,0.00226257496332242,0.00170686591124953,0.00433227544020821,0.00419463782119598,0.00424978928667726,0.00432609340390487,0.00112957710408265,0.00316038073832724,0.00111498770122852,0.00112968494891034,0.0011156142410533,0.00156752780974251,0.00152048869736545,0.00109335120674487,0.00138825108005834,0.00249862005429138,0.00428344475827614,0.00316970278638631,0.00225852227233049,0.00317745632862173,0.00113336176377366,0.00151684115494409,0.00112626908419734,0.00347002595404998,0.00436895710129981,0.0011908426442983,0.00346053281525231,0.00116888367899179,0.00149055067939647,0.00224023627516647,0.00168969916004143,0.00216018653091079,0.00152374478506593,0.00174456526496338,0.00108831072159963,0.0037928895987873,0.0037160334770602,0.0043174363476919,0.00388779972975941,0.00427194986217456,0.00437755936891681,0.5,0.00432585965131612,0.0022634739123961,0.00348704914222374,0.00437429443892776,0.00220739842699271,0.00155662662642336,0.00155451185445502,0.00113739565362603,0.00380170922061622,0.00171759055493456,0.00166473761474566,0.00112011052261905,0.0031774857100533,0.00113736335357572,0.00316027057813015,0.00315803072346051,0.0015081554173699,0.00138004904827015,0.00164871650599462,0.00149772643206938,0.00147575215561022,0.0034605913537828,0.00317168581940232,0.00351040872539242,0.00112190893669094,0.00434093806262055,0.0014954820277045,0.00219087196273176,0.00353939356462056,0.00333359794163303,0.001910634436352,0.00111411570305731,0.00354312440609118,0.00109633875365686,0.00111382583143318,0.00367047441828024,0.00109636527941439,0.00211105763623281,0.00182671504615423,0.00221778300288618,0.00155417437435205,0.00161539348383373,0.00113906775484279,0.0014941764537317,0.0021446336623689,0.00117404211201634,0.0043697584297268,0.00378517764959395,0.00167939175090979,0.00429408706791072,0.00150085555253615,0.00156157311715134,0.001502017850024,0.00353371968198235,0.0023361115754244,0.00316196224128431,0.00142883301799636,0.00151999234830994,0.00348592353468945,0.00151851183102033,0.00149158008294033,0.00146728919855257,0.00114602754496245,0.00317559325403414,0.00111921707256335,0.00147165912627907,0.00170072232766034,0.00150297106721434,0.00121705538872282,0.00424125175488498,0.00150151789176974,0.00316794679562299,0.00155427944688194,0.00159774827236829,0.00149658453393471,0.00110432516650354,0.00149088560678947,0.00219494988030867,0.00111140460270305,0.00107361861292232,0.00315205928892467,0.00150140818491109,0.0012021913919426,0.00213793973941257,0.00348874556991644,0.00112286270949351,0.00116984936478682,0.00317382167237394,0.00158102483732375,0.00317456415106964,0.00222657804717051,0.00112469263753346,0.00168228993323748,0.00113757284389098,0.00119248416738875,0.00170752726755263,0.00352911808505698
"DU0052",0.00396829783375629,0.00346570078834498,0.00147076393217016,0.0038207338914657,0.00128233669618471,0.00330521313411415,0.00165038422346631,0.00172371338148246,0.00115107066680138,0.00343479167288083,0.00155294611983797,0.00364604146424684,0.00442753178600522,0.00371206863694503,0.00430104622851516,0.002085269419942,0.00357673675553419,0.00102574109095696,0.00108181948376517,0.00124745727977934,0.00314039219679943,0.00124872278956163,0.00323214425097005,0.00109526430075942,0.00166272249481922,0.0022791588216102,0.00149984168089732,0.00148808627121957,0.00100031154250548,0.00376780401939217,0.00509878229629438,0.00242954862602597,0.00423707395646004,0.00433088826761657,0.00379575427917946,0.00364824810270427,0.00237511514842314,0.00215062105842533,0.00108537219711191,0.00165904571653886,0.00145433893598161,0.00309463704223072,0.00108396245008011,0.00157126072044103,0.00346468134689675,0.00312658624454823,0.00108525722249601,0.00110490389530235,0.00238704943371971,0.00348692584944653,0.00166632618334837,0.00312351278760113,0.00310334280833507,0.00109936648084926,0.00347328292377719,0.00160089990848,0.00341067284679638,0.00159528477841225,0.00111258386858068,0.00314040076076724,0.00385658239024337,0.00151913988724918,0.00153634047015606,0.00124363801736888,0.00384228942099004,0.00108534658879885,0.00220277566777146,0.00392047901515335,0.00331335855265434,0.00171121804357956,0.00216459930318751,0.00170438989336159,0.00116862088453827,0.00323078492028121,0.00231955748954227,0.00168409685313696,0.00422560785484084,0.0016425084139216,0.00220814861718251,0.00220430057107212,0.00422931931268007,0.00370238613464216,0.00418332926588211,0.0037824336602442,0.00148659825301508,0.00311821194821224,0.00108176755076144,0.0013356173966737,0.00109052536966173,0.00161385710748685,0.00111677292639805,0.00127148557379437,0.00119095979160235,0.00243414832225192,0.00429561734053741,0.00312731357858183,0.00234209562457051,0.00313485254692084,0.00111341246782614,0.00151072651708224,0.00110220931169685,0.00343134265072759,0.0042421652417574,0.00159176561572061,0.00344279508196708,0.00115790963583276,0.00107686228632046,0.00214640687304271,0.00171005355034117,0.00225238228072108,0.00150423249156253,0.00180908212909422,0.00129159271532757,0.00385634139771467,0.00366188472995182,0.00429856630956834,0.00386584549664363,0.00430189019138534,0.00442052461718333,0.00432585965131612,0.5,0.00219213994611993,0.00344571356573405,0.00435311577530157,0.00220022904150635,0.00154610680971901,0.00113423389867012,0.00111425227342594,0.0043039851854699,0.00175422596284612,0.0021991265107938,0.00123267963804116,0.00313488089404079,0.00154719840206639,0.00311811666006681,0.00311595006540272,0.00146913140905681,0.0013881413484652,0.00164082716554213,0.00108115955523309,0.00158858536613059,0.0034274290480741,0.00312922773727932,0.00346552809905625,0.0010925619991247,0.00433694835208423,0.00148939880607432,0.00229295455490287,0.00310998135417674,0.00331407458242601,0.00234413842983682,0.0012918165828993,0.00311344231194659,0.00142138045053326,0.00108870739364378,0.00362197982277352,0.00103124919191858,0.00166920264011873,0.00245048505452237,0.00214531534442373,0.00157972990776178,0.00161303053354961,0.00115694790053331,0.00108143537543379,0.00215261342241134,0.00116048240441044,0.00432008667655252,0.00376278651325702,0.00164943310546292,0.0037794350508353,0.00147730292187666,0.00117066282042011,0.00126997867948859,0.00330475054936988,0.00225527025723901,0.00311977298726624,0.00117227281854932,0.00150378146057991,0.00343838090388158,0.00148741404961756,0.00108693929303361,0.00144686870280225,0.00111844995389159,0.00313302921688022,0.00108921649951602,0.0014601707693828,0.00221348149357541,0.00147842801645684,0.00151883740518267,0.00423931219375259,0.0010852304742647,0.00312563104104132,0.00115375254828902,0.00157137432696285,0.0014796034071338,0.00146383919876856,0.00146531685163535,0.00219922096497309,0.0010795083286611,0.00101295680765804,0.00311012535781908,0.00108499174494693,0.00165593459726287,0.00219064897288933,0.00344706139029027,0.00109752801451137,0.0011538392529148,0.00313140659728831,0.00156582134719846,0.00313202853857212,0.00221069713648505,0.00109548723217287,0.00222112851474159,0.00111231522476495,0.0014903390883261,0.00219635497061093,0.00310154506764877
"DU0053",0.00174134008413161,0.00156796576974806,0.00306603698901447,0.00164787246001648,0.00227921338527582,0.00139057179145878,0.00373173869114334,0.0017268295122071,0.00310371492697878,0.00155902048261192,0.00375012223916067,0.00211109425309358,0.00217562213027362,0.00215433631027758,0.00214408127664748,0.00192633408590305,0.00163484800234149,0.00122142828904827,0.00235907637694055,0.00129702126860413,0.00122291567269446,0.00129548956846176,0.00114667464624038,0.00195752350251347,0.00320908136994118,0.00444037102430517,0.0035935134337145,0.003723351356773,0.00149333142591345,0.0022030720012831,0.00168391298856239,0.00412682503247609,0.00222398881207391,0.00219767423441012,0.00165687800260024,0.00212523741968799,0.00419159439745625,0.00377663027974318,0.00264027934981989,0.00374695247775519,0.00242224713689592,0.00157479003553683,0.00253477975350859,0.00160549327070004,0.00119422118255185,0.00121915500974997,0.00260620295733445,0.00178652419938815,0.00191904419778858,0.00157381373343214,0.00246934731305043,0.00121480264154192,0.00157991756809274,0.00322306534309644,0.00157624890268633,0.003055402819317,0.00145840279125163,0.00358912535726631,0.00340633982020756,0.00122291459341938,0.00159735662530418,0.00177407449018014,0.00171903788526484,0.00162247966932164,0.00168848290194093,0.00254235592332131,0.00211366727002406,0.00163235796793712,0.0012600238442077,0.00231764887508458,0.00282425584485581,0.00252068352761282,0.00139930713004397,0.00114980407376181,0.0022183166945453,0.003446349329676,0.00225499327397547,0.00206713830599032,0.00359378825313776,0.00387879421746908,0.00221709431414306,0.00216031006829711,0.00215750511656569,0.00220468269343232,0.00379067037353415,0.00121307901799219,0.00289848017562722,0.00308665238269748,0.00190145431707894,0.00400294743989502,0.00366668834602515,0.00330807021787902,0.00358827283693883,0.00231546915847956,0.00214982627230247,0.00121812227075878,0.00191640158279594,0.00122305412237332,0.00172850404028804,0.00179788370685863,0.00187097595848326,0.00155256061991976,0.00222800784381088,0.00173596932758183,0.00154670086441289,0.00143608261449678,0.00278112940453547,0.00282927702515832,0.00186189275327873,0.00372287751861592,0.00361320549039544,0.0019578664769964,0.00263521173485402,0.00165414115924716,0.00212006726111739,0.00217337351728955,0.00168255674349873,0.00212861360200684,0.00174558094541527,0.0022634739123961,0.00219213994611993,0.5,0.00155449609868418,0.00223601375020386,0.00220043127647081,0.00238715025557448,0.00368979868347465,0.00338478644479166,0.00168445304506994,0.00390849552317625,0.0023796868093022,0.00242618805539559,0.00122197708616243,0.00212974068175724,0.00121222280323021,0.00121062962841511,0.00355076615686955,0.00298271091202136,0.0032344782760255,0.00287978838465773,0.00308023216378777,0.00154744693143438,0.00121996713360374,0.0015697414323836,0.00283981998859289,0.00216705845770593,0.00163171915437776,0.00238611751832613,0.00158283669072418,0.00137752150946895,0.00184393650331568,0.00231497119618543,0.00158515241959231,0.0023650962748407,0.00190202658910233,0.00153200879665868,0.00119373611804207,0.0043506438081082,0.00366594357838555,0.0040145202241035,0.0035898873790973,0.00389834992195591,0.00173155620200224,0.00263902945558306,0.00361464629491404,0.00302784506796409,0.0021846634593235,0.00161658756381757,0.00182884842130684,0.00223281687684969,0.00203398747519065,0.00170787486678637,0.00168282089992994,0.00119651592311885,0.00414977005031947,0.00121202147425364,0.0032959191910311,0.00188832765175094,0.00155584094820288,0.0033067790341539,0.00332712584445467,0.0033094477983414,0.00298171935604302,0.00122210657007664,0.00280059379164571,0.0034739105083232,0.00185735245956017,0.00359210113302231,0.00162369579919676,0.00217456344863365,0.00254944403362882,0.00121540419170183,0.00158492275025013,0.00160266325806895,0.00198686614239022,0.00327761708928396,0.00369957746075589,0.00313985107137593,0.00227989920410366,0.00118879482224636,0.00120694590584668,0.00221734464168481,0.00316369703169834,0.00438411367910777,0.0015593917470413,0.00191234436692841,0.00310364229444343,0.00121204860012285,0.00316895417754078,0.00122183603111794,0.00222415452604069,0.00292589780042261,0.0039124661481338,0.00339984338660829,0.00152637630685341,0.00237915428113461,0.00157857023898223
"DU0028",0.00353851037421544,0.00382961554635131,0.00198946887798247,0.00306898285488041,0.000994450633612321,0.00289947714529988,0.00107384993714788,0.00170052628072401,0.00205239792766321,0.0037783946868582,0.00162700397575366,0.00347690976683679,0.0034508336400798,0.00392145507383888,0.00342032442784537,0.00146233901926069,0.00388328238844226,0.00222607284146893,0.00200480260599648,0.00207153143069555,0.00391613981477246,0.00207931536622895,0.00296950764004122,0.00201492540567064,0.00159375351510461,0.00153268892214682,0.00199089381687137,0.00190434279060464,0.00218556128886707,0.00350535471786523,0.00352634404334217,0.00153839515944526,0.00347993110268943,0.0034210664584019,0.00307302791324752,0.00349331406901977,0.00152669484330037,0.00108104805966162,0.00200775343626072,0.00141233402080821,0.00196106735339074,0.00383986417229422,0.00199909862595916,0.0020074732357023,0.00314257315605782,0.00389535615444679,0.00201107487463775,0.00200897643913798,0.00155896156553844,0.00343405801418725,0.00162285933565395,0.00388836408796634,0.00385565529594976,0.00199337631055934,0.00383537697546311,0.00140875010586782,0.00296704637197493,0.00108398141204486,0.00200849537803268,0.00391614038855033,0.00344940848455589,0.00197576004294046,0.00196945549849011,0.000970514419974997,0.00306617184392765,0.00201009044369476,0.0014760600539966,0.00355634899502285,0.00290130758468863,0.00161035042591614,0.00146388114271171,0.00109746247349136,0.00203180929466641,0.00314645363636289,0.00162409727624588,0.00109846978886526,0.00347435046306403,0.00207677013125821,0.00152363292334329,0.00145897682709742,0.00350549344842157,0.00351193462684345,0.00350478444475783,0.00348983885458839,0.00198355868777347,0.00388055818033969,0.00199711719978195,0.00107074037542663,0.00199295898196857,0.00110993994269646,0.00199305688419264,0.00111101553967782,0.00106675563418378,0.00155658999093654,0.00340182261288454,0.00389504595397956,0.00153440158781367,0.00390801719553324,0.00201883635077695,0.0019533319549729,0.00202203190841104,0.00377273329022903,0.00347857810415408,0.00105249886536531,0.00376239493313112,0.00202871989937079,0.00198202514947075,0.00153048281239198,0.00108996494340515,0.0015275197442636,0.00199106472207296,0.00111885527305961,0.00113454679512471,0.00307037969196756,0.00390521667999954,0.00344374091145383,0.00343377733617441,0.00304005243054204,0.00350608298175949,0.00348704914222374,0.00344571356573405,0.00155449609868418,0.5,0.0034371361644771,0.00162267768303299,0.00106905345967375,0.00204153036381473,0.00200813970900799,0.0030465357572174,0.00150377746798962,0.00108789580488888,0.000989185474507646,0.00390800487953655,0.00104697345934023,0.00387938276457653,0.00387588263959057,0.00193980282555756,0.00104488963703004,0.00143535782944707,0.00198863629617061,0.00108789683257333,0.00376548889182863,0.0038988750546384,0.00383073987694413,0.00199792589854217,0.00344942017319899,0.00193905650624594,0.00151574772571106,0.00386373238950903,0.00290810145338721,0.00160817795833925,0.00119749494334254,0.00386886057124236,0.00102886728897392,0.00198845972846932,0.00306792975750102,0.0021698775360451,0.00159071671943499,0.00157142401197471,0.00155046029483651,0.00106666625859707,0.00108913578722945,0.00109168519272316,0.00198268225151824,0.00110276995677308,0.00205712989422433,0.00347281963605432,0.00308519972944914,0.00164128805793234,0.00346670441739658,0.00156655656801531,0.00200157645765831,0.0010748309079518,0.00304692324005928,0.00159395846475429,0.00388201049995697,0.00104467512476884,0.00197508831710505,0.00378756944900255,0.00194540112642416,0.00196969500350318,0.00193386873718499,0.00202145190682301,0.00390526231408936,0.00200113624004462,0.00192853873391164,0.00107077046687183,0.00196527564382697,0.00113945649322102,0.00347143070517707,0.00199684252702911,0.00389179230580452,0.00209019236761617,0.00203016797625367,0.0019580519132542,0.00194926966957743,0.00195387129316555,0.00149914573874595,0.00198959839343698,0.00219377780729816,0.00386625872834557,0.0019954870901373,0.00107682554614356,0.0015183049782185,0.00381370349304903,0.00201747285008305,0.0020568368209952,0.0039003414826824,0.00161376715070817,0.00390342043744657,0.00166259730902282,0.00201309147140581,0.00109745933549424,0.00202318803225546,0.00124372775125746,0.00157897882354061,0.00385104304911552
"DU0058",0.00395775356851228,0.00345695227719058,0.00146542835874673,0.00380805018087729,0.00116587934004762,0.00341738329691103,0.00160876406780412,0.00173168036312197,0.00114085514723658,0.00344532003575895,0.00153382699590921,0.00363124769883194,0.00435440797931926,0.00370992452971798,0.00437017415320817,0.00216688331036014,0.00356753146694093,0.0010413672583715,0.00108426021021505,0.00124921778745387,0.00313869032995787,0.0012500093407302,0.00308191737028884,0.00109635552594005,0.00215341038141184,0.00219970595723886,0.00111078511485095,0.00146767072435575,0.00101857441626239,0.00424149754797461,0.00415561689175292,0.00236531061633415,0.00427793683209061,0.00438137329708455,0.00384994695664945,0.00366248330800827,0.00241089588844977,0.00168036630710298,0.001087605011233,0.00162006227820888,0.00145061964449728,0.00309308449028636,0.00108672526402905,0.00156659891834989,0.00321521982440113,0.00312487987375624,0.00108772453488956,0.00110186715598598,0.00186725879856108,0.00347373893540177,0.00166706886792385,0.00312183637061416,0.00310170613378151,0.00109707951648825,0.00346450393690858,0.00156789985259004,0.00354739342082147,0.00164297907481256,0.00110766902364163,0.00313869890485271,0.00381016619682918,0.00112180312211049,0.00150202385806175,0.0011116261315253,0.00433461672411636,0.00108826141517473,0.00218905752256553,0.00390270298869863,0.00321518756552284,0.00168617629380344,0.00224163267615529,0.00219542050621625,0.00114576263451996,0.00322530507834636,0.00238650678179292,0.00215095112878197,0.00427410378067955,0.00164161218186087,0.00229326519774843,0.00221151209171649,0.00425711148875007,0.0037068207141856,0.00374103338979651,0.00425754451127569,0.00147560180123082,0.00311650649922638,0.00108470319915439,0.00132816479821979,0.00109080695350338,0.00159851609214434,0.00110906062331074,0.00111192713545533,0.00149923114237957,0.00250592555011388,0.00435026482203686,0.00312561958243607,0.00229409810474735,0.00313316178688805,0.00110793171398617,0.00148488047154517,0.00110121114183236,0.00342398241727761,0.0042872584698604,0.00152931331670633,0.0034234333383052,0.00113776029657556,0.00107981236542139,0.00222158584199516,0.00174264283796284,0.00218834217401165,0.00148902807543496,0.00187838928744561,0.00110701467716918,0.00382634948099848,0.00366412410436066,0.00437636717803325,0.00438018067872599,0.00434181385688497,0.00442017953940865,0.00437429443892776,0.00435311577530157,0.00223601375020386,0.0034371361644771,0.5,0.00178468866054541,0.00161510810853913,0.00112802393822825,0.00110911649838721,0.00382975840623475,0.00174146995129725,0.00213534426346255,0.00113009733441081,0.00313318746997936,0.00148420771981253,0.0031164278035097,0.00311423532811973,0.00147316798083551,0.00144341964277972,0.00166161696528099,0.00145638959516809,0.00153567768910118,0.00341476351541374,0.00312753064238879,0.00345732806155251,0.00109349200807581,0.00437013778778129,0.00147073559393113,0.00220616005954294,0.00310840746118008,0.00342316083227138,0.00233476981670255,0.0011279803012378,0.00311184714080106,0.00138394485018112,0.00108907866292616,0.00371159563496784,0.00106522529971611,0.0016514334249052,0.00233724507972191,0.00218013659043566,0.00161657652288315,0.00166945033571345,0.00115096203951788,0.00108343229901392,0.00222822761313408,0.00114987615978425,0.00439611405027305,0.00382506232389568,0.00163025086048867,0.00426671713771808,0.00146400460026316,0.00114010893156477,0.00156697317299747,0.00353596848648234,0.00227948783471946,0.00311808648136614,0.00148668652045011,0.00148272498824417,0.00343631320234283,0.00147792059785181,0.00108640861282076,0.00143612328234803,0.00111631039419472,0.00313133361160284,0.00109043050350454,0.0014405521471182,0.00216591210361006,0.0014656557173634,0.00148255421824239,0.00420762446745703,0.0010879041805386,0.00312391565601359,0.00152992647389104,0.00156726123501011,0.00146463939108931,0.00144799329526763,0.0014534454120229,0.00227756172372542,0.00108222864467438,0.00103918279355909,0.00310843955141741,0.00108827341965713,0.00162929897964957,0.00214226731309606,0.00343830580027373,0.00109763202174085,0.00114362688103845,0.00312972736018406,0.00155493944206072,0.00313032152716186,0.00218902569225617,0.00109608887306086,0.00215552970561111,0.00110882873510001,0.00136414674234056,0.00169068681809356,0.00309996173800347
"DU0059",0.00171196731623921,0.00164250321544026,0.0016085449842252,0.00153596682846636,0.00112282246555514,0.00114493791249659,0.00150542567041906,0.0287564476882296,0.00169479243333624,0.00162722248923585,0.00168195403798777,0.00222891807594554,0.00178228637657184,0.00224326114751646,0.00169298864706246,0.00193358861081437,0.00168992684878224,0.0040791304113346,0.00124017177259473,0.0117461591169016,0.0012640970077702,0.0111958503698405,0.00105071378150881,0.00124819696686753,0.0022217818809934,0.00219353099933575,0.00170857623714355,0.00198958198449577,0.00497180755889036,0.00224297863473611,0.00139664615973994,0.00179455891585418,0.00220919396173216,0.00173337721118979,0.00152107259759068,0.00223056700117209,0.00177873935316654,0.00159922158902707,0.00124735957986431,0.00148042615153542,0.00159505977825554,0.00170103709132143,0.00161286119715385,0.0155595343305646,0.00122766508402677,0.001270776278276,0.00124895653599612,0.00162829595937976,0.00182896394484979,0.00164427936340484,0.00224431174257316,0.00126690871724885,0.00165675825344716,0.00163848029334686,0.00162256475751099,0.00144705368259269,0.00116588572442461,0.00141831508333953,0.00126056539180859,0.00126409331221092,0.0014134670327931,0.00166202666584809,0.00165947871755061,0.00104988284950268,0.00161251768757289,0.00123118366774628,0.00171879566750512,0.00161072629052501,0.00108847821758247,0.0022761846631845,0.00166006199674944,0.00158322064568659,0.0013008593118952,0.00103122928507191,0.0127808128179143,0.00149509000301239,0.00222679391706535,0.00169197693922738,0.00219294138706032,0.00154837092284652,0.0022220673213514,0.00224062572932128,0.00220088891043445,0.00221046253376071,0.00161859667706392,0.00126747107136219,0.00162528859530526,0.000954930749866773,0.00125038974096597,0.00131108413006404,0.0016563303740158,0.00106470267606528,0.00104805907560408,0.00237738224519079,0.00165335170369251,0.00126976543142833,0.00179979065479517,0.0012757333757576,0.00126204942838397,0.00163263876716975,0.00124111945874531,0.00166768629539392,0.00220398760486371,0.00141030640400262,0.00159927745219796,0.00129482710147437,0.00162233652558724,0.00217595578394837,0.00149383422735533,0.00221550062729413,0.00164631000796797,0.0014087363692187,0.00111546871076356,0.00163532855009766,0.00222418504306138,0.00176884048125716,0.00151920898802186,0.00163054216823064,0.00174770558699139,0.00220739842699271,0.00220022904150635,0.00220043127647081,0.00162267768303299,0.00178468866054541,0.5,0.0014188024117397,0.00169235635859217,0.00165084579784586,0.00166544319560521,0.00170946526333292,0.00168109030238822,0.00107609968524407,0.00127579665205082,0.00137562819905275,0.00126296732714967,0.00126119674087242,0.00161217968541719,0.00121212050556801,0.00147480529619728,0.00161749980339062,0.00137615406464383,0.00161270386886406,0.00127173238916474,0.00164629369530723,0.00162985893799142,0.00172123394112125,0.00155087683841266,0.00224426738743896,0.00164893870161786,0.00114862834685862,0.0288292994541032,0.00106107062772634,0.00165108035090152,0.00123691731634564,0.00161913074620406,0.00127670825810496,0.00819605883583917,0.00172437748106992,0.00175267019780648,0.00217393403118051,0.00139641567457483,0.00149420262303334,0.000876807737694946,0.00161681844514935,0.00160505733367894,0.00169537688093208,0.00179006712668199,0.00147190143091792,0.00221942341658709,0.0022146650817097,0.00158917823901292,0.00168062291132238,0.00125518993805958,0.00100293719600958,0.00224510048310934,0.00126394508923446,0.00125310920929467,0.00164898651270446,0.00161341116429668,0.00158227708676972,0.00162108175767528,0.00159073259367418,0.0012587438795795,0.0012747285362124,0.00124497394351342,0.00199799287230646,0.00157342113038807,0.00162917992231027,0.00134663447790962,0.00222554113047575,0.00162443438476205,0.00125341496525272,0.0181710863654735,0.0113947933563447,0.00161273648565646,0.00199126530116619,0.00161687375854162,0.00174262506996627,0.00161997183863046,0.00630278127774275,0.00165281807369987,0.00162073458675723,0.0015575400625,0.00218733379309474,0.00162648547707215,0.00125124921278182,0.00129628113932026,0.0016504573326452,0.00215677240101909,0.00125910158147956,0.012132246123352,0.00125567527513373,0.00169329376737057,0.00125580176742246,0.00124771590714062,0.00223014999004024,0.00164630958244082
"CH0028",0.00166249584452012,0.00107909946520786,0.00241435156085501,0.00163077369949204,0.0036079469418951,0.00263163914065777,0.00227049058700319,0.00138064283989354,0.00152340264320743,0.00137667365900788,0.00167458827097732,0.00143549921488003,0.00157954908051406,0.00144703766156796,0.00228452649984537,0.00249730816030607,0.00111728227281331,0.000979493070819151,0.00290843961207083,0.00105067319657741,0.00110958284482354,0.00104952681343267,0.00135769209356648,0.00353557488028454,0.00365916084815573,0.00235346609086651,0.00158016084474001,0.00190750837160498,0.000944823697898634,0.00150461881102372,0.00131300728740179,0.00201651132017087,0.00153013559996749,0.00163829470893665,0.00298786541463627,0.0014536129710795,0.00206672293727885,0.00216901618494385,0.00252011340511555,0.00225050503888678,0.00328066918790431,0.00108691150255744,0.00260629934209977,0.00127678905782223,0.00139531194694464,0.00110534065614184,0.0025662077170764,0.0031981773470848,0.00234284623291473,0.00109379584406314,0.00289658385185828,0.00110239470060077,0.0010876413058597,0.00203986101845267,0.00108778040786922,0.00390394558846159,0.00488381610249175,0.00431324465860138,0.00190491143585989,0.00110958326600007,0.00223139751118989,0.00226890596952371,0.00201200483513167,0.00449982390472029,0.00255781016013767,0.0026325644294882,0.00325813635873488,0.00226225915781956,0.00139264742091229,0.00253625320165495,0.00418078200163415,0.00511097286545117,0.0021828325898945,0.00130015253822255,0.00149868112061408,0.00377413866347536,0.00153033617690933,0.00160034965961791,0.00313851401061363,0.00291558697992135,0.00151739894173636,0.0014536342131996,0.00147740384121297,0.00154793956824641,0.00192873200475221,0.00110047727214128,0.00262195408338371,0.00266277633718744,0.00343659073969812,0.00238438324314859,0.00162201522942142,0.00214064339246124,0.00717956256797989,0.00189231006359505,0.00221049529444602,0.00110354759247242,0.00261377708498237,0.00110767837756541,0.00304911927075713,0.00242974262876384,0.00337151783236153,0.00107325612058045,0.00153504245515084,0.0034528351692618,0.00107063759177451,0.00234884759055729,0.00275833859041311,0.0038536053791151,0.00421554910131554,0.00260366094737823,0.00159485655196368,0.00416107121982507,0.0028776964208355,0.00166954618719104,0.00143429761828927,0.00167251665086397,0.00243967578186413,0.00226299943959945,0.00159232262593993,0.00155662662642336,0.00154610680971901,0.00238715025557448,0.00106905345967375,0.00161510810853913,0.0014188024117397,0.5,0.00167127246629321,0.00188875886701638,0.00163138290515612,0.00265583663846666,0.0039407440336795,0.00323099511514293,0.00110772240130976,0.0043915136697007,0.00109980278314132,0.00109862413010381,0.00206351878456105,0.00490881168411949,0.00382552781733302,0.00262264772764585,0.00307719595231158,0.00106931602103246,0.0011051792549678,0.00108164691934854,0.00228745297306534,0.00161452137279338,0.00858267415819318,0.0028021375901808,0.00109342725564393,0.00204186453956592,0.00150168148360387,0.00305479867191587,0.00109346080533529,0.00420449529557758,0.00344081607626087,0.003813960892928,0.000961027914033208,0.00228511934339962,0.00203972594840118,0.0025251662720609,0.00357689446242237,0.0042015477129,0.00340628521186949,0.00245725956691921,0.0037506874714608,0.00149252060007438,0.00162037079521108,0.00317659872457029,0.00248850477920013,0.00155077677516917,0.00291829663269702,0.00193659062605778,0.00565328618676517,0.00165445272721057,0.00197836102676763,0.00110031343425545,0.00379413423729262,0.00248716169997931,0.00135913523428198,0.002166995513097,0.00223039488048763,0.00211459768811804,0.00191503816007702,0.0011071853864402,0.00234619058542706,0.00209902599733997,0.00280198227549823,0.00178957303190588,0.0108817637861304,0.00150973444531909,0.00257716030227335,0.00110264816933962,0.00101633983172722,0.00102554873690646,0.00280289252126313,0.00218005930420724,0.00212542036689311,0.00391631384776008,0.00300293428213697,0.000953283619385486,0.0010954461911261,0.00310723955869508,0.00310697721956532,0.00242145782944671,0.00107317758507668,0.00345272883781163,0.00152427548228657,0.00110180782764015,0.00247980597397829,0.00110685738683324,0.00138644886466674,0.00226325664717987,0.00237955759287226,0.00199379341707501,0.00249624926632846,0.00245899805007589,0.00109046436329486
"TT0008",0.00154134180024258,0.00209402448763764,0.00338632232818732,0.00110494496761179,0.0017190100027872,0.00107671460399221,0.00334687789303171,0.00177583887784653,0.00424879091621663,0.00202419602601659,0.00384636643687088,0.00165530871949999,0.0011348580255269,0.00164136992329382,0.0010868899634191,0.000949447136383544,0.00207509934807296,0.00243092683199251,0.00309245804299455,0.00222112368567488,0.00217297249123946,0.00222577881874808,0.00105989180059443,0.00263273434967973,0.00225429327067707,0.00335314213228537,0.00420426338310804,0.00401285704203199,0.00238095308651725,0.00160874315033402,0.00112016568222208,0.0032511359829092,0.00156278693793957,0.00111556556479865,0.00109292631939569,0.00164569650277944,0.00325874386249383,0.00330478713558225,0.00336375995457904,0.00333692144770811,0.00258486464741935,0.00210961865336345,0.00325578754093958,0.00211478049096579,0.00110022650275062,0.00216101043277689,0.00333333236983636,0.00252866999524753,0.00127747884022679,0.00204478952585599,0.00185559357791388,0.00215249149922893,0.00211983462497015,0.00396655528328459,0.00210971356177978,0.00237404917388169,0.00108492106859419,0.00287708868058051,0.00429068041541966,0.00217294127739426,0.00109880583996765,0.0022626742189233,0.00220099766618146,0.00159068556722237,0.00108384243075351,0.00326932664789934,0.00176268837874491,0.00114339744837001,0.00108154710856531,0.00179144901865252,0.00150834639655527,0.00162015144597897,0.00231489183703449,0.00114292470671161,0.00125784318697297,0.00266043300863336,0.0015775308580565,0.00207615298727286,0.00228846669086116,0.00331801914233073,0.00159378965332778,0.00164336184506424,0.0016190726537986,0.00157325089383382,0.00417612628066338,0.00214868920651366,0.00323552537460018,0.00296277248053025,0.00258063984553022,0.00362793344032105,0.00424359738236767,0.003165196829199,0.00321944180254858,0.00101353023245647,0.00108336804305935,0.00215904455483236,0.00167792649053701,0.00216996800398077,0.00250767617109782,0.00222722332458108,0.00259230930786598,0.00202727001252556,0.00155919050657825,0.00126980025221277,0.00200096884347438,0.00233572406873096,0.00312007430283967,0.00196993509659024,0.00126003988791782,0.0033301195299659,0.00419082768591438,0.00128552349469984,0.00224220127236048,0.0010977176182206,0.00165769658274967,0.00111785689023547,0.00107672210361025,0.00107672064710414,0.00152586193556678,0.00155451185445502,0.00113423389867012,0.00368979868347465,0.00204153036381473,0.00112802393822825,0.00169235635859217,0.00167127246629321,0.5,0.00427703090303627,0.00109872213919106,0.00356175226745836,0.00155986755846145,0.00205802321779326,0.00216888940969397,0.00151437893606147,0.00214601297287801,0.00214318407678507,0.00400559606584,0.00239242283278646,0.0024691367271365,0.00321241850924713,0.00240603750239247,0.00203084936646117,0.00216280152525091,0.00210256331323903,0.00355177267334234,0.00110147859435067,0.00269843062882946,0.00131986470937253,0.00212586183700609,0.00105633733841524,0.00165714172001201,0.00202462742473227,0.00212998445323296,0.00168648687312951,0.00257638724989336,0.00109307533907218,0.00236697103613045,0.00384025802874793,0.00329443309452673,0.00316390715704892,0.00287030885939201,0.00320863753786264,0.00152351465397741,0.00334390927117988,0.00235647766904421,0.00420537067956011,0.00111741571875137,0.00108948026832207,0.0022414721840776,0.00157381981107627,0.00236111106536264,0.00225556615124045,0.00124745653354367,0.00108270320800318,0.00366987717514283,0.00214662568850712,0.00267495995427461,0.00228685678181396,0.00205334825931482,0.00355385229852475,0.00368302276566795,0.00359910444874721,0.00378174797975329,0.00216807640280641,0.00351604502072239,0.00380527045706196,0.00122932729528242,0.00410546538290076,0.00204250277228904,0.00159047723879001,0.00326501996124478,0.00215410663477321,0.00224449083615435,0.00213241361737683,0.00236032476121528,0.00357141724462332,0.00416636132846947,0.001727841439752,0.00280166598070712,0.00239649442055644,0.00213515492907632,0.0027620897693965,0.00242565483818906,0.00363205706734922,0.00205130631152166,0.00261110572801077,0.00425201414090495,0.00215384649158019,0.00297683086828434,0.00216674288478951,0.00173890070917322,0.00365304949396651,0.00334002499240285,0.00418493361682003,0.0012262350840946,0.00179887781291373,0.00211832047429217
"TT0009",0.00112686626623627,0.00205692466082492,0.00354136522995214,0.00108664898510104,0.00207616739032488,0.00106869191330068,0.00341373484402281,0.00173170508053333,0.00421022251721533,0.0019870265891642,0.00397593760505415,0.00162411514105907,0.00111489762199295,0.00161104745880646,0.00106915004454693,0.000959417921707874,0.00203122813353471,0.00239429302529928,0.00325816174292212,0.00219226517345398,0.00214337333679584,0.00219737600411119,0.00105184464219835,0.00288376825252161,0.00221231854696639,0.00345532383531096,0.00426139129496738,0.00408152382982701,0.00234355836070913,0.00118511605573575,0.00109434346150786,0.00320179383117144,0.00114615005361487,0.00109673211912867,0.00107657311931595,0.00161561980232145,0.00323797256139022,0.0033943526331513,0.00353069545020689,0.00342578823589483,0.0028803862826128,0.00207421209086635,0.00341764063821375,0.00207918719641124,0.00108720731971407,0.00213223400269656,0.00350073798295815,0.00271537980767991,0.00130106575059969,0.00200863072539013,0.00198057257697113,0.00212381342978588,0.00208967042078852,0.00408047027057907,0.00206928411616061,0.00257222410207253,0.00107843473431567,0.00303174754268807,0.00443382900096131,0.00214335798570453,0.00108384114527573,0.00229713682261767,0.00220879289492498,0.00149276227864783,0.00106812823406626,0.00343664123321672,0.00151553766277754,0.00112286636335363,0.00107120296028651,0.00181346076000343,0.00178760095797671,0.00191881020913663,0.00234168765273456,0.00104326351573539,0.00123280385163569,0.00283065641284388,0.00116022382142131,0.00250617476193805,0.00246881300529952,0.00344905013548959,0.00117158392424376,0.00161307378983876,0.0011929116017711,0.00115701404200148,0.004244042309864,0.00211986893705462,0.00340129223236121,0.00295402651483486,0.00281356406786968,0.00372756086868555,0.00434623788961403,0.00332806231279198,0.00340455702031284,0.00102127298992218,0.00106639252852961,0.00213007933130957,0.00129624876972628,0.00214081894346055,0.00266825302072106,0.00228005431511729,0.00280797059287281,0.00199264618609864,0.00114353916914792,0.00132741156435021,0.00196878660706154,0.00238019694984105,0.00328078625608646,0.00178002645341544,0.00131346728152542,0.0030811121614488,0.00427168636539695,0.00135386792860849,0.00242669431298856,0.00107982479419043,0.00162803439278967,0.0010990099529486,0.00106043364109572,0.00105945665103869,0.00111299336679711,0.00113739565362603,0.00111425227342594,0.00338478644479166,0.00200813970900799,0.00110911649838721,0.00165084579784586,0.00188875886701638,0.00427703090303627,0.5,0.00107949415926109,0.00327638659776037,0.0017976124800099,0.00224267500506516,0.00213960883091192,0.0017277213445673,0.00211756274887772,0.00211221197949543,0.00413749610195122,0.00258017708295947,0.00266091114502964,0.00337671743338034,0.00259505083346901,0.0019961688066046,0.00213394246531453,0.00207040879681726,0.00370921670514614,0.00108203033988372,0.0021192503873769,0.00137476970055381,0.00209623502531869,0.00105016917686336,0.00123061902047885,0.00220916749717756,0.00210104032160721,0.00200911952498582,0.00280999654341488,0.00107864110883471,0.00232936933702299,0.0040075005159711,0.00322600683225819,0.00292014429381555,0.00303359319870183,0.00332136862671613,0.00169930077743606,0.00350372180792373,0.00254075661964343,0.00413553555695148,0.0010974190627645,0.0010731388203043,0.0018480727968617,0.00115726053540073,0.00249519855902233,0.00223211822158971,0.00129912187936833,0.00107106255534251,0.00324333172027707,0.002118171387055,0.00284481562208263,0.00240603488522177,0.0020154564600892,0.00368473180404838,0.00379802402564463,0.003725981204072,0.00387253169228813,0.00213886498074294,0.00367762943006293,0.0038860042051098,0.00127325758496158,0.00423257937777297,0.00133288318805728,0.00155727756079212,0.00343121833994973,0.00212560916367296,0.00220217029293766,0.00209840314155096,0.00248165381528054,0.00371009622398006,0.00431497765171311,0.00206896659463413,0.00316822453520528,0.00235871158537981,0.0021069717782654,0.00311164201213719,0.00260928244158554,0.00333935070576294,0.00201792005046603,0.0028439425421379,0.00421352850790664,0.0021249191117003,0.00314316390617323,0.00213762091051324,0.00170402980145179,0.00380713185452071,0.00349106238272832,0.00427694661142329,0.00127433485696,0.00184485460517812,0.00208818213220847
"TT0006",0.00450749383786123,0.003065304485584,0.0010690338457112,0.00443004176323595,0.00165588290048461,0.00363235689003938,0.00229378390419092,0.00161077397715072,0.00110624738018973,0.00304311908223123,0.00112354304435873,0.00360965927027745,0.00433454274174909,0.0036548593896295,0.00429896892610277,0.00206462975902691,0.00354722682828026,0.000963228277022251,0.00106139852174083,0.00111275024781025,0.00311295283083867,0.00111294484509228,0.00400834541590344,0.00107441013704344,0.00163300895184961,0.00218231033704636,0.00108331239872404,0.00144295176884094,0.000942106154369009,0.00371950901406067,0.0039650345533309,0.00229572649268835,0.00375439384933749,0.00427554520764708,0.0038827193633734,0.00360577184350161,0.00226430498095592,0.00238223442461435,0.00106129097387778,0.00228395741524014,0.00105899109975801,0.00307059459055881,0.00106399398183954,0.00144129312410539,0.0043191320035439,0.00309946325051614,0.00106166372211752,0.00108315218874478,0.00246192594548878,0.00308223017505336,0.00162084177610274,0.00309657630327691,0.00307948332853987,0.00106673283415644,0.00307052093691236,0.00169655861533811,0.00347683644091258,0.00168546084218529,0.00107550140610409,0.00311296144031525,0.00397877657036508,0.00111250251156106,0.00149639390345217,0.00211690399283663,0.0043601985543935,0.00106257340866571,0.00221053974848532,0.00399951224056031,0.00417616460146387,0.00168339890513165,0.00212694092613456,0.00223899680136,0.0011385242840015,0.00360019070843484,0.0017281340259434,0.00222301520792889,0.00373676750086242,0.00115595626561601,0.00171094674107721,0.00231573216617227,0.00374898260227049,0.0036444602486523,0.00370375230228098,0.00374589859904777,0.00107600016863863,0.00309137317175442,0.00106177275330033,0.00155140538804731,0.00106982777924629,0.00166931022236496,0.00107841040952432,0.00209119779699644,0.00128076327481022,0.00187343323462959,0.00431383106458172,0.00310024704992454,0.00237602711190351,0.00310752229663937,0.00108984865866574,0.00146999528335037,0.00108056594588861,0.00339805048712156,0.00376023893345021,0.00178216954656956,0.00340612389898182,0.00112693547456737,0.00105875255707447,0.00170061657830618,0.00182268214100138,0.0021799215873284,0.00109148144189204,0.00185785024016558,0.00229656790288597,0.00452116714747308,0.00361156437486105,0.00384060380645308,0.00393442085465807,0.00437454149018385,0.00438776953067105,0.00380170922061622,0.0043039851854699,0.00168445304506994,0.0030465357572174,0.00382975840623475,0.00166544319560521,0.00163138290515612,0.00109872213919106,0.00107949415926109,0.5,0.0022857353109311,0.00232212430321082,0.00214308223692218,0.00310755655116276,0.00222563365341716,0.00309134369928344,0.00308920707787514,0.0014171881852108,0.00158343671123825,0.001751001966146,0.00106160977967512,0.00173174836355775,0.0033911023657732,0.00310207348393646,0.00306375771609571,0.00106791261417562,0.00436223486096789,0.00110262546806802,0.00228643461143845,0.00308620581101558,0.00413140787711733,0.00223157989174741,0.00220704293350533,0.0030895355474525,0.00169140728631456,0.00106822119457921,0.00371597110704803,0.000966541321104236,0.00163452887425542,0.00241220463468995,0.00164815185513399,0.00172671402637641,0.00169013725238567,0.00157694244883508,0.00105753451614424,0.00221763241651469,0.00111480210735151,0.00384881276218425,0.00386120996438101,0.00162989927977235,0.00373619251761629,0.00145655929652298,0.00151104433297397,0.00152061963670965,0.00372369088600297,0.00174803593035987,0.00309296599510307,0.00165097950699426,0.00110122947604129,0.00340787871061875,0.00146214006147395,0.00105852570038311,0.00141590375516825,0.00105299082237662,0.00310574317818155,0.00106270775102654,0.00141958395549205,0.00244201489153537,0.00106121846413208,0.00167038363310528,0.00422530131256716,0.00106510161437059,0.00309863899922558,0.00107759573284801,0.00110304003992873,0.00144645034190276,0.00142474263503043,0.00105603326293713,0.0021715533807048,0.00105936998998571,0.000950224764041869,0.0030835620683058,0.00106735917367188,0.00234834999768599,0.0021513810343917,0.00304315970677691,0.00107623323709822,0.00110893674574155,0.00310693780196793,0.0015200172286704,0.0031047979939468,0.00162735370614304,0.00106711335200308,0.00235313401629568,0.00107684080003068,0.00176904979199026,0.00220076791187272,0.00307785906875454
"TT0007",0.00234280406881314,0.0011408466194961,0.00282006718704217,0.00222221059369443,0.00238373306088874,0.00124215619849112,0.00376918884429716,0.00167560850323564,0.00296944057178331,0.0011186187275216,0.00365110443667213,0.00163200455379333,0.00222255205837214,0.00164123540025295,0.00219841524370187,0.00190457968593739,0.00159050230291638,0.00108815120931408,0.00248812324526465,0.00120856027215655,0.00117270769457712,0.00120500822096483,0.00125591076767434,0.00206672339044741,0.00286953925928253,0.00391200140260474,0.00309043916171689,0.00364522784154058,0.00105348371271527,0.00167759684233635,0.00128496002301477,0.00405749062597803,0.00169902872209974,0.00218494635634916,0.0017186573156144,0.00122053716248506,0.00362633777824089,0.00428699998323267,0.00277761619587552,0.00377436705484585,0.00253644717951859,0.00114622686571962,0.00304911037485205,0.0015336720508546,0.00141931883822996,0.00116940982625367,0.00274230461904778,0.00187886641331003,0.00262490251966966,0.0015383525304864,0.00199474402110923,0.00116530496895406,0.00114971447267032,0.00336700193925957,0.00152328922300411,0.00332151634865566,0.0012533944848382,0.00384182323895921,0.00329897747155199,0.00117270681669543,0.0016466919873869,0.00181957565234911,0.00176365670023658,0.00189321982918599,0.00221390085640134,0.00267568514351502,0.00276271733710705,0.0016964391767663,0.0013301881886648,0.0019346680111614,0.0029921746826968,0.00323494014217926,0.00144676396725714,0.00151504458205579,0.00172631199856815,0.00414578474443436,0.00168994366764463,0.00208298680414185,0.00326329142532235,0.00432655213524795,0.00168939286099666,0.00163849009263564,0.00167466688614636,0.00169373124224843,0.00330690483571598,0.00116379675185043,0.00265084286473105,0.00356100383334833,0.00200658201086789,0.00401550156711891,0.00355038002812526,0.00330206864992063,0.00368051567080888,0.00178712038297078,0.00218729963058004,0.00116849413919932,0.00259026175320686,0.00117298185632818,0.00181362505543379,0.00183586353413098,0.00197172939932475,0.00149828346396446,0.00170160445273484,0.00192361377265401,0.00113205891210591,0.00148282330944559,0.00291040479471784,0.00249297262507633,0.00205384951998377,0.0039293017258838,0.00311166897627604,0.00213374510613335,0.00277174617254016,0.00226976694167123,0.00162063892391413,0.0017408346599412,0.00172847829448134,0.00221135645761612,0.00227869337094539,0.00171759055493456,0.00175422596284612,0.00390849552317625,0.00150377746798962,0.00174146995129725,0.00170946526333292,0.00265583663846666,0.00356175226745836,0.00327638659776037,0.0022857353109311,0.5,0.00307616400518353,0.00266525188722676,0.00117199478128556,0.00236046866644436,0.00116296549746615,0.00116135307022218,0.00342852723347059,0.0032344733228995,0.0035266751978651,0.0026328923005258,0.00298480901854592,0.00112476121206516,0.00117023543196012,0.00114337259159111,0.00298187456071032,0.0022314454362715,0.00224844984776983,0.00255097291404224,0.00115075045035674,0.00122638834141902,0.00228974262451916,0.00261447792937301,0.00115253666710178,0.00262700849945102,0.00238847399015626,0.00155329659870121,0.00108352184370694,0.00385717344761775,0.00414240814324984,0.00366409122712821,0.00348069753575453,0.00402737511489366,0.0020594311900204,0.00277621386340662,0.00388615774169546,0.00289431138583455,0.00172739785822044,0.00167363914023073,0.00188595228926374,0.00169473174450202,0.00213494337356092,0.00178503537618034,0.0017456295644693,0.00150767610999231,0.00355613271264494,0.00116270748010879,0.00326093720960686,0.00186997278722696,0.00150077929576428,0.00346936875038533,0.00348719807146311,0.00345261815098669,0.00309635940479054,0.0011721140709776,0.0029421549972809,0.00325674722559381,0.00250956714506494,0.00348295568132179,0.00254765329711124,0.00173083750157394,0.00268369170288156,0.0011657708200527,0.00116122259923081,0.00117097638317055,0.00206374119328474,0.00304321326991481,0.00359490851418412,0.00287951319887579,0.00240546204301078,0.00107074412708372,0.00115792809251596,0.00234159140660146,0.00393961625580218,0.00400848836949281,0.00151070892213302,0.00201749347076363,0.00296933898288327,0.00116223739143938,0.00331012338054259,0.00117198564591791,0.00169186591351036,0.00306974951659953,0.00444777991393874,0.00340532904647659,0.00151124296433472,0.00201243914859355,0.00114823911010995
"TT0004",0.00175466037097184,0.0011039342974352,0.00230288507625685,0.00177320052386803,0.00460974333733353,0.00175319209913936,0.00276329111383788,0.00163235853877169,0.00150148906010365,0.0010920186015954,0.00202448396017852,0.00159088024468403,0.002188987328309,0.00158443813113128,0.00212663630571859,0.00194733231213335,0.00154841306420124,0.00102844228317482,0.00284029695892705,0.00120128863116193,0.00113316195935348,0.00119913828516079,0.00230819172076964,0.00383440891622541,0.00326303918734698,0.00286525332150969,0.0015438182169638,0.00219483057952017,0.000998451766085421,0.00162349321958162,0.00123792062653734,0.00257718645209447,0.00164903779381384,0.00215741399304438,0.00163654068905931,0.00155790167776678,0.00257175448414946,0.00284680034642482,0.00240999068876555,0.00274132946209756,0.00367106246110092,0.00110949556848133,0.00250472147414787,0.00150988984532974,0.00233675351327881,0.00112934076131319,0.0024587401494288,0.00394198796854592,0.00372024233198196,0.00149813766238727,0.00327953276044164,0.00112585665983413,0.00111085400533036,0.00193527552187221,0.00148807842116359,0.00326872026168157,0.00136187511823444,0.00254081230023537,0.00181153826110956,0.00113316073346385,0.00170671209329447,0.00288841526516388,0.00294351271122506,0.00446560554025629,0.00167021860952206,0.00253183482439148,0.00431184316957396,0.00167275798928545,0.00232742961264587,0.00326530302476733,0.00424668764513422,0.00428534873940728,0.00277527174942313,0.00152298213669898,0.00213870176875312,0.00271665804155424,0.00163633829745517,0.00152924226622725,0.00352080383623564,0.00261791205365563,0.00163299402875628,0.00157905212417695,0.0016224073518117,0.00164942608838415,0.00220613045951888,0.00112426020255827,0.00252301826835164,0.00256991348679515,0.00393286671538092,0.00216748268175115,0.00158072995311501,0.00300952595524624,0.00195482334720843,0.0022008630954591,0.00212808567202687,0.00112691515400668,0.00382346431926186,0.00113090772108031,0.00380403813682769,0.00346732576871614,0.00409771618040935,0.00146620049726156,0.0016504794592312,0.00371097912213773,0.00147208877351038,0.00299075112554294,0.00267593547216625,0.00460462501270229,0.00352588201329821,0.00312098701955455,0.00155578848050247,0.0022753170615388,0.00377728360417917,0.00235087530453266,0.00155884703752164,0.00213857330392423,0.0016459660562206,0.0021416898749975,0.00216843428254852,0.00166473761474566,0.0021991265107938,0.0023796868093022,0.00108789580488888,0.00213534426346255,0.00168109030238822,0.0039407440336795,0.00155986755846145,0.0017976124800099,0.00232212430321082,0.00307616400518353,0.5,0.0041824795042389,0.00113123874747448,0.00529376769864947,0.00112337746585513,0.00112254213823081,0.00167750098409759,0.00282254327990804,0.00303372119262177,0.00252432408178408,0.00293653422507776,0.00146444947650628,0.00112859379699484,0.00110514338425153,0.00217343280362917,0.00214847109347399,0.0017952708591945,0.0041753098562074,0.0011172007110753,0.00166883804451738,0.00223740392244202,0.00379085849969662,0.00111722666210249,0.00431401618082564,0.00391607393059057,0.00148488769917825,0.00102927049726427,0.00233628015209801,0.00211800366579554,0.00249243164578973,0.00269030901355775,0.00239614294178432,0.00431176341900866,0.00234731222063378,0.00340912100427927,0.00147481280874377,0.0021236120506186,0.00159508784720505,0.00318299680136898,0.00164611251618383,0.00404303336208226,0.00279653567544387,0.00299831458396286,0.00160735734360439,0.00204487013848363,0.00112398499792229,0.00264729314711039,0.00316617963759573,0.00110157107758947,0.0024438274022627,0.00201711578267497,0.00237753354656089,0.00179633769695914,0.00113062781368331,0.0022316892501043,0.00225658163994037,0.00409084264741914,0.00169815383905549,0.00222795485447127,0.00214477345190835,0.00247353043000879,0.00112662515657571,0.00111932511202827,0.00149979154427512,0.00390189067629035,0.00244281001228628,0.00213202302700584,0.00437586210656145,0.00294917331796406,0.00101429949767339,0.00111931146673536,0.00307373780519129,0.00353813940984086,0.00294127231936986,0.00146967470596789,0.00400215518878064,0.00150174632459102,0.00112556700279557,0.00277852098632456,0.00113028393466508,0.00166081851142301,0.00214803007244957,0.00301407114276738,0.00189264303354233,0.00406372178866878,0.00406996013695876,0.00111455809698977
"TT0005",0.0011015132707776,0.00100183647693963,0.00289700057897807,0.001595076038646,0.0135179847056175,0.00558607472621251,0.00457610022526515,0.00090269938477888,0.00172632433712428,0.000988449723869107,0.00217807719582167,0.00120452295981035,0.00119236548445014,0.00102011792146705,0.00107392118026615,0.0013376097347422,0.001179353741884,0.000924446786553852,0.00342228756280323,0.00090720271182205,0.0010331048608745,0.000911171146526657,0.00443415255224434,0.00296217457642135,0.00335132319223823,0.00257289156741096,0.00204547490610321,0.00236283503030679,0.000894284068171638,0.00102889657121424,0.00137000072594003,0.00189027627605686,0.00102583091706194,0.0011781333876726,0.00124020035951987,0.00108513239105684,0.00211480623554219,0.00416293372290854,0.00302685216664279,0.00486472920998311,0.00308824007748437,0.00100714112634147,0.00312888250142038,0.000881151852952841,0.00525616432281958,0.00102965728133797,0.00308268038254232,0.00266780964648092,0.00180323532364324,0.00100262874519433,0.00211361757860297,0.00102648265113194,0.00101145771397628,0.00243157568939179,0.00108121361071327,0.00393243327416458,0.00176621640204743,0.00291935478661152,0.00226244463524867,0.00103310426579279,0.00215984796339296,0.0018951688343126,0.00163866032085418,0.0121712561282729,0.00110482257295925,0.00316063606458507,0.00228290796877302,0.00134706709463552,0.00560214047085483,0.00189977585250057,0.00275410833173403,0.00322599985469417,0.00166846399423801,0.00270352017039484,0.000907133907048235,0.00301079778639536,0.00110121863961032,0.00137048790539162,0.00328363589817348,0.00252908299950576,0.00102554296084803,0.00101939945608147,0.00102548577092432,0.00103128441753829,0.00229012186856559,0.00102467149094204,0.00314741996138847,0.00396833068642337,0.00287263182340864,0.00245770866397199,0.00212319321302529,0.00750895609834852,0.0024403468940907,0.00114899140228867,0.00122409234479516,0.00102804236049474,0.00178619805604748,0.00103216290439524,0.0025450293482843,0.00211284596221979,0.00281609934291518,0.00106540451314123,0.00102595724641973,0.0050677570081562,0.00108741459809519,0.00196610196270441,0.00330443424603488,0.00277229397859208,0.00204406171934089,0.00280357815659864,0.00207677276064356,0.00177934344149861,0.0071957206443762,0.00252732476631312,0.00101575597723433,0.00104413195013593,0.00113012908724944,0.0012781136876023,0.00106214015601967,0.00112011052261905,0.00123267963804116,0.00242618805539559,0.000989185474507646,0.00113009733441081,0.00107609968524407,0.00323099511514293,0.00205802321779326,0.00224267500506516,0.00214308223692218,0.00266525188722676,0.0041824795042389,0.5,0.00103171770118312,0.00480110230235269,0.00102375148549057,0.00102248994741159,0.0020669710486234,0.00434714852242692,0.00414683857996367,0.00314564914387991,0.00450343098943462,0.00108120002934585,0.00102973134163892,0.0010057150884042,0.00274261925897412,0.00118316107591672,0.00223313218871573,0.00237743723084917,0.00101524534715269,0.00324750801703705,0.00092818004703468,0.00591276626818454,0.00101579826640789,0.0076389394214594,0.00287573742841646,0.00128822682824999,0.000895511195988577,0.00252520196611701,0.00190144139702922,0.00249690237595871,0.00390884919037664,0.00257287019419984,0.00452110182003943,0.00294931721735306,0.00323163049976743,0.00168022719683776,0.00103319962026105,0.00118425461752667,0.00181693361627783,0.00111043021255279,0.00260015973256089,0.00160309431388428,0.0019012962756451,0.002163276938938,0.00174163240779108,0.00102408141390259,0.00427649775827416,0.0020807732987155,0.000995670909075201,0.00268413425481505,0.00255291875403399,0.00264102672441252,0.00222615604261364,0.00103137098817666,0.00281468974536452,0.00250192968810734,0.00333267784003035,0.00209915455645461,0.00529455841405747,0.00122594522413399,0.00309368159834532,0.0010267244278572,0.00089157846628602,0.000952026427645092,0.00240039969045651,0.00272021774063124,0.00220228267798095,0.00339443204486447,0.00334550016089635,0.000897381541865673,0.00101928585848869,0.00329430650117219,0.00432492853841652,0.00266664524937235,0.000995849117923486,0.00288735312552307,0.00172713585883532,0.00102561222318553,0.00302274578854476,0.00103147947350336,0.00106413260987795,0.00271224773521705,0.00334678340879956,0.00237250367716928,0.00447631427420041,0.00237116191051593,0.00101250699863963
"CH0021",0.00322891759664875,0.00396551529607188,0.00210937772036664,0.00313546714774593,0.00103691876422635,0.0029634287122224,0.00111095561849346,0.00174892243708935,0.00218726526242664,0.00389069847144287,0.00210206562239216,0.00317194423748311,0.00314675697560943,0.00320055213504919,0.00311969023991476,0.00107919069835071,0.00318825595912339,0.00239226658114421,0.00214520940386713,0.00219224487195427,0.00408201908023137,0.00219993121121928,0.00292664612524261,0.0021565521489289,0.00125822364012717,0.00120032865933771,0.00210704962532458,0.00198705164152394,0.00234362044452099,0.00319115143070151,0.00337294580849938,0.00119782173327637,0.00316177759026431,0.00311467769692069,0.00313397088963184,0.00318181564737499,0.0011909260635147,0.00111830280541972,0.00214765919505092,0.00111948218305371,0.0020463983441196,0.00398945545349263,0.00212861569537687,0.00208031433483264,0.00303793704012821,0.00405959687621263,0.00215144396266433,0.00214783224059683,0.00119138077143621,0.00392288896378239,0.00128156508079294,0.00405269873790447,0.00400749152205925,0.00212734280800806,0.00397731861629802,0.00114869292768926,0.00303019218178044,0.00112245271353212,0.00214684647295778,0.00408200648758602,0.00318930939002316,0.00210034544601605,0.00206690287892491,0.00101232929431757,0.00312891779534465,0.00215028492788717,0.00114485069991425,0.00328915968650257,0.0029668332288573,0.00126568646157468,0.00114572038812766,0.00113709819704644,0.00216679985112179,0.00305741452813693,0.00128174298009226,0.00113511106723625,0.00316357555004989,0.00213639413317357,0.00119632299948262,0.00114237338109204,0.00319427738745265,0.00319517294816749,0.00319001759300939,0.00317137573913577,0.00209995408971786,0.0040433892104797,0.00212765733209318,0.00111144804582442,0.00213016859842569,0.00114941549347614,0.00212473444005044,0.00106530877409161,0.00110724669449591,0.00113469850277225,0.00309379743655207,0.00405958940932251,0.00117606319291869,0.00407347449521975,0.00216131531923134,0.00205101877247178,0.00216475888860268,0.0038829927983138,0.0031623376414007,0.00108689691029636,0.00385519919996395,0.00216573820138965,0.00211161996238571,0.0011963794369309,0.00112125027194541,0.0011901831592926,0.0021024816255972,0.00112731844464376,0.00107568888357956,0.0031338434104043,0.0031969103783399,0.00313370804861312,0.00315900540279755,0.00310081769564444,0.00318570891339291,0.0031774857100533,0.00313488089404079,0.00122197708616243,0.00390800487953655,0.00313318746997936,0.00127579665205082,0.00110772240130976,0.00216888940969397,0.00213960883091192,0.00310755655116276,0.00117199478128556,0.00113123874747448,0.00103171770118312,0.5,0.00109033069685557,0.00404304593942289,0.00403598499701665,0.00202444046936344,0.00108484259519561,0.00113933027857233,0.00211930511988304,0.00112646099431837,0.00388376908520297,0.00406353940688793,0.00397860746615393,0.00212882892069567,0.00313703235649235,0.00203760428869109,0.00117096174799733,0.00402012517462289,0.00297298164235815,0.00125506859057733,0.00109813532355164,0.00402625425896865,0.00107201515729524,0.00212451232934953,0.00312942905099172,0.00232995746607654,0.00125762307631071,0.0012233314841393,0.0012135106151342,0.00110711924273175,0.00112509419983389,0.00113767914613204,0.00211453224841272,0.00113964784222169,0.00219439216091457,0.00315845114119244,0.00314668199544149,0.00170826989893066,0.00315609491924789,0.00202894757661279,0.00211396715264816,0.00110859823922953,0.00311101197908708,0.00124014419335264,0.0040455326946127,0.00108340778128812,0.00209288346453571,0.00391613919821065,0.00201858957039373,0.00209497415381932,0.00202034570111153,0.00216008879437258,0.00407080517382338,0.00213964028961508,0.00202096958580253,0.00110035506461863,0.00207269322949905,0.00119082555390557,0.00315212695460775,0.00213045044239261,0.00405469907352,0.00221621145789462,0.00210714953554383,0.00205978781315771,0.00205253659309965,0.00206473243753455,0.00117352081489529,0.00212533639106909,0.00235869352896278,0.00402845297057099,0.0021288480240408,0.00111833498970758,0.00118512866587987,0.00391480665713373,0.00215935211036723,0.00219512858041454,0.00405894273717324,0.00128445761175928,0.0040686255852601,0.00132311423057534,0.00215245993212558,0.00113814332962211,0.00216277743772924,0.00109717438054437,0.00123556188432367,0.00400567063592817
"CH0020",0.00157925638067141,0.00106100919158049,0.00221532274593621,0.001671287445153,0.00547876296075827,0.00282633789511561,0.00306442511181694,0.00105752732954868,0.00145530060823174,0.00105608972902988,0.00158012389810102,0.00142236469029193,0.0015323835817045,0.00109236177087162,0.00120702035007471,0.00233211385490809,0.00108944931749773,0.000993370806982624,0.00274029799964398,0.00102558924518983,0.00109236918982606,0.00102971129388052,0.00289270686885608,0.00374774007872003,0.00310508008960063,0.00221987467422939,0.00149926676085124,0.00202106708182959,0.000958930390584205,0.00111628167455577,0.00206496835948291,0.00190178818181713,0.00113153724075466,0.00150339903552639,0.00164039793925441,0.00136508021231105,0.00190967427063266,0.00281050505130262,0.00231736454212955,0.00296730808092479,0.00320372091330906,0.00106855199734211,0.00240841113422283,0.000997544557289407,0.00321582370652655,0.00108889867291797,0.0023641991055362,0.00444698904350948,0.00343794080515071,0.00107409860046417,0.00373605660883249,0.00108513415339768,0.00107004607100427,0.0018598582334669,0.00107298981176156,0.00432747153951209,0.0015892037633864,0.00301732960905601,0.00174093141704539,0.0010923680422801,0.00264985521679535,0.00332554594378399,0.00319927864136635,0.00553865064667866,0.00154900871541904,0.00243481827980371,0.00416987729686243,0.00246261902654343,0.00299789432338017,0.00320909857445185,0.00357596224363486,0.00410509112148541,0.00317957125461152,0.00159707919637356,0.00110187587339822,0.00262697580074735,0.00141266428548142,0.00151037641691266,0.00282751272366355,0.00213718395173591,0.00111911953384186,0.00109062518471288,0.00141407673796496,0.00113498647480463,0.00176355927374833,0.00108369351643622,0.0024264668125574,0.00309817680129634,0.00385287273757788,0.00314080263935379,0.00153530543821236,0.0036465683115856,0.00199464671094893,0.00177244334825483,0.00155391721692372,0.00108585331874253,0.00355978429844116,0.00108979392595325,0.00434465002629973,0.00385017651325574,0.00412051692050201,0.00132745765364105,0.00113302223727528,0.00530202533037767,0.00133608169368311,0.00344392775315893,0.00257513459050484,0.0045548647255066,0.00400586573102717,0.00242924555943543,0.00151017127730064,0.00304855136995771,0.00440375695963785,0.00240903230532091,0.00108216274003,0.00148324792717299,0.00161189297165516,0.00159987526511981,0.00150799553206838,0.00113736335357572,0.00154719840206639,0.00212974068175724,0.00104697345934023,0.00148420771981253,0.00137562819905275,0.0043915136697007,0.00151437893606147,0.0017277213445673,0.00222563365341716,0.00236046866644436,0.00529376769864947,0.00480110230235269,0.00109033069685557,0.5,0.00108268706840573,0.00108208877686067,0.00161996670845296,0.00370296568328002,0.00345674803257254,0.00242754375003894,0.0041835920732716,0.00133432962723935,0.00108759433982843,0.00106458274093063,0.00208916203593255,0.00152038636125739,0.00177713834952218,0.00402894101373405,0.00107681979318996,0.00242541807726576,0.00141721059151433,0.00429715209537285,0.00107645636750027,0.00554369168009967,0.00383591409178164,0.00227237250846283,0.000968501992071592,0.00179732004403755,0.00195053004814207,0.0019564988245385,0.00363550273677894,0.00276878843832905,0.0048020413897002,0.00225713630995792,0.00281059000486763,0.00142940572290636,0.00116950909256913,0.00204615269563901,0.00314428600453914,0.0014235348921725,0.00418063520041489,0.00272969143639175,0.00390061627348397,0.00233200215876647,0.00151166303485575,0.00108342358140206,0.00351983781565997,0.00365036586535512,0.00106597014490734,0.00197563418378125,0.00194232114986604,0.00220338244431095,0.00173313362128442,0.00108966134700561,0.0021458406577145,0.00210950293771269,0.00451204741449758,0.00164076986621836,0.00354628542443204,0.00147736364700065,0.00237780085482178,0.00108624233057919,0.000999829633523107,0.00124403303996351,0.00405051014502968,0.0022802116557698,0.00169827483454509,0.00366155349365418,0.00284786164744509,0.000964562366158166,0.00107887994603986,0.00297276159554517,0.00349425541161164,0.00224862173140053,0.00105750524040144,0.00392331156205372,0.0014552512888761,0.00108465399626176,0.00255602832032925,0.00108931600352986,0.00134670228916841,0.00206528397356258,0.00291149144930568,0.00181880198717786,0.00537162831513122,0.00398269106780107,0.00107438769336683
"CH0023",0.00321203236963258,0.00393641964051988,0.00208788794824294,0.00311891918716645,0.00102930113259267,0.00294764280298363,0.00110196006665647,0.00173079660898945,0.00216411161013287,0.00386265064127175,0.00208090672121359,0.00354512220705982,0.00313000270198181,0.00357891529911711,0.00310332741126099,0.00106993109509702,0.00356165409804805,0.0023639219935739,0.00212323414336496,0.00216652084942429,0.00405133055187135,0.00217470853888564,0.00291098663144017,0.00213472187887111,0.00164695205498881,0.00119085106062512,0.00208497311835919,0.00196671473366077,0.00231650699345688,0.00357031936919056,0.00335523534852254,0.00118808496711912,0.0031445523574548,0.00309807971435965,0.00311772975843905,0.00316377873359453,0.0011812809350225,0.00110937614543983,0.00212537586064623,0.00111042647628371,0.00202599495415257,0.00396016313549446,0.0021068858404,0.00205626799901784,0.00302175693540062,0.0040297810413621,0.00212892708032053,0.00212659850640121,0.001184909999282,0.00389458002145535,0.00167679466129674,0.00402287419555357,0.0039784598274616,0.00210523482725453,0.0039481180909477,0.00114032620610103,0.00301408902856852,0.00111380256143253,0.00212421422964742,0.0040513331246042,0.00317244654217008,0.00208109365344092,0.00204818463332983,0.0010049553238581,0.00311266017563636,0.00212801619594909,0.00113715859618144,0.00327161456721252,0.00295098192003631,0.00165925731684987,0.00113694468146961,0.0011294169266321,0.0021468804508354,0.00304113897729011,0.00126897650407742,0.00112656427112854,0.00314625022790515,0.00211294589041277,0.00118728917447076,0.00113354592357385,0.00357175087391581,0.00357443290083144,0.00357145812627264,0.00315406035265966,0.00207816404964407,0.00401369001351623,0.00210591112474789,0.00110270319810201,0.00210875728967922,0.00114057678868701,0.00210255119965834,0.00105653013732249,0.00109829214109382,0.00112488217219155,0.00307756787454238,0.00402940199773417,0.00116995777307079,0.00404302292926356,0.00213958634311936,0.00203206147251141,0.0021423778575385,0.00385461919532424,0.00314513573006667,0.00108111274997263,0.00382715023816679,0.00214519142821905,0.0020899443940599,0.00118805909539383,0.00111574228988846,0.00118093149957445,0.00208042653493843,0.00111705261315932,0.00106729063225871,0.00311729657849267,0.00357568573803622,0.00311700593460021,0.00314258314149632,0.00308454869513965,0.00316885303129833,0.00316027057813015,0.00311811666006681,0.00121222280323021,0.00387938276457653,0.0031164278035097,0.00126296732714967,0.00109980278314132,0.00214601297287801,0.00211756274887772,0.00309134369928344,0.00116296549746615,0.00112337746585513,0.00102375148549057,0.00404304593942289,0.00108268706840573,0.5,0.00400637795482761,0.00200328017925809,0.00107648849655815,0.00113118294478301,0.00209793239517751,0.00111770213162051,0.00385534653260747,0.00403338622065656,0.00394953806598473,0.00210695369691359,0.00312044137948458,0.00201480565257939,0.00116458636420245,0.00399077066205002,0.00295718372504836,0.00124286696863321,0.00108955280027356,0.003996893057487,0.00106431781744559,0.00210331543010606,0.00311308773078553,0.0023025715578057,0.00164236387728119,0.0012134038298644,0.00120362322539016,0.00109848172582155,0.00111653278205032,0.0011294856755653,0.00209274436736602,0.00113129545872894,0.00217117409221117,0.00314153318618383,0.00313031247984683,0.00169562053481258,0.00313884318263071,0.00200942718500728,0.0020942344491195,0.00110299204500639,0.00309464548187063,0.00122984488195425,0.00401596037331166,0.0010748613637376,0.0020736453588145,0.00388760834631331,0.00199846699725967,0.00207323393612227,0.00199932734548234,0.00213642117853097,0.00404019770972542,0.00211772578315007,0.00199968552909619,0.00109509956459602,0.00205083091983107,0.00117874064314588,0.0031349483291227,0.00210880036738348,0.00402500879745319,0.00219091979392799,0.0020830609399298,0.00203988845185455,0.00203125231178806,0.0020429024985437,0.00116531282081399,0.00210392945111343,0.0023304963157996,0.00399903859523685,0.00210748534926776,0.00110987675811893,0.00117577013451704,0.00388600838491988,0.00213725767336687,0.00217172395234696,0.00402927949831479,0.00166775477763617,0.00403820725883711,0.00130970212846989,0.0021298075344037,0.00112929572462731,0.00213956452559569,0.00109140263598528,0.00122831970643843,0.00397645480964947
"TT0001",0.00320985060539324,0.0039329138882146,0.00208509945409932,0.00311668659436152,0.00102814754724638,0.00294552827355212,0.00110045760730433,0.00173048856158415,0.00216349681094442,0.00385891489958415,0.00207818800068543,0.00354219895859161,0.00312781592875374,0.00357591336184739,0.00310115801059235,0.00106869943027449,0.00355850160548426,0.00235654782026953,0.00211716268000688,0.00216008870042043,0.00404434442248248,0.00216824736209918,0.00290887851648952,0.00212874555464655,0.00164499814371056,0.00118929028931741,0.00208602251745434,0.00196400544524439,0.0023108894634115,0.00356747288435233,0.00335283429778858,0.00118657742846376,0.00314230045788969,0.00309590719095929,0.00311556136638682,0.00355517355886318,0.00117979268379989,0.00110786768354157,0.00211899920207256,0.00110895090343638,0.00202334256757725,0.00396061464802794,0.0021039968245615,0.00205327517755556,0.00301959251816349,0.00402284527198785,0.00212270245303169,0.00212249395811724,0.00118536277981663,0.00389124661209307,0.00167643000006101,0.0040157016445777,0.00397430093319981,0.00210199972337812,0.0039447299502976,0.00113870532891589,0.0030118835702927,0.00111224565143781,0.00211771485577285,0.00404432218131984,0.00317017414909239,0.00208033340181979,0.00204940813735897,0.00100453101810444,0.00311047756015226,0.00212172620507828,0.00113678484376359,0.00326938897013167,0.00294887105496201,0.00165925994459013,0.0011357961964916,0.00112835836381342,0.0021426231573131,0.00303890061827109,0.00126704475291666,0.00112500939613657,0.00314400282329118,0.00210993883088492,0.0011856701342447,0.00113204372619749,0.0035689241883492,0.00357143518833308,0.00356854691573334,0.00315179144246186,0.00207538096279168,0.00400766777555325,0.00210193315404033,0.00110107791206756,0.00210582417820922,0.00113898329261423,0.00209948210940593,0.00105502536704068,0.00109670013667698,0.00112362934404857,0.00307540933502771,0.00402248513831613,0.00117055684201897,0.00403605306507279,0.00213418309967771,0.0020312598231054,0.00213675366408843,0.00385507023464805,0.00314288382713424,0.00108207448311182,0.00382380019542531,0.00214124263342646,0.0020873258066313,0.00118728998370176,0.00111662172157833,0.00117937245579689,0.00207763614065829,0.00111571900398661,0.00106571031652188,0.00311515187134382,0.00357262528074997,0.00311482147639362,0.00314038102482671,0.00308240445854594,0.00316666754532763,0.00315803072346051,0.00311595006540272,0.00121062962841511,0.00387588263959057,0.00311423532811973,0.00126119674087242,0.00109862413010381,0.00214318407678507,0.00211221197949543,0.00308920707787514,0.00116135307022218,0.00112254213823081,0.00102248994741159,0.00403598499701665,0.00108208877686067,0.00400637795482761,0.5,0.00200040339192718,0.00107491149507474,0.00112950687659368,0.0020941926402059,0.00111610560572246,0.00385167307949176,0.0040263708861438,0.00394581237267445,0.00210194207187483,0.00311826024038312,0.00201229756500774,0.00116548747868445,0.00398546686393758,0.00295505080827217,0.00124121437537545,0.0010881986230335,0.0039908201716113,0.00106321081439611,0.0021007662519389,0.00311083546527857,0.00229524749865862,0.00164258953741265,0.00121187244139055,0.00120200833568862,0.00109694082667037,0.0011149898145232,0.00112860574762907,0.00208992509935934,0.00112973188571752,0.00216504039133738,0.003139337624853,0.00312805822944481,0.00169531668511195,0.00313661511312343,0.00200757605000287,0.00209293048256252,0.00110372194776011,0.00309235373869982,0.001228274560355,0.00400882892196052,0.00107331861704406,0.00207245801347614,0.00388394793482115,0.00199561061232541,0.00207012102458244,0.00199644905958137,0.00213014652254582,0.00403322424703277,0.00211121450788387,0.00199687764654114,0.00109588207551808,0.00204805929056107,0.0011773530898571,0.0031327193439016,0.00210260527389384,0.00401869812110937,0.00218735817858282,0.00207974069847671,0.00203817599231079,0.00202843487676242,0.00204008309993793,0.00116412694704564,0.00210138055724491,0.00232317892243413,0.00399281999717773,0.00210209795233559,0.0011083333986615,0.00117424158420417,0.00388249738596098,0.00213142998717079,0.00216507383436632,0.00402225815647795,0.00166528451445278,0.00403122826183468,0.00130764827125216,0.00212347608970861,0.00112782158109136,0.00213323359641379,0.00109216748825466,0.00162632491515275,0.00397232362215169
"TT0058",0.00148388711328782,0.00194832906390632,0.00326776536074418,0.00105869732402059,0.00191938147702468,0.00114920123045573,0.00328575071759668,0.00167446615591793,0.00402061616501184,0.00194797349754684,0.00380986299470582,0.00158334902808664,0.00147151268129676,0.00157752824970299,0.00143420972753369,0.00136350604626057,0.00159628167217962,0.00223573963296516,0.0030060947034899,0.00206505007544289,0.0020282673970805,0.00206889188732314,0.00101978150840021,0.00267041462403644,0.00245722081214497,0.00360802946629256,0.0040644228651963,0.0038318688514169,0.00218485702486118,0.00155540659863399,0.00108793510547916,0.00350042518408463,0.00151923836752941,0.00145647928339215,0.001395143886644,0.00198144361690962,0.00352742042243943,0.00325566807270578,0.00325936848776003,0.00330117305029633,0.00269839571755568,0.00197071138886327,0.00315348263290986,0.00198935672981332,0.00105961500425759,0.00201713979020287,0.00323154638096142,0.00252105992367279,0.00126939799923551,0.00158024231938091,0.00225589166038022,0.00200934930432374,0.00197786785665587,0.0037819608705541,0.00195730257767459,0.00238961907297768,0.00107371441584138,0.00312990474144169,0.00412031395150027,0.00202823724866822,0.00107385890641767,0.00216594748584458,0.00209685877248991,0.00132294852529073,0.00141798155339261,0.00317195946426673,0.00212526648727152,0.00110513542986706,0.0010400218226134,0.00175570692767335,0.0027230125003891,0.00215242356380319,0.00220573459909925,0.00108337252990422,0.00156830007312146,0.00298167965235671,0.0015284842946336,0.00839687198741088,0.00267739103597727,0.00368042770851553,0.00154212108842389,0.00197249594524763,0.00155117102250885,0.0015249474173243,0.00393928209784862,0.00200549172872884,0.00313851563736198,0.00273527658995023,0.00260782623935648,0.00358180548813218,0.00412590852684311,0.00317691295361792,0.00331550061862597,0.00146653432981552,0.00142588887242813,0.00201519545909645,0.0016543675922901,0.00202546077424563,0.00248016025445132,0.00215939858503042,0.00260383053883725,0.00192207112987488,0.00151573987586629,0.00127943335514375,0.00190524787780159,0.00223722023912441,0.00302879291548328,0.00206651698597708,0.00160519968101624,0.00324723393595528,0.00406188983995558,0.00418327353599372,0.00232711403750595,0.00106172112635439,0.00198538273128505,0.00146313473954388,0.00140241647533056,0.00142211728455856,0.00146934557227905,0.0015081554173699,0.00146913140905681,0.00355076615686955,0.00193980282555756,0.00147316798083551,0.00161217968541719,0.00206351878456105,0.00400559606584,0.00413749610195122,0.0014171881852108,0.00342852723347059,0.00167750098409759,0.0020669710486234,0.00202444046936344,0.00161996670845296,0.00200328017925809,0.00200040339192718,0.5,0.00239992545646278,0.00279962397108773,0.00311780133576775,0.00258551867177681,0.00191287915517696,0.00201878776990354,0.00196235614632445,0.00342464369096795,0.00144458920120624,0.00200179160112292,0.00170596948928614,0.0019810991151705,0.00102326777187275,0.00156897300522524,0.00204054535861733,0.00198420625789117,0.00208834913553706,0.00260507940113133,0.00131595992088555,0.00217477868805973,0.00380855190271682,0.00314451514276738,0.00329229394517215,0.00283591668338521,0.00342515173624734,0.00158715418745081,0.00323848075835608,0.00273721739652875,0.00395341654071969,0.00146491113328143,0.00137581114631177,0.00219200046693431,0.00152901374410382,0.00199517142794426,0.00210690544873868,0.00146820856272943,0.00124721123096348,0.00361463620175752,0.00200403222159534,0.00264458423890685,0.00220619592991494,0.00193698423378993,0.00309241703523821,0.00351472941795316,0.00346649702090567,0.00409266251433188,0.00202369980398285,0.00339697995400055,0.00362379166315611,0.00158963621215116,0.0042119621604451,0.00126459609827434,0.00152214024496328,0.00316216208813606,0.00201104052174587,0.00207287681713571,0.00200033720282327,0.00232440468361253,0.00344198537791443,0.00402978681730771,0.00230975623957834,0.00292650923733582,0.00220085336358932,0.00199323937710479,0.0028708957083014,0.00241342922735532,0.00349144776776872,0.0019424342873445,0.00263527728463555,0.00402262747139631,0.00200537165214707,0.00293444563954686,0.00202241329979525,0.00165342245415296,0.00351885422649458,0.0033477218582934,0.00396827771727021,0.00123145171042126,0.00177657893314856,0.00197446579100497
"DU0043",0.00122049771426538,0.00105526805182419,0.00320480903794179,0.00156400593940197,0.00398359545368457,0.00323788780466171,0.00308309572266376,0.000955023962909044,0.00223890562346483,0.00104665251924306,0.00251814182623037,0.00132744497171716,0.00140255696035672,0.00110503580229457,0.00167885467628364,0.00233069800681181,0.00130042418326785,0.00095333881709601,0.00294264229154776,0.000964839936464163,0.00108600635469366,0.000967346793557302,0.00273707394322105,0.00245505561576251,0.00315514688035569,0.00297610613966633,0.00237148901708286,0.00258966178415938,0.000916894558442625,0.00112313840155414,0.00156104595750106,0.00258423322528909,0.00137320859767408,0.0015083292930039,0.00291053741909023,0.00132282027932686,0.00268052992969537,0.00301303694506769,0.00320757085768038,0.00309662550467923,0.00258779740584022,0.00105978263373734,0.00310720738372676,0.000936064038422375,0.00252987728359263,0.00108253846305009,0.00317692715412226,0.00219090242126292,0.00179701050720051,0.00105797826438056,0.00200251285273261,0.0010792396487155,0.00106502759498548,0.00277271402782325,0.00106358683614571,0.00447274834829547,0.00532402679791365,0.00513921080103009,0.00260142111500715,0.00108600625387804,0.00229187868394935,0.00148005033867278,0.00137623798474087,0.00328532512414439,0.00240299907056706,0.00311615088496292,0.00209045688629523,0.001642943215131,0.00238316582723825,0.00171256012052042,0.00288178225378889,0.0039345216448887,0.00146243204617052,0.00265748677015633,0.00129992936933733,0.00453023194784574,0.00138018037796988,0.00157904531077666,0.00350568654630608,0.00377632294050675,0.00112627048264222,0.00110494918972464,0.0011078213207243,0.001439983437675,0.00262907277244308,0.00107725556620116,0.00309160982812368,0.00408657554079006,0.00237485172018698,0.00380076681297689,0.00245372645235735,0.00422758579651798,0.0078082536943746,0.00167046230075069,0.00208658564136052,0.00108133352864863,0.00152193691068203,0.00108541498314749,0.00208640783133748,0.00153647112280477,0.00232070146833969,0.00104403432234001,0.00137778091620841,0.00260617770104363,0.00104193584292066,0.00152568549867441,0.00298019369056559,0.00268198212899186,0.00338011500860658,0.00302119023275774,0.00240415042782592,0.00407684596384164,0.00466024479513247,0.00163187766537785,0.00109337599777243,0.00152070017962465,0.00220652048089733,0.00211424423739448,0.00117976158334124,0.00138004904827015,0.0013881413484652,0.00298271091202136,0.00104488963703004,0.00144341964277972,0.00121212050556801,0.00490881168411949,0.00239242283278646,0.00258017708295947,0.00158343671123825,0.0032344733228995,0.00282254327990804,0.00434714852242692,0.00108484259519561,0.00370296568328002,0.00107648849655815,0.00107491149507474,0.00239992545646278,0.5,0.00443596870418072,0.00307432836010578,0.00479589911638473,0.00104330054873825,0.00108306840960998,0.00105893666375366,0.00306789439381743,0.00150125955003766,0.00148018881117776,0.00187041990154688,0.00106800444635577,0.00295171620837168,0.00101985750875577,0.00462780026277312,0.00106879850519616,0.00391950220573422,0.00237768986404149,0.0039888244523678,0.000917506985326805,0.00265940960683604,0.0023598406481562,0.00315752371991418,0.00445498928240299,0.00492158671035618,0.00330404932981148,0.00319781045592621,0.00434622413438689,0.0021702647798807,0.00147110435781434,0.00305698981215434,0.00168594634072138,0.00140308243379821,0.00198779342204383,0.0013471981793479,0.00510522870436739,0.00228365358345429,0.00261164022060076,0.00107673836000176,0.00517735811456534,0.00172055020494051,0.00104976264059399,0.00290373223710703,0.00287309198203389,0.00285550960808308,0.00257304137055196,0.0010845870472337,0.00313504462287093,0.00269783465156358,0.00205015668056848,0.00243110051085937,0.00281939316477169,0.00136410923906869,0.00312119760238338,0.0010794590740303,0.000923151812095093,0.000942271782275582,0.00191479762707404,0.00293436425260587,0.0025357389387848,0.00318061469799981,0.00285735971229092,0.000918367138579662,0.00107168927918755,0.00279414955801214,0.00392250176932778,0.003054599490162,0.00104883867993518,0.00238603145856427,0.00223922796398803,0.00107846305492176,0.00326706533597741,0.00108486600746807,0.00122367953215284,0.00304447096366097,0.00306555460923795,0.00271666159314528,0.0030470089212907,0.00183968921127959,0.00106524128168226
"DU0042",0.0017457686709745,0.00111053605811598,0.00331396008354293,0.00224688045906188,0.0031496268015683,0.001378886860859,0.00366065289680152,0.00112486935316433,0.00232604821760782,0.00142312429511068,0.00260762518390998,0.00153344615579289,0.00165251399722282,0.00158039802008926,0.00169123451260222,0.00268665475686762,0.00152246311862547,0.00104083158190106,0.00308681738944135,0.00108716980561374,0.00114047065551734,0.00108852292311613,0.00169435270419151,0.00257060993867373,0.00340107157038296,0.00319926187517847,0.0024537523699153,0.00267871124702727,0.00100207618606283,0.00158570081700823,0.00166251399323693,0.00287599660521176,0.00164659098037873,0.00168223348410702,0.00226153815349013,0.00152123059006001,0.00292523211781934,0.00316723982688248,0.0033655637137259,0.00366946532708288,0.00271239186506084,0.0011146597436731,0.00326177575113448,0.00106031443486414,0.00166778231762835,0.00113690546310115,0.0033334905346471,0.00229247921034917,0.00205803315856501,0.00111739643680905,0.00185495513565476,0.00113381453074238,0.00112024813434875,0.00286159438085301,0.0011172561941333,0.00419198397996927,0.00159880570676996,0.00423821299333003,0.00268199984486943,0.0011404700622304,0.00257763949366408,0.00152147648522161,0.00142050615879363,0.00244147827866061,0.0017487088061112,0.00326983080516514,0.00254272262770295,0.00236207053364169,0.00161883694752751,0.00194451005444353,0.00294527696507566,0.00332392825197037,0.00150073762160114,0.00240633848169139,0.00154856167507457,0.00381485677551295,0.00158389582002236,0.0020357723897231,0.00382818212933274,0.00326002306418493,0.00159577955755445,0.00156670716089682,0.00156268187164544,0.00160950288077455,0.00270902900837867,0.0011317784962075,0.00324487628347011,0.00374243283093407,0.0024873422674036,0.00343057031906181,0.00253430951515914,0.00345541782977817,0.0029707786234955,0.00205876192679551,0.00172189125524751,0.00113597191358772,0.00203838559202879,0.00113996144473517,0.00218072725971133,0.00158354103797778,0.00242947799401506,0.00109700990915697,0.00164514850685309,0.00267071345888033,0.00110478461965589,0.0015679163606543,0.00312847665115644,0.00284258688984438,0.00272849443081069,0.00315871188705095,0.00248398113374105,0.00293233791442351,0.00387713816080855,0.00172613211255702,0.00153858720776793,0.00165069748007005,0.00237987772588486,0.00170549788848493,0.00226666936941819,0.00164871650599462,0.00164082716554213,0.0032344782760255,0.00143535782944707,0.00166161696528099,0.00147480529619728,0.00382552781733302,0.0024691367271365,0.00266091114502964,0.001751001966146,0.0035266751978651,0.00303372119262177,0.00414683857996367,0.00113933027857233,0.00345674803257254,0.00113118294478301,0.00112950687659368,0.00279962397108773,0.00443596870418072,0.5,0.00322740686015566,0.00406412716811264,0.00109587233284971,0.00113763486437516,0.00111428738646126,0.00317252290973131,0.00225879980270856,0.00140969168866288,0.00205478940558133,0.00112339405142252,0.00166490179267112,0.00155879598994987,0.00397894967813288,0.00112407741193049,0.0034320116889359,0.00249040472267555,0.00173721805365682,0.00101018924165033,0.00316815201153485,0.00293630974202829,0.00342080292558919,0.00432135101145561,0.00404968691325378,0.00343290638633714,0.00335593986929935,0.00404111592317167,0.00225997981872211,0.00165818865191521,0.00233809493176517,0.00189369880778763,0.00158348973677449,0.0024400988977301,0.00172599051190865,0.00200307302236717,0.00224287848662832,0.00286099474470412,0.00113134159374246,0.00431428218887524,0.00178586175847936,0.00110090235737404,0.00336151103734676,0.00296672535786791,0.0029498191593844,0.00267808749353739,0.00113912365409153,0.0032422015285771,0.00278079496136593,0.00215077119479987,0.00250987981103633,0.00234674457970477,0.00161361083231411,0.00327652875986215,0.00113388637637246,0.00104567879441769,0.00106292658842497,0.00200078333800779,0.00302877193635683,0.00261558787192633,0.00339621935581617,0.00299505190113211,0.00100615007677586,0.00112627102273392,0.00292770436054079,0.00464542978536651,0.0033232960963707,0.00110423218044504,0.00249824338794603,0.00232659560414216,0.00113351356334678,0.00339817193204889,0.0011394031782042,0.00151689491194948,0.0031457411393062,0.00320706582698347,0.00280184557389663,0.00199712540978011,0.00165248666348889,0.00112042045583594
"DU0041",0.00109861507552412,0.00203750202293368,0.00396744200734758,0.00107619754394318,0.00297883640321811,0.00108238488908258,0.00225200879641147,0.00169998601920501,0.00310061338390578,0.00197609763815147,0.00248413694290658,0.00160291741832424,0.00108295179375995,0.00159163593465254,0.00104164666378615,0.000997391010432346,0.00201059258530265,0.00237017908058305,0.0041044724219214,0.0021603981264969,0.00212358615602867,0.00216565766410692,0.00108048920122228,0.00363505805646505,0.00347087133054333,0.00283342808291078,0.00315898463834743,0.00289673283453911,0.00232121283502828,0.00155573124419478,0.00105721266880101,0.00204873834649464,0.00150759110685335,0.00106922082511354,0.00105099829889641,0.00159160029968387,0.0020850093487174,0.0022552130213328,0.00411841154547776,0.00227073891318699,0.00367944584888372,0.0020571364600521,0.00419572221122737,0.00204843972466495,0.00109625551128115,0.00211166224215022,0.00417136206551377,0.00335237174646724,0.001418453617408,0.00161558791091747,0.00236307756530552,0.00210466693711117,0.00207243870493589,0.00355397636222269,0.00205101217727822,0.00351028777739918,0.00105621105835679,0.00271291709469734,0.00339942052200827,0.00212356208263512,0.00107598033733268,0.00249367829680343,0.00234831468142266,0.00198312977518411,0.00104200627505227,0.00423767724640482,0.00235248175856832,0.0011050061438788,0.00109540142784933,0.00197996423929973,0.00237712330380058,0.00272806167099429,0.00250896234312419,0.00106841421868309,0.00119529791153066,0.00283583135849327,0.00152026411460764,0.00244647736178508,0.00363864115369477,0.00228938505659656,0.0015379285721699,0.00159276676193136,0.00156408828299012,0.00152072006198894,0.00339128006870773,0.00209955696595062,0.00421169406549401,0.00279772083219972,0.00353638057335446,0.00244347415275999,0.00324648045328703,0.00230801597057381,0.00236424434236154,0.00139461117027064,0.00104199741322482,0.00210946788591349,0.00143966081096745,0.00211980298549877,0.00324918728325224,0.00270156983387254,0.00350185050339563,0.0019778492667775,0.00150393432256544,0.00156122136275516,0.0015842245890848,0.00258784707470452,0.00411446374167784,0.002827136965426,0.00150970532092531,0.00274089869072993,0.00317705999367679,0.0014345848726388,0.0031913838802507,0.0010674332436564,0.00160499178493663,0.00107206750825242,0.00104309624382062,0.00103549112190286,0.00107981653250304,0.00149772643206938,0.00108115955523309,0.00287978838465773,0.00198863629617061,0.00145638959516809,0.00161749980339062,0.00262264772764585,0.00321241850924713,0.00337671743338034,0.00106160977967512,0.0026328923005258,0.00252432408178408,0.00314564914387991,0.00211930511988304,0.00242754375003894,0.00209793239517751,0.0020941926402059,0.00311780133576775,0.00307432836010578,0.00322740686015566,0.5,0.00311086721719364,0.00197876245783784,0.00211334451101503,0.0020531686420566,0.00384573844144771,0.00105536165140425,0.00214751896282555,0.00157673600338858,0.00208266807047929,0.00108890142413559,0.00118824395043505,0.00308862162369901,0.0020845582880117,0.00288344909060769,0.00353544262821971,0.00105256537728281,0.00230472203032092,0.00250553283291923,0.00183907321538224,0.00303602368090381,0.00280308227557835,0.00253049173290501,0.00240068108600569,0.00402096311721558,0.00310317760132176,0.00304062102627628,0.0014522884110953,0.00104388170452332,0.00201303540705522,0.00152006017643112,0.00303801127223394,0.0023518880523935,0.00147851936040916,0.00110212068242916,0.00250138221726448,0.00209913224455675,0.00280046590982929,0.00279032297085573,0.00200230793838833,0.00357554155499301,0.00363131199301398,0.00355590414136249,0.00339977133772773,0.00211791679610311,0.00391962757520055,0.00339738339094051,0.00146188982715009,0.00318744377109923,0.00139587719559885,0.00114471932794452,0.00416319401992073,0.00210545698270645,0.00218127792633235,0.00207044593156071,0.00298789161522434,0.00365399402079637,0.00328154815245062,0.00291202636912249,0.0040076481646401,0.00233376056924623,0.00208722219637368,0.0039490680955384,0.00313658268142145,0.00254964817772832,0.00200033426648348,0.00356679433081472,0.00310364612735503,0.00210663726162627,0.0031907382071347,0.00211701730716123,0.00166189756971088,0.00383552442628037,0.00234700794142519,0.00352004687657961,0.00148155112319743,0.00166057976327322,0.00207486193034659
"DU0040",0.00125909652869936,0.0010882657439142,0.00320064571766286,0.00131317971065693,0.00449014110407442,0.00262506882133137,0.00365302400612683,0.00101194553618466,0.00227503025315065,0.00107683627900684,0.0025390607052086,0.00145952846375215,0.00154458227358575,0.00143303075523658,0.00151841157742562,0.00187494497265266,0.00111895992029057,0.00100683140698262,0.00297426296416408,0.00100460690477289,0.00112766978648956,0.00100856063430182,0.00410721381793396,0.00246843379852632,0.00290061966977273,0.00314373195044982,0.0023979318315017,0.00282558798688008,0.000968702103468192,0.00143141698660724,0.00246114724976619,0.00276071680727179,0.00146435821248238,0.00156271032823263,0.00168180096276015,0.00138399592091592,0.0028030504452672,0.00311182050766365,0.00324939131355005,0.00322296766800301,0.00260656943341952,0.00110056415338408,0.0031430441142897,0.000977561797517339,0.00309895459425594,0.0011237128391716,0.00321790908508056,0.00219835819942923,0.00181462706988268,0.00109726697936133,0.00160582292174654,0.00112048038636747,0.00110483333584424,0.00278743699313869,0.00109312220483986,0.00479025407491515,0.00242886642822484,0.00359530371880043,0.0026175508165979,0.0011276702575106,0.0042406603625136,0.00146681812920682,0.00135398420518624,0.00334645988653899,0.00157810716525503,0.00315529836299523,0.00271444794734744,0.0017388498261905,0.00260664612576091,0.00146281083272953,0.00335604300792911,0.00279483205187004,0.00144495627184942,0.00161997007144168,0.0010646200971353,0.00364037503738551,0.0014536249417225,0.00580059030275224,0.00359932725185133,0.00317826171388931,0.00145412814304904,0.00145477004254905,0.00139149399450509,0.00117233250235495,0.00263398862095166,0.00111858120722357,0.00312856677428032,0.00407061845044773,0.00238704195516477,0.00326689001552132,0.00247632891773128,0.00397738336805853,0.00309857307605939,0.0017038381796851,0.00163438033387586,0.0011229048567808,0.00150688970943245,0.00112708659907197,0.00209104607345616,0.00152102743716108,0.00233119029997285,0.001078144876238,0.00146592484463503,0.0028058255235326,0.00130970073186989,0.00151290056857136,0.00301324996101546,0.00234137073767994,0.00199750114669053,0.00335291255619512,0.00242005883706944,0.0089606470341947,0.00472374124614809,0.00174828176507523,0.00141913835517387,0.00145907241387482,0.00167480952802266,0.00166813411583475,0.00122279518088768,0.00147575215561022,0.00158858536613059,0.00308023216378777,0.00108789683257333,0.00153567768910118,0.00137615406464383,0.00307719595231158,0.00240603750239247,0.00259505083346901,0.00173174836355775,0.00298480901854592,0.00293653422507776,0.00450343098943462,0.00112646099431837,0.0041835920732716,0.00111770213162051,0.00111610560572246,0.00258551867177681,0.00479589911638473,0.00406412716811264,0.00311086721719364,0.5,0.0010779321591111,0.00112457340518246,0.00109836408531374,0.00307652067483041,0.00157383317110299,0.00152237866126479,0.00197856172723671,0.00110575308828456,0.00265174072984626,0.00108040623807647,0.00443221455024036,0.00110648159236885,0.00428209391584737,0.00239002368602831,0.00202292555332006,0.000971668265447778,0.00267320502617218,0.00270802181407567,0.00340707050967494,0.00451395700707983,0.0033358603707973,0.00265007287800228,0.00323986174004918,0.00387837135582662,0.00220987337337733,0.00145475075891236,0.00164189446901026,0.00143151296083595,0.00143583231314425,0.00198530791533193,0.00133036291363008,0.00253557771750402,0.0020417783148261,0.00271245437528299,0.00111792571820558,0.00477846864448573,0.00155720381916359,0.00107781705787501,0.00291440869076453,0.00288580651598022,0.00285974991777786,0.00291530367825219,0.00112617375415167,0.00314387218968892,0.00294970156886588,0.00211469235675119,0.00258936276073304,0.00293674726543911,0.00145048523922139,0.00315749939289054,0.00112076848298027,0.00097955065519844,0.000982941983133009,0.00190864767896995,0.00317288472219983,0.00255170444819125,0.00313633073315299,0.00288411145269979,0.000972453109232787,0.00111278137354541,0.00281704133368857,0.00404433138638198,0.00311820838600179,0.00134893898401028,0.0023981541598075,0.00227555640648587,0.00111642837320797,0.00327850500065739,0.00112636619578943,0.00138051975993709,0.00305577591382945,0.00316578968051762,0.00273238736319703,0.00321137927301872,0.00194755777133072,0.00110279333938608
"DU0047",0.0035135070008225,0.00380427700782972,0.0019890803404458,0.0033961342075711,0.0011182227875197,0.00288319382045868,0.00139566287375865,0.00168479848721966,0.00204218351570358,0.00374879135880983,0.00161844717476801,0.003841993166462,0.00343347292627572,0.0034893588333642,0.00303398065958602,0.00144928429270489,0.00346267865304272,0.00221075052183311,0.00199806774868156,0.00205622591723223,0.00389191433508564,0.00206380399563066,0.00290554688099501,0.00201073483383645,0.00158657262738598,0.00153009547670484,0.00198148657163778,0.00190216463333432,0.0021684380510971,0.00347735429364988,0.00350033570452674,0.0015386884476961,0.00344433993768236,0.00339477701143572,0.00305527767818704,0.00346504872931041,0.0015232865512193,0.00142925868284227,0.00200028542409757,0.00139813104611828,0.00194728730479334,0.00381590030269513,0.00198934564107028,0.00198422491243134,0.00310687910393737,0.00387107195319212,0.00200361664341604,0.00200605454427728,0.00154900914972155,0.0037763331094768,0.00161905365698339,0.00386431501308928,0.00382856050788346,0.00198369544189485,0.00381338139774278,0.00140816198287829,0.00294708265504701,0.00136827068125704,0.00199905935797557,0.00389190767068317,0.00310344415834247,0.00197259646852788,0.00197661036741574,0.00104996993305794,0.00338687167075017,0.00200264632478088,0.0014613676093394,0.00353226328343741,0.00298614806346882,0.00160577247714519,0.00143151217489078,0.00109809004209604,0.00202812426597217,0.00297191559539613,0.00160226770114963,0.00143046758214666,0.00345559656856377,0.00162719379317448,0.00152292422641368,0.00144572906477236,0.00348493076506089,0.0034815245407987,0.0034781967593316,0.00345306343192584,0.00198135289948928,0.00385635141041359,0.00198731552411057,0.00106798471446657,0.00198870484561661,0.00110860156487642,0.00198361786979831,0.00108273058821964,0.00106215036653133,0.00154318038563191,0.00336861994643932,0.00387097260163235,0.00152825501468126,0.00388373359509141,0.00201672054732347,0.00196875125678608,0.00201845885025775,0.00375143127945937,0.00344402908745175,0.00133400661171929,0.00373898078745921,0.00202565772591264,0.00197251876642271,0.00152738141110079,0.00109097254480857,0.00152482525643033,0.00198451709959108,0.00105974636618783,0.00112308010715673,0.00340867588430772,0.00386904075357402,0.00341697341717493,0.00341041690204193,0.00337660566755007,0.00346791283832181,0.0034605913537828,0.0034274290480741,0.00154744693143438,0.00376548889182863,0.00341476351541374,0.00161270386886406,0.00106931602103246,0.00203084936646117,0.0019961688066046,0.0033911023657732,0.00112476121206516,0.00146444947650628,0.00108120002934585,0.00388376908520297,0.00133432962723935,0.00385534653260747,0.00385167307949176,0.00191287915517696,0.00104330054873825,0.00109587233284971,0.00197876245783784,0.0010779321591111,0.5,0.00387461417033047,0.00380339722274982,0.00198641124221686,0.00341493398805489,0.00193393670973715,0.00151983278608206,0.00383742678864911,0.00289169504767032,0.00159290083425959,0.00113170495287267,0.00384254415147597,0.00126248393740665,0.00198436206439797,0.00304685809052536,0.00215521654779078,0.00158033535704509,0.00156099552698665,0.0015257684180811,0.00106727996125334,0.00108295306401901,0.00109427063603387,0.00197495147540645,0.00145114337462571,0.00204683178614815,0.0034414990060766,0.00306537386719331,0.00163606991566505,0.00344337380983961,0.00192480307515874,0.00199579718478557,0.00107747806603531,0.00302677156951491,0.00157416121072434,0.00385784215622438,0.00104181203587591,0.00196982989904175,0.0037660056792994,0.00155783045394353,0.00195824473812144,0.0019326792723731,0.0019833423562927,0.00388098791124185,0.00199305013660263,0.00193458073947149,0.00142983533914061,0.00194864743072693,0.00113568872428681,0.00344631009602253,0.00198721075821699,0.00386753294871219,0.00207567757692402,0.00200633917023805,0.00195561155264472,0.00196028377596544,0.00194413590236468,0.00150098723155777,0.00198313955129012,0.00217883880368347,0.00384224792161075,0.00198652177079185,0.00141938182341969,0.00151507798236147,0.00376801962585451,0.00201343691952479,0.00204673868251472,0.0038737395354378,0.00200148230239623,0.0038791810136743,0.00164756374411047,0.00200432468659669,0.00146794391508474,0.00201355254555486,0.00122128529114579,0.0015823175902397,0.00382478880155668
"DU0046",0.00322321141375455,0.00395621402918996,0.00210363629811697,0.00312994924658231,0.00103467166690988,0.00295805025735365,0.00110922877298206,0.00174331107057947,0.00218093122473853,0.00388145233430958,0.00209657002263386,0.00316588803759558,0.00314110429327892,0.00319448327632805,0.00311414974394928,0.00107619333241944,0.00357721356860325,0.00238341940965241,0.00213890106382056,0.00218414640979558,0.00407187147246812,0.00219221391900547,0.00292138527673504,0.00214976761969081,0.00125541432167836,0.00119843896977411,0.00210110313469878,0.00198182796412626,0.00233515315549299,0.00318525300929377,0.00336692100782346,0.00119564833871106,0.00315597837427155,0.00310907040353882,0.00312842134909474,0.0031757331648026,0.00118880997283193,0.00111663800227007,0.00214156366663162,0.00111775651035505,0.00204018650083341,0.00397986318190276,0.00212257463619117,0.00207288865334598,0.00303249361917241,0.00404992456153954,0.00214515517369069,0.00214084661597342,0.00118805758002069,0.00391372910370789,0.0012778470153875,0.00404299504217654,0.00399812414531501,0.00212151147434179,0.00396791136148509,0.0011467471520607,0.00302467868319191,0.00112061410166659,0.0021409574677802,0.00407186429732985,0.00318354441818,0.00209307982630538,0.00205985380628238,0.00100955413477263,0.00312340926796322,0.00214411431579969,0.00114184616636804,0.00328331958813552,0.00296152401512443,0.00126201807122009,0.00114292098807416,0.001134645874949,0.00215922744328699,0.00305196310829576,0.0012777392057721,0.00113326213941577,0.00315775262189093,0.00212901603418602,0.0011941649611731,0.00114059166899547,0.00318839292344768,0.00318910828863621,0.00358638242933411,0.00316555021251751,0.00209425994957933,0.00403380480170744,0.00212157324688088,0.00110972058304211,0.00212330471738397,0.00114789481710828,0.00211879160130102,0.00106364801950204,0.00110547852195672,0.00113159167641985,0.00308830480982859,0.0040499788903246,0.00117276987340923,0.00406350765950506,0.00215399373847544,0.0020439889027887,0.00215738861887053,0.00387372295510493,0.00315654484763433,0.00108380639604227,0.00384612595516221,0.0021579414287609,0.00210543401763468,0.00119340735312875,0.00111814092353115,0.00118825501205616,0.00209659230595368,0.00112397838956428,0.00107378495544953,0.00312826687012264,0.00319079979898186,0.00312806637967212,0.00315338895992451,0.00309525692965724,0.00318001748219761,0.00317168581940232,0.00312922773727932,0.00121996713360374,0.0038988750546384,0.00312753064238879,0.00127173238916474,0.0011051792549678,0.00216280152525091,0.00213394246531453,0.00310207348393646,0.00117023543196012,0.00112859379699484,0.00102973134163892,0.00406353940688793,0.00108759433982843,0.00403338622065656,0.0040263708861438,0.00201878776990354,0.00108306840960998,0.00113763486437516,0.00211334451101503,0.00112457340518246,0.00387461417033047,0.5,0.0039693009417569,0.00212314324211004,0.00313142139712538,0.00203059670830461,0.00116769979361824,0.00401054927817594,0.00296764294853503,0.00125124472456621,0.00109594860825703,0.00401670819045719,0.00106969599755465,0.00211767934882907,0.00312385946049506,0.00232147829174594,0.0016536113532167,0.00122112997857827,0.00121134358926962,0.0011053801711906,0.00112338500215349,0.0011348473153594,0.0021085382742478,0.00113778353874743,0.00218793164295254,0.00315273340544016,0.00314105259430776,0.00170294229715225,0.00315029322314309,0.00202229471785037,0.00210673724727712,0.00110536695216733,0.00310550603576481,0.00123782215456114,0.00403610579826108,0.00108169024843381,0.0020860655725954,0.00390690815848636,0.00201335740320958,0.00208926264397826,0.00201493279294018,0.00215343564557226,0.00406069960971377,0.00213371982744174,0.00201538004669926,0.00109735056436191,0.00206690952784782,0.00118708758088548,0.00314635950647271,0.00212442033276985,0.00404499783102478,0.00220826611308595,0.00209966887208241,0.00205292072483199,0.00204677879726132,0.00205893711666748,0.00117104177544388,0.00211892626538692,0.00234970233724501,0.00401885210909897,0.00212250904281033,0.00111668226679174,0.00118324231820923,0.00390559999363792,0.00215239544671959,0.00218889522535993,0.00404939975841063,0.00167923810801246,0.00405870932784213,0.00131894097577219,0.00214638434047279,0.00113645331172046,0.00215637717353461,0.00109396995690999,0.00123205892227059,0.00399619949437331
"DU0045",0.00318106847106646,0.00388699650120909,0.00204844165237965,0.00308855804982627,0.00101029027883236,0.0029182057667557,0.0010820464167871,0.00172964910535169,0.00211272050977677,0.00381091201633006,0.00165158595723329,0.00350374197055165,0.00309929413918906,0.00353803285396538,0.00307331219061262,0.00112294850041658,0.0039032928433407,0.00230501850703992,0.0020703007707323,0.00213926607494704,0.00398683334499673,0.00214713687971373,0.00288250440727296,0.00208201439433218,0.00161603912088982,0.00154721416245559,0.00204002482535831,0.0019277388536471,0.00226459124170026,0.00352924225757612,0.003324943797082,0.00116775162641226,0.00349497976772496,0.00306767452508001,0.00308795646775481,0.00351668401851234,0.00116114090740416,0.00109190371107202,0.00207235413579509,0.00109251703670674,0.00198810196729049,0.00390473347552797,0.00206319689484121,0.0020426872668086,0.00299283571815195,0.00396567402502509,0.00207569486821988,0.00207620537379371,0.00116797598580974,0.00384075302835306,0.00164779075830722,0.003958727969638,0.00392490347121528,0.00205610027754784,0.00389780351901277,0.00112046930237573,0.00298424389603754,0.00109526670728406,0.00207113973511147,0.00398682640580751,0.00314202993535332,0.00203790606715175,0.00200918759093818,0.000988071121311131,0.00308282682433936,0.00207490059402799,0.00111921017592396,0.00324022372095248,0.00292194999395021,0.00163193615103992,0.00111588853099144,0.00111124334991657,0.00209650990738556,0.00301271469342243,0.00163564943790599,0.00110789038200633,0.00349718167800883,0.00207111863742715,0.00153927491686483,0.00111366810249598,0.00353052773398103,0.00353340629239619,0.00352991177557571,0.00350407585980942,0.00203882846194608,0.003950752176449,0.00206136862873713,0.00108466656913602,0.00205920599006967,0.00112128886224251,0.00205445890728509,0.00103779589664097,0.00107858182436079,0.00151224006975214,0.00305005387653929,0.00396529617215652,0.00115340319066211,0.00397859665876171,0.00208725886607579,0.00199349682868733,0.00208954458023174,0.00380325962637787,0.00349442884411155,0.0010658494514884,0.00377927921959732,0.00209497451275247,0.00204636657461041,0.00116830556971234,0.00110264755479849,0.00154250287872307,0.00203994553125167,0.00110067538047945,0.00104901958589777,0.00308741393860933,0.00353380824074717,0.00345733437073706,0.00311471676527887,0.00305475041849443,0.00351504097955228,0.00351040872539242,0.00346552809905625,0.0015697414323836,0.00383073987694413,0.00345732806155251,0.00164629369530723,0.00108164691934854,0.00210256331323903,0.00207040879681726,0.00306375771609571,0.00114337259159111,0.00110514338425153,0.0010057150884042,0.00397860746615393,0.00106458274093063,0.00394953806598473,0.00394581237267445,0.00196235614632445,0.00105893666375366,0.00111428738646126,0.0020531686420566,0.00109836408531374,0.00380339722274982,0.0039693009417569,0.5,0.00206118826439911,0.00309022456327053,0.00197636350543342,0.00153290515608827,0.00393377293524286,0.00292855365016935,0.00163093628015872,0.0010713857795133,0.00393900321818052,0.00104651532380056,0.00205465414844526,0.00308417201948183,0.00224814186847305,0.00161050002947712,0.00119278492615682,0.00155646533542973,0.00108000872143519,0.00109785343898347,0.00113507719462072,0.00204599387868823,0.00111239839438962,0.00211733662426837,0.00348406713167083,0.00310037159031689,0.00166454611285346,0.00348960228588361,0.00196801544543816,0.00205499880146458,0.00108708409906992,0.0030656404379066,0.00159603514579053,0.00395227545451834,0.00105790062410138,0.00203659920575998,0.00383590853712938,0.00195792508508007,0.00203226657434926,0.00196152095170997,0.0020833299954557,0.003975803393396,0.00206521735246312,0.00196061735820701,0.00108227137211658,0.00200651682766016,0.00115825518626702,0.00348848708120404,0.00206125052545924,0.00396189434084517,0.00216026492241086,0.00206974845864853,0.00200208336372042,0.00199053433568652,0.00199655691349128,0.00114576047795464,0.00205547244916472,0.00227294635482309,0.00393621289574118,0.00206111084287707,0.00109321128663418,0.00153385829747896,0.00383625713389608,0.00208449183454756,0.00211735976129993,0.0039702313920959,0.00163611399094341,0.00397389858942409,0.00168326555174891,0.00207712222548255,0.00110706402904664,0.00208644023738445,0.00107649397345064,0.0015997488940316,0.00392110591987933
"DU0044",0.00110773374891672,0.00204685958238082,0.00400283939779946,0.00108101655842512,0.00256350277460352,0.00107473386152704,0.00258846734816004,0.00171010452247224,0.00341366248691626,0.0019792593383837,0.00320221841702038,0.00161118143372544,0.00109421724891381,0.00159881737459506,0.00105131820602289,0.00094423727605733,0.00201936691714584,0.00238004052833343,0.00372952966979479,0.00217448060251916,0.00213283064825755,0.00217999056896334,0.00106913760210185,0.0032805410397251,0.00268365389046873,0.00279898526158447,0.00348187999987362,0.00358127929858698,0.00233031538065315,0.00156168168531227,0.00107237461134272,0.00237202200234703,0.00151472326911348,0.00107983369201692,0.00106235315146363,0.00160098918116462,0.00241050241384855,0.00258753971211391,0.00399850367891395,0.00260842902394938,0.0033115910253446,0.00206454937345746,0.00388574080234696,0.00206137510185362,0.0010905450779676,0.00212147656177477,0.00397002497954233,0.00304326914974564,0.00135366228305164,0.00199790381446003,0.0021656593409196,0.00211366908417913,0.00208076608885227,0.00388452131226166,0.00205935432821799,0.00310726361410938,0.00106800919525326,0.00306071427977102,0.00373253219656977,0.00213281527153193,0.00108217057029455,0.00239250471185808,0.00227399845484816,0.00174548171765769,0.00105309568772223,0.00390699222522863,0.00174563281149062,0.00111372342587418,0.00108329458959564,0.00189208901186464,0.0021109069739664,0.00234899009457873,0.00242269639220697,0.00106098543722244,0.00120784065806205,0.00317149790214673,0.00114448079449467,0.00248068998938768,0.00294468876035342,0.00263854832712776,0.0011552293621073,0.00160045470700025,0.00157135936702499,0.00152735187023491,0.00372044807330951,0.00210902737594757,0.0038708433241669,0.00311398793537818,0.00319200045073639,0.00282198751393728,0.00357443735448026,0.00261043553222013,0.002683113829236,0.00100445703368152,0.00105297646845315,0.00211934857139603,0.00136077721437954,0.00212961909448817,0.00296364759029994,0.00240147448989373,0.00316890238513991,0.00198322390564482,0.00151129810299707,0.0014423934499836,0.00195854648441071,0.00248222236468402,0.00374790271774908,0.00211717066091445,0.00140923799580878,0.00308244513957547,0.00350138303318068,0.00139538758265451,0.00291752869693191,0.00107086479428244,0.00161341607230373,0.00108171839688328,0.00105118561513564,0.00104619026384768,0.00109015359586621,0.00112190893669094,0.0010925619991247,0.00283981998859289,0.00199792589854217,0.00109349200807581,0.00162985893799142,0.00228745297306534,0.00355177267334234,0.00370921670514614,0.00106791261417562,0.00298187456071032,0.00217343280362917,0.00274261925897412,0.00212882892069567,0.00208916203593255,0.00210695369691359,0.00210194207187483,0.00342464369096795,0.00306789439381743,0.00317252290973131,0.00384573844144771,0.00307652067483041,0.00198641124221686,0.00212314324211004,0.00206118826439911,0.5,0.00106598194453229,0.00213674412386743,0.00147010822536871,0.00208774991764785,0.00107623959640637,0.00120149969694661,0.00270403316746251,0.00209146712522559,0.00247706992795013,0.00319009724128946,0.00106400631695288,0.00231508672322698,0.00323271451163561,0.00237510529788683,0.0033616269554435,0.00314855148133328,0.00288528475067035,0.00207217330636427,0.00396602564671483,0.0030199642290416,0.00334623850473119,0.00108395659332754,0.00105661765161061,0.00152367812123545,0.00114378167334555,0.00276684659613564,0.0022880543162137,0.001386206254446,0.00109260874924323,0.00242994189312948,0.00210818532092702,0.0031244597415159,0.00259481770230428,0.00200621857130185,0.00389123642171242,0.00395013029070922,0.00387295443724776,0.00371995144526694,0.0021276842489306,0.00413394670125064,0.00371847083245797,0.00136361601837873,0.00350311392328584,0.00136819986455476,0.00115255708383979,0.00389942977487082,0.00211531433645558,0.00218786604090109,0.00208175426062287,0.00273511850955634,0.00396975008644244,0.00360727899822965,0.00252334174832205,0.00363058226221738,0.00234436062068951,0.00209645859390623,0.00357083129774159,0.00310096605853348,0.00288958857338199,0.00200831854162669,0.0032229776449779,0.00341703817421455,0.00211591623231121,0.0036129808053207,0.00212686599084869,0.00167953717517464,0.00415651237240946,0.00269102976845556,0.00385639442074982,0.00137540921733223,0.00194323346361252,0.00207928536636211
"DU0049",0.00450604982736399,0.00308943661218082,0.00106289940377772,0.00431750739718862,0.00119158766307957,0.00337282935774265,0.00165901032817081,0.00166369757549279,0.00111465060656912,0.00344587619255591,0.00150907956430486,0.00363005380413996,0.00437758521494567,0.00372665362402924,0.00439623186760548,0.00281830001189823,0.00357196928411741,0.00100411424809641,0.00105353995192949,0.00120015303029446,0.00314252362653039,0.00120097627688153,0.00349378824702241,0.0010634288422407,0.001651193016331,0.00172190397987306,0.00108534600253154,0.00144203771126343,0.000973654728658379,0.00378361244283649,0.00404093389015732,0.00236259950550966,0.00431139472896005,0.00438345348273749,0.00390026238316101,0.00366200311674325,0.00234992828451857,0.00215576777910407,0.00105865818128596,0.00168485600917077,0.00141457826761073,0.00309725802501706,0.00105782369445086,0.00151267611389214,0.00349122069591019,0.00312876222417448,0.00105845354285684,0.00106764515538416,0.00241935489780526,0.0034792087005155,0.00162330403100968,0.0031257955733705,0.00310619510820123,0.00107016550993061,0.00309431096014012,0.00162132904721235,0.00357141795250324,0.00165568718705139,0.00108028724679761,0.00314253234507934,0.00395672907329002,0.00109451009207611,0.00147999521122237,0.00114518454371695,0.00439302540428142,0.00105864347276136,0.00221055910255793,0.00398065308412221,0.00329113576600693,0.00165513320936809,0.00220535786569879,0.0022108297653528,0.00112128199123434,0.00429102799618237,0.00231861893932358,0.00217339801900811,0.0037979958392021,0.00162862140802602,0.00220592088910754,0.00227103521085622,0.00426698899698344,0.00371388809183414,0.00374268518763505,0.0042975244605101,0.00144151549699838,0.00312048084415845,0.00105556860050861,0.00136359727429143,0.00105814603632905,0.0016285515583317,0.00108281464357918,0.00149104359780131,0.00136099483888938,0.00275948226571885,0.0044144569017616,0.00312954884100253,0.00235145255114458,0.00313700245259246,0.00107283706245704,0.00144874905558717,0.00106730291747092,0.00342203005080084,0.00432664100443217,0.00157107951062805,0.00343531685178553,0.00110823185807454,0.00105063385727075,0.00170788143177846,0.00175860191724901,0.00216081790279544,0.00109158737652088,0.00190207931844574,0.00130052824349754,0.00434138092756424,0.00367162184379765,0.00436971785168678,0.00449042385979889,0.00439334805824829,0.0045614538093947,0.00434093806262055,0.00433694835208423,0.00216705845770593,0.00344942017319899,0.00437013778778129,0.00172123394112125,0.00161452137279338,0.00110147859435067,0.00108203033988372,0.00436223486096789,0.0022314454362715,0.00214847109347399,0.00118316107591672,0.00313703235649235,0.00152038636125739,0.00312044137948458,0.00311826024038312,0.00144458920120624,0.00150125955003766,0.00225879980270856,0.00105536165140425,0.00157383317110299,0.00341493398805489,0.00313142139712538,0.00309022456327053,0.00106598194453229,0.5,0.00143648374361971,0.00175184091227063,0.00311278838752567,0.00339519997093769,0.00229341805671644,0.00151509834845209,0.00311613468144213,0.00141323897973243,0.00105662086659328,0.00373193072862404,0.000998342606672062,0.00162294252078458,0.00239549544607224,0.00215175636375524,0.00160894968106948,0.00168018964910576,0.00118671793444681,0.00105538376527985,0.00225386382498987,0.00112406974230189,0.00439569068236172,0.00386922321699595,0.00160575258207404,0.00379937774054196,0.00106196838248597,0.00112849555115209,0.00151556717742011,0.00361284351652599,0.00229980401436679,0.00312209124950137,0.0015774421624764,0.00108096507417109,0.00343413070190842,0.00145822165138495,0.00106034280557779,0.00140586759243915,0.00108997858765078,0.00313518404744859,0.00106229188448226,0.00141171257888763,0.00224487210502474,0.00107205451671836,0.00151948198839802,0.00378276084296474,0.00105920299812154,0.00312788097756136,0.00111289225467934,0.00152003391271248,0.00142496357862027,0.00141645761546771,0.00141988532145473,0.00221177206007943,0.00105138890160382,0.000982061773832422,0.00311251031415494,0.00105743463823239,0.00168062386123381,0.0016918744085411,0.00343594257905058,0.00106424497648032,0.00111741031549318,0.00313394344754277,0.00152365442268139,0.00313419971039919,0.00173026253625067,0.00106802486081254,0.00223009921545219,0.00108116801687899,0.00168504854302493,0.00166619833394816,0.00310437401897595
"DU0048",0.00146215442186835,0.00197399163616083,0.00214534251286685,0.00110424591270365,0.00232507102331,0.00167310262277019,0.00155797082395874,0.0016067299792371,0.00213464482089282,0.0019278800717712,0.00168945342001969,0.00158291926175885,0.00148482830057722,0.00154923876061269,0.00140381197984889,0.00101019084402541,0.00200806760308748,0.00219227340426173,0.00219555246232124,0.00202577568388702,0.00204300990886916,0.0020298578882194,0.00159142368968288,0.00226679145879534,0.00173039430308494,0.00163434474310175,0.00208118036762507,0.00202273035144778,0.00214886006431252,0.00152539938494751,0.00160260760770897,0.0015800666779693,0.00148425376014427,0.00145531639524413,0.00104862224068821,0.00198794332326159,0.00156898694409002,0.00147281451981985,0.00217297906377197,0.00154171045139108,0.00214324347709273,0.00198403373364982,0.00216221988791646,0.00194099783414471,0.00172852214028629,0.00202921302236344,0.00218034674023439,0.00227491737529121,0.00188504411470368,0.00194599853473777,0.00186043251872229,0.00202182799678986,0.00199418793945619,0.00212079879168037,0.00198943161759644,0.00150302354429049,0.00115904929782416,0.00119704127915255,0.00212399627527963,0.00204304410790863,0.00129707337401958,0.00224445509317084,0.00225138305978248,0.015695261099388,0.00102858422985587,0.00217912386475217,0.00167991103850432,0.00127585634200701,0.00176964442354727,0.0018754039076699,0.00158133456208282,0.00127370192868546,0.00231896858844293,0.00130945986512452,0.00151150840586395,0.00118558178277139,0.00153084718135284,0.00161253493056738,0.0016349823995434,0.00114563758156986,0.00150841379678347,0.00157919354452405,0.00153372751632717,0.00149481355682362,0.00210366369659816,0.0020168262346798,0.00216066757729311,0.00144378917096317,0.00223949730488436,0.00145224030947113,0.00209194458001022,0.00193939894883442,0.00118707155861151,0.00142147128926304,0.00142798093732103,0.00202710968754687,0.0018062059998053,0.0020377078481632,0.00230198354107644,0.00223156780396429,0.00228499130276088,0.00193420923568283,0.00148091189084183,0.00184607001694962,0.00190576340011461,0.00231822294532828,0.00215146730180333,0.00174275536329737,0.00135408415202528,0.0016444950826332,0.00207845397873952,0.00120080555847165,0.00189571709633344,0.00130611120854472,0.00155634669149256,0.001448087442242,0.00103633647157119,0.00142854986926528,0.00144533849907962,0.0014954820277045,0.00148939880607432,0.00163171915437776,0.00193905650624594,0.00147073559393113,0.00155087683841266,0.00858267415819318,0.00269843062882946,0.0021192503873769,0.00110262546806802,0.00224844984776983,0.0017952708591945,0.00223313218871573,0.00203760428869109,0.00177713834952218,0.00201480565257939,0.00201229756500774,0.00200179160112292,0.00148018881117776,0.00140969168866288,0.00214751896282555,0.00152237866126479,0.00193393670973715,0.00203059670830461,0.00197636350543342,0.00213674412386743,0.00143648374361971,0.5,0.00181105358948119,0.0020003506565107,0.00137126733211131,0.00150673282078988,0.00158850760999914,0.00200362605275365,0.00188012885689885,0.00223415959808637,0.00120516840278803,0.00213486626703215,0.00169658294351953,0.00159600442634523,0.00162023145554692,0.00145808267303866,0.00117554875904259,0.0015992256609485,0.00213366417991034,0.00118908885207917,0.00212599163157138,0.00144298658222349,0.00105239452381091,0.00191937285700427,0.00152151988146545,0.00222283600131969,0.00775897947985174,0.00146915106033333,0.00131723852325465,0.00157883861091747,0.00201641407902026,0.00146323020691124,0.00225526296879667,0.00194934305930899,0.0016737193030645,0.0037219564631198,0.00207595013658043,0.0023245134341243,0.00203585356635746,0.00215098950648386,0.00350464978275026,0.00157864107858805,0.00205371869219434,0.0844739073830762,0.00153708902803529,0.00215495712184225,0.00202422377999738,0.00203166036092014,0.00195772499658231,0.00222227560045972,0.00211140595959279,0.00205785631784977,0.00166300423700253,0.00218016581861403,0.00216216270219245,0.00200499678600756,0.0021904013692883,0.0014345987020513,0.00163429785859429,0.00194741344094285,0.00227438108589191,0.00213750246558152,0.00202825157996509,0.00214611467617111,0.00203434666577215,0.00158098877650035,0.00216134740418496,0.00162493903659041,0.00215199155069831,0.00182297169875295,0.00186444169036759,0.00199185169148416
"CH0019",0.00180471774681161,0.00153151230383434,0.00189347216095681,0.00173013030957071,0.00274469241356329,0.00153225025781938,0.00190518759005282,0.00176809473918343,0.00130813690340062,0.00152910366097529,0.00176405551376607,0.00167210859188458,0.00224400543961932,0.00167443972280697,0.00173881123928276,0.00198617881866487,0.00162138775283539,0.00106799547085208,0.00193540188612582,0.00127880714585458,0.00117339649314669,0.00127875610857249,0.0015370026030165,0.00269634093070165,0.00269064133758597,0.00249525500878299,0.00168238715890991,0.00177443995021019,0.00104086033454049,0.00171810157656998,0.00148700984664368,0.00239129846582295,0.0021758015400484,0.00221061852647641,0.00165889938813821,0.00164704627023645,0.00237896894253599,0.00242712360499925,0.00154318165641821,0.00187419869395624,0.00266512751960965,0.00115168544398568,0.00157101024730224,0.00160075387801506,0.00162064798050843,0.00117133788878886,0.0015589697617059,0.00330979990440239,0.00701117103887846,0.00157050552616029,0.00596140919078674,0.00116570493201898,0.00154127421542769,0.00140811574607293,0.00154408519660242,0.00214210649225897,0.00136839027702636,0.00189979028181366,0.00137688711997443,0.00117339448371439,0.00164903465871629,0.00657261124824016,0.00612826606311539,0.00393276451071754,0.0016980192498398,0.00158533996129019,0.00478675373803807,0.00167713464997297,0.00155745162849505,0.00667119251451651,0.00324212694543725,0.00312880354324388,0.00609366233497756,0.00122909543896249,0.0022700287371323,0.0019983711364813,0.00173076945300332,0.00186665394248038,0.0026096012592092,0.0018687188690508,0.00172410326279607,0.00166733369116099,0.00172463337687072,0.0021755684560452,0.0017625971336695,0.00116594238780768,0.00196785043261319,0.00172039174886719,0.00278859346532595,0.00181404431177713,0.0016954443813684,0.00175576193177536,0.00158183871177574,0.00232762833583173,0.00172451323960816,0.00116595924088388,0.00720380000881269,0.00116883163482168,0.00371466316526988,0.00579612292397732,0.00300756862333285,0.00152083683972146,0.00217434587255282,0.00710227680898974,0.00153194272524461,0.0062550094592117,0.00163935674176291,0.00433213483902029,0.00702210020038192,0.00259745024961075,0.0016806863502243,0.00228665253343764,0.00198967209289528,0.00227678786819142,0.00164504357134293,0.0022054710912055,0.001661346144538,0.002177763013258,0.00178181771615234,0.00219087196273176,0.00229295455490287,0.00238611751832613,0.00151574772571106,0.00220616005954294,0.00224426738743896,0.0028021375901808,0.00131986470937253,0.00137476970055381,0.00228643461143845,0.00255097291404224,0.0041753098562074,0.00237743723084917,0.00117096174799733,0.00402894101373405,0.00116458636420245,0.00116548747868445,0.00170596948928614,0.00187041990154688,0.00205478940558133,0.00157673600338858,0.00197856172723671,0.00151983278608206,0.00116769979361824,0.00153290515608827,0.00147010822536871,0.00175184091227063,0.00181105358948119,0.5,0.00115817607921777,0.00145493954669213,0.00236663746890913,0.0022432356885717,0.0011584495279445,0.00296670800966782,0.00316336569559743,0.00124807921315186,0.00107715695852093,0.00195492848673904,0.00191442694256754,0.00240465807431639,0.00195620204310304,0.00186536756229024,0.00321719699729986,0.00151807030648135,0.00211344235282016,0.00129779489450802,0.00221055974403855,0.00160679184082131,0.00654843269723443,0.00174284423527033,0.00421819630791288,0.00573262360568723,0.00647779823447673,0.00123278735263778,0.00233657040419944,0.00116535230182707,0.00184979248622504,0.00561026205850745,0.00153807518275214,0.00184970547219448,0.00179448860509515,0.00178813478413326,0.00138224434721363,0.00117015928752708,0.00149134413417162,0.00175448831525577,0.00736253900634837,0.00172282128862505,0.00199237703820945,0.00224273444642294,0.00155762718239305,0.00116873371218891,0.00118594514410528,0.0015922599804522,0.00442909867473925,0.00182095537835469,0.00172721835408788,0.00333041282234732,0.00200555794198629,0.00105808389413032,0.00116201882493597,0.00209453115501806,0.00211391644061214,0.00251299434653776,0.00152647729994135,0.00284040617791164,0.00130489661467611,0.00116812558090514,0.00201074566484142,0.00116944170129451,0.00220626262146272,0.00146791317775557,0.0025171180568625,0.00140258346602695,0.00681370774346121,0.00740977138780877,0.00115727644749558
"TT0019",0.0032040943374048,0.00392049553173465,0.00207003060898892,0.00311107773915792,0.00102060243754648,0.00294000704770892,0.00108909651006709,0.0017346757849689,0.00213946717152359,0.00384719357498267,0.00127697010530638,0.00353280023464494,0.00312196414490611,0.00356732200862821,0.00309571834342731,0.00113527182491031,0.00393654221399631,0.00234107391336463,0.00209948427337886,0.00215828284666333,0.00402840317831821,0.00216672241241782,0.00290394798848788,0.00211325768478692,0.00163529908321233,0.00155978123826036,0.00206249038807084,0.00158160503595665,0.00229917360405308,0.00355931850979352,0.00334939467235949,0.00117627337462066,0.00352404756516339,0.00309017395347769,0.0031106474261679,0.00354611001947434,0.00116946719716284,0.00109902963108177,0.00210082758682898,0.00109956263618572,0.00201022268803411,0.0039418729427545,0.00208933516301805,0.00205462371196591,0.00301484523580654,0.00400691402388241,0.00210440660860946,0.0021073450960404,0.00117812631865012,0.00349763834468085,0.00166677471226477,0.00400012932736496,0.00396221848395907,0.00208110967936624,0.00393233122857061,0.00113019113821069,0.00300662256748228,0.00110292795314446,0.00209750138966694,0.00402841451458077,0.00316495922069981,0.00206259613803491,0.0020313883757698,0.000999392823961851,0.00310527510134209,0.00210378922776894,0.00151099972353337,0.00326377302648494,0.0029436522584142,0.00164908735899973,0.00111963662277772,0.00112291828176573,0.0021255972157962,0.00303524604343601,0.00127484863609378,0.00111614821498129,0.00352564244530619,0.00168823130634499,0.00155420571969933,0.00112078335484938,0.00356086399978659,0.00356271499349526,0.00356013582512226,0.00353343226034918,0.00205869061724826,0.00399181850542516,0.00208837379312064,0.00109253008050553,0.0020894590783582,0.00112803676973043,0.00207740385231283,0.00104497821059842,0.00110204085792876,0.00152879715375064,0.0030724254774494,0.00400656128226002,0.00116344505361151,0.00402002721916829,0.0021190240744602,0.00201644607104164,0.00212125339653193,0.0038388222840748,0.00352344874135258,0.00107503880697487,0.00344319456652162,0.00212419746136642,0.00207288696556831,0.0015712584389754,0.0011123471075803,0.00116907700481581,0.00206024488262545,0.00112163071136558,0.0010585564016487,0.00310995613964781,0.00356335048727049,0.00310908121552499,0.0031376494021356,0.00307718454778272,0.00316089790031319,0.00353939356462056,0.00310998135417674,0.00158283669072418,0.00386373238950903,0.00310840746118008,0.00164893870161786,0.00109342725564393,0.00212586183700609,0.00209623502531869,0.00308620581101558,0.00115075045035674,0.0011172007110753,0.00101524534715269,0.00402012517462289,0.00107681979318996,0.00399077066205002,0.00398546686393758,0.0019810991151705,0.00106800444635577,0.00112339405142252,0.00208266807047929,0.00110575308828456,0.00383742678864911,0.00401054927817594,0.00393377293524286,0.00208774991764785,0.00311278838752567,0.0020003506565107,0.00115817607921777,0.5,0.0029504046661,0.0012514188160779,0.00108155853494533,0.00398149610907055,0.00105745031867569,0.00208401843705204,0.00310729612107141,0.00228092998110064,0.00123336456195263,0.00120142976632495,0.00156761889924727,0.00108751304129883,0.00110500110506883,0.00112465090542245,0.00207015512298585,0.00112158934664466,0.00214574030452563,0.00351252206536692,0.00312329926667034,0.00168421170014844,0.00351797713016268,0.00199478112828559,0.00208013896205967,0.00109731166379735,0.00308848717339214,0.00161038516528621,0.00399325410357346,0.00106590765115278,0.0020601041766042,0.00387199758548999,0.00160803714734511,0.00205458354398436,0.00198113478368455,0.00210300791170336,0.00401725352731473,0.00209271192583494,0.00197908270707583,0.00109171836489282,0.00202665712405663,0.00117163071291931,0.00312622930571176,0.00209025937381378,0.00400284634456998,0.00218324302999085,0.00208333410548383,0.00202662067009324,0.00201084803605377,0.00201853607656338,0.00115688182164018,0.00208210846866299,0.0023075478579286,0.00397723976246806,0.00209035394151758,0.00110188289041309,0.00116336845718196,0.00387020974732094,0.0021159123905682,0.00214522057016222,0.00401119826563308,0.00126080095797612,0.00401537252565979,0.00169035436888756,0.00210433497350548,0.00111391936068289,0.00211297989586237,0.00108617460092515,0.00122070387742603,0.00396267198961576
"TT0018",0.00330324465,0.00292713465153761,0.00108339554413701,0.00499723397033308,0.00262952540238555,0.00537557637433087,0.00169353924230681,0.000932739099302499,0.00103640381619642,0.00290720831784546,0.00106769465348311,0.00318662705327174,0.00333678222263538,0.00306503307021252,0.0035221042615052,0.00183439196917332,0.00312521740010654,0.000867960952610337,0.00110184844790892,0.000892584391838566,0.00297830580957724,0.00089814272025266,0.00714144847849164,0.00111732119753581,0.00148372259727694,0.00140879921472587,0.00103098431623515,0.00103367794314811,0.000842473363319837,0.00327875316142969,0.00354037504552784,0.00137874120779467,0.00326335206911575,0.00349907933084791,0.00399681151265284,0.00319961964562174,0.00150736798108726,0.00211072503063268,0.00108554784819607,0.00167289205946904,0.00109615132446464,0.0029336849939015,0.00109027346961049,0.000876955681917002,0.00488691539234438,0.00296515859057525,0.00108835659253948,0.00112549508643952,0.00125799906847896,0.00293290339405589,0.00130455356532215,0.0029622950917586,0.00294365480725787,0.00105558665475334,0.00293384368973235,0.00159329187898022,0.00459593647562563,0.00211482591442244,0.0010494471671475,0.00297831445740108,0.00414401630920382,0.00107241980982123,0.00105221891505592,0.00347102256633504,0.00358607076158128,0.00109261714448659,0.0012696144022031,0.00341370565086549,0.00678581125676676,0.00138073270440108,0.00156687455642864,0.00164914677348357,0.00108233408255166,0.00778695261230847,0.00121367978964613,0.00203482909641439,0.00332125271276021,0.00106935429586312,0.00147831118367341,0.00214072127579841,0.00313130011050204,0.00305864363449095,0.00308883700307988,0.00331435611788866,0.00104974032673939,0.0029573154911736,0.00108912974148574,0.00715216526484385,0.0011111832606994,0.0012789776956321,0.00103744363724311,0.00368460652184769,0.00246470399188846,0.00155059500463424,0.00357398006707415,0.00296581425010865,0.00123678560833073,0.00297296864390956,0.00111911049417878,0.00107881671780987,0.00112502901013177,0.00289468244606697,0.00327741329460389,0.0020970145088751,0.00289282348221279,0.00109073445570376,0.00109150667757879,0.00153170205543463,0.00211563543219301,0.00135248201544495,0.0010426614582731,0.00228595941181587,0.00455357020897494,0.0036281288489509,0.00303747958905497,0.00346894084786526,0.00366580611100058,0.00401825632687511,0.0032357192995838,0.00333359794163303,0.00331407458242601,0.00137752150946895,0.00290810145338721,0.00342316083227138,0.00114862834685862,0.00204186453956592,0.00105633733841524,0.00105016917686336,0.00413140787711733,0.00122638834141902,0.00166883804451738,0.00324750801703705,0.00297298164235815,0.00242541807726576,0.00295718372504836,0.00295505080827217,0.00102326777187275,0.00295171620837168,0.00166490179267112,0.00108890142413559,0.00265174072984626,0.00289169504767032,0.00296764294853503,0.00292855365016935,0.00107623959640637,0.00339519997093769,0.00137126733211131,0.00145493954669213,0.0029504046661,0.5,0.00101236897443882,0.00764850894328452,0.0029535954915791,0.00238995576868207,0.00110929354399078,0.0041523805798462,0.000841617413854624,0.00140702358089374,0.00125208942201712,0.00133345180182418,0.00258860294696772,0.0019429090274465,0.0117273364180255,0.00107819785226191,0.00162383487209596,0.00103726980922593,0.00345033761402336,0.00401952031337862,0.00132408751034424,0.00335949437486277,0.00124425848260538,0.00106143526177761,0.00227021912946934,0.00826724174772662,0.00135723391101961,0.00295882422982833,0.00309783470789684,0.00108143511022857,0.00290886682215683,0.00107344023851997,0.00106277141703131,0.00104722874025122,0.00103766278766713,0.00297124515377055,0.00107658704564971,0.0010426397024696,0.00246954482690337,0.00102718602050589,0.0028975473776923,0.0032693950390549,0.00108997674948311,0.00296431546087523,0.000871940306556792,0.000886108952145259,0.00109243760211917,0.00105708546823351,0.00102755724762178,0.0015967243683432,0.00109996049667284,0.000840034467601437,0.00294956859331337,0.00110818690763457,0.00270945088135378,0.00136827219035945,0.00290806142563207,0.00111946030605529,0.00103885292994942,0.00297040789485374,0.00111465364657941,0.0029703917883281,0.00109587988812001,0.00107569638841046,0.0015266101083932,0.00105936927755005,0.0025938547536001,0.00142434750775175,0.00294240145944498
"TT0015",0.00188117897939936,0.00162639294110014,0.00117572616974985,0.00167222079701137,0.000945524284508305,0.00101845846912768,0.00159367006183678,0.030965966562203,0.00127475298853832,0.00160204132181923,0.00167178895968118,0.00182025252740352,0.00236655201394345,0.00184216368663481,0.0022794648525149,0.0020923363575394,0.0016746952163507,0.00462703089467788,0.00118603686114673,0.0108552946872978,0.0012414029689646,0.00998622496089344,0.000970136040377426,0.00120678755247621,0.00184304108377033,0.00184722434736335,0.00168539483240893,0.00160247071850614,0.00564257897941272,0.0018846209295494,0.00124655238358127,0.00236048109765593,0.00188811731603651,0.00228801841039556,0.00165032912273745,0.00182656852932458,0.00232349334672357,0.00171716936647503,0.00119086892509456,0.0015667795065401,0.00155466050172373,0.00169447205013117,0.0011796909869018,0.0145944534707273,0.00108702653013103,0.0012503231901449,0.00119212900419563,0.00121218181479621,0.0024569019606753,0.00165357333080448,0.00184120710153076,0.00124655730646856,0.0016414415001758,0.00121527617027258,0.00122565683879725,0.00116224204426385,0.00105040500397294,0.00147914959103777,0.00121637190739773,0.00124140045891675,0.00117899555154459,0.00165842136707137,0.00166223167872555,0.000933794507317854,0.00175575530426379,0.00117269664647174,0.00231343706164489,0.00172536255194394,0.000983186715744472,0.00190889605729412,0.00220495021567379,0.00170482221796609,0.00129549733642225,0.00101927263834121,0.0123905591175034,0.0015761974022841,0.00188082939225094,0.00172899014519689,0.00225938859428922,0.00164063567977052,0.00187845673119044,0.00183573217374755,0.00185694161999715,0.00188445854218482,0.00119762293131646,0.00124684549234125,0.00119409575410502,0.000978836718528868,0.00159327870490534,0.00281757949054892,0.00162356668914329,0.000955676487435466,0.000992238046930963,0.00252967496662167,0.00221353372242608,0.00124936709837727,0.00244478771292439,0.0012550649601475,0.00123057503048382,0.00161714475407133,0.00120129324827034,0.00165864423039679,0.0018872938263056,0.00150019500480939,0.0015831020584481,0.00128253783628284,0.00157369793813605,0.00185022364433752,0.0016307307046148,0.00231139823787297,0.00161231688229868,0.00128658604031184,0.00095573028429384,0.00176404274333182,0.00182305753146633,0.0023385221037648,0.00164349859796387,0.00222104501912166,0.00236640009053013,0.001910634436352,0.00234413842983682,0.00184393650331568,0.00160817795833925,0.00233476981670255,0.0288292994541032,0.00150168148360387,0.00165714172001201,0.00123061902047885,0.00223157989174741,0.00228974262451916,0.00223740392244202,0.00092818004703468,0.00125506859057733,0.00141721059151433,0.00124286696863321,0.00124121437537545,0.00156897300522524,0.00101985750875577,0.00155879598994987,0.00118824395043505,0.00108040623807647,0.00159290083425959,0.00125124472456621,0.00163093628015872,0.00120149969694661,0.00229341805671644,0.00150673282078988,0.00236663746890913,0.0012514188160779,0.00101236897443882,0.5,0.000933477928453653,0.00125319616385095,0.0010258708525741,0.00120559167398886,0.00112605771315565,0.00949446050959199,0.00178520488696901,0.00188300560401467,0.00182098043082671,0.00112629425880242,0.0015832833899635,0.000930115014819709,0.00118921436040903,0.00170565055039813,0.00127685423767074,0.00235131834130059,0.00159270870473522,0.00186400732711088,0.00187944440908783,0.00158289055421999,0.00169129796566727,0.00115978802781274,0.0010758395173194,0.00192104353214933,0.00124373042033175,0.0010424868948124,0.00163550135817023,0.00122098095861422,0.00154500260491082,0.00157630976560061,0.00154207737338494,0.00121336970865916,0.00125411529523757,0.00119019064163683,0.00160052199431105,0.00213301988338263,0.00159737053964568,0.00114342289105014,0.00232102845483776,0.00119383560278819,0.00123118665380774,0.0205081447251303,0.0102010350841204,0.00159287199093968,0.00121485248852459,0.00158238706188161,0.00227692851704634,0.00119266050097251,0.00727575560803667,0.00125476623331124,0.00119456966563095,0.00164521071158016,0.00227168719625486,0.00161421977004932,0.00121161692313565,0.00126107459371809,0.00124656983813513,0.00173981794491178,0.00123668713521937,0.0109119189714124,0.00120151487292148,0.00224368263594377,0.00120640071200625,0.00110747733071357,0.00184834976159712,0.00124997201183192
"TT0014",0.00119009695653028,0.00106754642269938,0.00285032170498084,0.00312273531358427,0.00517428534923261,0.00279772163129646,0.00324000124702367,0.000902205357878064,0.00169573926463716,0.00105371474028053,0.00214369889522249,0.00125120068630226,0.00124680328590096,0.00120823344574109,0.00114572371662057,0.00278091673752308,0.00126714397915403,0.00092735974155353,0.00330842814271076,0.000914757828493342,0.00109969035842149,0.000918245981339832,0.00751686939239579,0.00284982499793,0.00323802652903149,0.00251397220479655,0.00201193442217688,0.00231846768541596,0.000891102832894043,0.00110954044745922,0.00139528884519822,0.00184232074586777,0.00119392473254766,0.00127765922005022,0.00124143625744344,0.00116195340105285,0.00206793778890272,0.00338613922725336,0.00297537300016729,0.00331542410307556,0.00297325857583216,0.0010726974345187,0.00307277960595485,0.000886493644742406,0.00343792953972965,0.00109574173464401,0.00302866092536573,0.00256967187772201,0.00179214752319358,0.00106920134853073,0.00201088124983022,0.00109243983217517,0.00107764786052734,0.00239907811224892,0.00107569431977529,0.00385060907948829,0.00195887802817722,0.00286369741946395,0.0022283530496749,0.00109969048952535,0.00265675980724739,0.00179799208222478,0.0015458407831637,0.00501347586224418,0.00118961253218327,0.00310268029789654,0.00219491531570131,0.00148661924868145,0.00514789403365987,0.00179424294538346,0.00258932552908529,0.00311181571813297,0.00158434518966729,0.00824773797185537,0.00107624472908178,0.00295781053447443,0.00110452103107129,0.00146208191036386,0.0031558157071112,0.00253080133893927,0.00110918120590008,0.00117445883766137,0.00110369490190693,0.00132031442075405,0.00225668321882142,0.00109051661460112,0.00309018253542905,0.00844369079958123,0.00276480642775019,0.0024109736893376,0.00208808705280205,0.00670410561239211,0.00239559410752107,0.00151632811477113,0.00134038186546403,0.00109420170687011,0.00170350416402848,0.00109859661581907,0.00244248461892485,0.00199520053827676,0.00271156628461399,0.00105478411611861,0.00118819306244467,0.00293623014113093,0.00117142389804677,0.00186451849136192,0.00323933788985691,0.00267949192576684,0.00193517358779684,0.00275422613376312,0.00204252907680058,0.00177744617314419,0.00752244110938386,0.00207976928124386,0.00116246392788241,0.00121307239224422,0.00121227524280458,0.00134218560350055,0.00127123439756055,0.00111411570305731,0.0012918165828993,0.00231497119618543,0.00119749494334254,0.0011279803012378,0.00106107062772634,0.00305479867191587,0.00202462742473227,0.00220916749717756,0.00220704293350533,0.00261447792937301,0.00379085849969662,0.00591276626818454,0.00109813532355164,0.00429715209537285,0.00108955280027356,0.0010881986230335,0.00204054535861733,0.00462780026277312,0.00397894967813288,0.00308862162369901,0.00443221455024036,0.00113170495287267,0.00109594860825703,0.0010713857795133,0.00270403316746251,0.00151509834845209,0.00158850760999914,0.0022432356885717,0.00108155853494533,0.00764850894328452,0.000933477928453653,0.5,0.00108216277290477,0.0049380416384451,0.00276765814102919,0.00127603466541228,0.000888174552185489,0.00255026337594951,0.00190276598769998,0.00259993259747162,0.00375374414955174,0.00254559733180732,0.0122411887833606,0.00290103774152933,0.00315966916137194,0.0016511766652621,0.00123927882220507,0.00126597785477142,0.00171309103889574,0.00110938537363993,0.00247960410817931,0.00150149633904742,0.00182490538953114,0.00614697992311558,0.00209754428017822,0.0010899688550138,0.00561972973562765,0.00197707474332457,0.00105926034936045,0.0026792613637735,0.00251222963978451,0.00260378137916896,0.0022083991617758,0.00109773461106629,0.00277258380195918,0.00244963759475422,0.00307648190896428,0.00206895154407897,0.00335237290366081,0.00141171910330588,0.00303941321672721,0.00109278939036937,0.000886116323010209,0.000962343096073127,0.0022346744710249,0.00266883362029329,0.00216966979446815,0.00319874652126084,0.00322834467677972,0.000890757863602646,0.0010848536897113,0.0031759212932924,0.00458659112986548,0.00261201700770874,0.00114084535047745,0.00277880632831008,0.00169658002891482,0.00109231887203395,0.00290036746976832,0.00109778554590249,0.00107675061887023,0.00267469887423457,0.00272966750642266,0.0023389738376414,0.00527538133659509,0.00222222086416444,0.00107859109844408
"TT0017",0.00320761937544799,0.00392571244589925,0.00207294958592609,0.00311451389851732,0.00102101684934312,0.00294318653014534,0.00109123601468886,0.001737153077417,0.00214382851578549,0.00385158328529659,0.00167138961201108,0.00353681016013647,0.00312542403987895,0.00357124576072223,0.00309909856746939,0.00106552255276608,0.00394175393932864,0.00234428144462387,0.00210287522743917,0.0021627672483901,0.00403454131760744,0.00217124820862202,0.00290704144271621,0.00211617808970231,0.00163624062812634,0.00156212381214392,0.00206668897283257,0.00158471849136743,0.00230261725791874,0.00356308414130438,0.00335297930354432,0.00117864445328664,0.00352779443479142,0.00309360040605365,0.00311385787115537,0.00355021546357066,0.00117182730563344,0.00110124203413573,0.00210445741893875,0.0011017179896944,0.00201258141186044,0.00394705896005433,0.00209199745431404,0.00205818209315175,0.00301821645533281,0.00401307563566156,0.00210799872499241,0.00210975979513041,0.00117888371207234,0.00350222413080003,0.00166750190552072,0.00400624233399333,0.00396745536954892,0.00208478632214426,0.00393755945901663,0.00113067413474951,0.00300981373400161,0.00110424052061347,0.00210227036939709,0.00403451955985789,0.00316831177811874,0.00206481355381294,0.0020339473052966,0.000999416333691208,0.00310856650448238,0.00210729684171877,0.00112931505969448,0.00326718774066701,0.00294695813854807,0.00165025719901174,0.00111977696163622,0.00112291728835917,0.00212887367069782,0.00303833116575036,0.00127678103139402,0.0011172574782395,0.00352943369493794,0.00168828723664799,0.00117825859691707,0.00112290784638612,0.00356467933514795,0.00356664067576848,0.00356398687877198,0.00353719642449678,0.00206248616137576,0.00399792545786397,0.00209104475764269,0.00109390562855878,0.00209153449986229,0.0011302886821199,0.00208164527463405,0.00104706521696528,0.00110110649730694,0.0011198662272377,0.00307563239465965,0.00401271987591003,0.00116403251056705,0.0040262413504413,0.00212164996783958,0.00201832570706461,0.00212408101355552,0.00384354548598041,0.00352719132066284,0.00107504977396201,0.00344766151240013,0.00212717541524097,0.00207546049564546,0.00157149894858842,0.00111237405188062,0.00117070452132173,0.00206440590612019,0.00110322237480251,0.00105932819208133,0.00311330507226367,0.00356747624433033,0.00311252692002253,0.00314088468900876,0.00308046945707431,0.00316438987629039,0.00354312440609118,0.00311344231194659,0.00158515241959231,0.00386886057124236,0.00311184714080106,0.00165108035090152,0.00109346080533529,0.00212998445323296,0.00210104032160721,0.0030895355474525,0.00115253666710178,0.00111722666210249,0.00101579826640789,0.00402625425896865,0.00107645636750027,0.003996893057487,0.0039908201716113,0.00198420625789117,0.00106879850519616,0.00112407741193049,0.0020845582880117,0.00110648159236885,0.00384254415147597,0.00401670819045719,0.00393900321818052,0.00209146712522559,0.00311613468144213,0.00200362605275365,0.0011584495279445,0.00398149610907055,0.0029535954915791,0.00125319616385095,0.00108216277290477,0.5,0.00105766052607506,0.00208613468825474,0.00311055359922611,0.00228552827239332,0.00123595965102312,0.00120385412554734,0.00156943251653002,0.00108878549821125,0.00110662426360631,0.0011247199493841,0.00207306111948476,0.00112237366278813,0.00215089081399362,0.00351611693541825,0.00312652925620005,0.00168551854909966,0.00352177606463413,0.00199639259172494,0.00208286296974918,0.00109746620002341,0.00309182857251951,0.00161302322270787,0.00399939321762912,0.00106707863881191,0.00206196905903575,0.00387641076177429,0.00161064291643541,0.00205791038066932,0.00198432665445852,0.00210736811703279,0.00402342920379794,0.00209664527510564,0.00198257692346202,0.0010919597146184,0.00203063736478965,0.00117323633967955,0.00312982161643751,0.00209380040005673,0.00400897901804272,0.00218604622183995,0.00208687271647153,0.00202819100652564,0.00201403973128308,0.00202244830133426,0.00115741006735655,0.00208470683430745,0.00231205017008483,0.00398336662056871,0.00209361782655653,0.00110264064164732,0.00116531093129247,0.00387535394125221,0.00211880358700374,0.00215036644006408,0.00401726363883758,0.00126238142717616,0.00402150969640725,0.00169268574766588,0.00210843292541047,0.00111618954043643,0.00211759459649821,0.00108636643176903,0.00122131870160958,0.00396717088367734
"TT0016",0.00146558633129674,0.00104231495820112,0.00262715568178605,0.00159525815710979,0.00833510996698944,0.00428143663076728,0.00354027895665563,0.000975052583578015,0.00159868627877648,0.00103137285570454,0.00195618786239696,0.00135825273513436,0.00141742755869972,0.0010678940697601,0.00115808177802702,0.00173474684191745,0.00130947297911485,0.000977012515031485,0.0032295180774381,0.000962342761671264,0.00107369609900143,0.000966315436775762,0.00317156003418991,0.00373273096574903,0.00360215767726039,0.0024222448078865,0.0016672133365339,0.00226704404366686,0.000943648602631956,0.00108694729206122,0.00148833564119046,0.00195132144424276,0.00109105598640021,0.00140559360022559,0.00153174214728913,0.00105729917519792,0.00197016963398002,0.00305295355359937,0.00275575286037237,0.00350958809734078,0.0036777754326638,0.00104817223150553,0.00286332183551964,0.000937376132624237,0.00419241174489644,0.00107002839451507,0.00281178668510076,0.00340627819189177,0.00235655896923431,0.00104934059686882,0.00272189584340259,0.00106683447338096,0.0010519620402366,0.00218295179695912,0.0010516985877709,0.00451239482736873,0.00151126441641882,0.00287385479004564,0.00202623592763201,0.00107369500623729,0.00237350872381264,0.00242831418052277,0.00237828277345643,0.00747348830086551,0.00145271956327937,0.00289332920728839,0.00320805507653273,0.00219757566624065,0.00392763386248793,0.00260327811743957,0.00352187786210416,0.00433138202224053,0.00233187651955941,0.0016711432211235,0.00100092012482733,0.00293024959236782,0.00108342241300336,0.00151416299665246,0.00321830432309897,0.00243036650692799,0.00108543390624753,0.00106726147782534,0.00133039850269868,0.00109677329556936,0.00205210889770158,0.00106526538348953,0.00288291343713236,0.00336971613653547,0.00363448908844416,0.00295310085390181,0.00171688139825311,0.00539995644494232,0.00226193420782515,0.00155020736804426,0.00145121801304856,0.00106796721923771,0.00268724775803046,0.00107196103517974,0.00325931836811595,0.00283210240990681,0.00357688551771728,0.00125860735246638,0.00109203227856968,0.00480313868226798,0.00126345738000583,0.00251660726417562,0.00305037491347866,0.00356820383978155,0.00299821842102458,0.00270727473118847,0.00168248506954444,0.00269682923725579,0.00598683012726454,0.00229728386539417,0.0010602797657396,0.00112670634352442,0.00150476435019332,0.00148550400874379,0.00113742592667759,0.00109633875365686,0.00142138045053326,0.0023650962748407,0.00102886728897392,0.00138394485018112,0.00123691731634564,0.00420449529557758,0.00168648687312951,0.00200911952498582,0.00169140728631456,0.00262700849945102,0.00431401618082564,0.0076389394214594,0.00107201515729524,0.00554369168009967,0.00106431781744559,0.00106321081439611,0.00208834913553706,0.00391950220573422,0.0034320116889359,0.00288344909060769,0.00428209391584737,0.00126248393740665,0.00106969599755465,0.00104651532380056,0.00247706992795013,0.00141323897973243,0.00188012885689885,0.00296670800966782,0.00105745031867569,0.00238995576868207,0.0010258708525741,0.0049380416384451,0.00105766052607506,0.5,0.00363802608548533,0.00205024384590114,0.000944624770706012,0.00232220533859794,0.00198693819433217,0.00227543218848223,0.00376205551968076,0.00264736040770873,0.00403647855403604,0.00268182460702203,0.00317265931668258,0.00156253319379159,0.00111528610527237,0.00156314032532856,0.00255263274048471,0.0013563109270718,0.00334941913732722,0.00207558849262812,0.00288265478671782,0.00213226839573586,0.00163801121805472,0.00106478797053681,0.00374847454777044,0.00266905051428372,0.00103989351390842,0.00255255449590145,0.0022938207383609,0.00251333035113546,0.00201313916545363,0.001071528351336,0.00254599759367233,0.00236929002834843,0.00310565063462271,0.0018889367452182,0.00390969016403525,0.00142856564433083,0.00282775699808983,0.0010671602317149,0.000948720507049158,0.000937903701672956,0.00300113058653183,0.00258730127801047,0.00197400307601386,0.00408893836026871,0.00334121362193354,0.000945480275612492,0.00105999512147286,0.00346802566190737,0.00390885978889739,0.00249876855130304,0.00103838964781371,0.00365394987896441,0.00159940858952274,0.00106662696375953,0.00268067462883321,0.00107143192170388,0.00123395205798479,0.00244557668591731,0.0026026234055698,0.00212718932805589,0.00448179749420334,0.0029405690472515,0.00105475245442684
"CH0014",0.00110224659327621,0.00203922329861017,0.00330169146370324,0.00108813281633902,0.00329389132383867,0.00109256579377261,0.00158090049514147,0.00171061992635177,0.00252932030242586,0.00198289627501868,0.00256911431745295,0.00159960361146633,0.00108902835419568,0.00158390304711502,0.00105114395127756,0.000936536340230541,0.00162855778272678,0.00237916675488648,0.00386444425879904,0.0021600118904326,0.00212940127666153,0.00216465951004256,0.00109274286133892,0.00481819692135084,0.00365493980027585,0.00187017960525092,0.00251762596858396,0.00269372795698487,0.00232894681014622,0.00155606059131143,0.00104243967546419,0.00147540285705374,0.00151234506929867,0.0010749598585872,0.00104930084211864,0.00158455053022765,0.0014898239573614,0.00158443602735664,0.00344549426966301,0.00157976541181849,0.00422055033799056,0.00206259399343613,0.00352389913114706,0.00204692161907671,0.00110297235153635,0.00211720778350197,0.00349666039203468,0.00468201052072724,0.00233059754491346,0.00200291153223707,0.00348073700695256,0.00211000406998099,0.00207326433579937,0.00294934944595954,0.00205487545555122,0.00275974554381785,0.0010518153923777,0.00204879575891086,0.00283101508602993,0.00212937081973336,0.0010586340294926,0.00362230690455109,0.00328266901390051,0.00287482321432389,0.00104264609008842,0.00356615450438459,0.00342195776047795,0.00110290600073313,0.00111001023917465,0.00302817139553593,0.0032451124061906,0.00366097271710183,0.00355488686532997,0.00108293087496216,0.0012020137380025,0.00215467713358515,0.00112969775922144,0.00246984375967148,0.00257931680079543,0.00156718388322408,0.00153913180414086,0.00158413387487215,0.00156918288941417,0.00152958591595418,0.00281493485274551,0.00210504206415862,0.00354158661794245,0.0021794469688396,0.00487297655378208,0.00167304259149022,0.00257429693990257,0.00177150331622875,0.00178496787794046,0.000998666195785635,0.00104010941094047,0.0021138632524231,0.00245191575869652,0.00212424630357166,0.00455181172453139,0.00377301476878972,0.00485198157613973,0.00198281163393592,0.00150772408381104,0.00276589090886774,0.00195208437573995,0.00376176320096156,0.00367996164224356,0.00419747195843782,0.00268439859390879,0.0024853004466663,0.00251815412043672,0.00161849491624956,0.00252265480290084,0.00107781213864814,0.00159707446149909,0.00108073831154789,0.00103648491560642,0.00103995033074997,0.00108499927942624,0.00111382583143318,0.00108870739364378,0.00190202658910233,0.00198845972846932,0.00108907866292616,0.00161913074620406,0.00344081607626087,0.00257638724989336,0.00280999654341488,0.00106822119457921,0.00238847399015626,0.00391607393059057,0.00287573742841646,0.00212451232934953,0.00383591409178164,0.00210331543010606,0.0021007662519389,0.00260507940113133,0.00237768986404149,0.00249040472267555,0.00353544262821971,0.00239002368602831,0.00198436206439797,0.00211767934882907,0.00205465414844526,0.00319009724128946,0.00105662086659328,0.00223415959808637,0.00316336569559743,0.00208401843705204,0.00110929354399078,0.00120559167398886,0.00276765814102919,0.00208613468825474,0.00363802608548533,0.5,0.0010490475312088,0.00231713040268609,0.00232499143584048,0.00146334209919729,0.00204322031565132,0.00211623706973134,0.00190208081315591,0.00368945634824719,0.00335863025288627,0.0024110554397374,0.00250150487511751,0.00109005759710552,0.00104132994531771,0.00304044647930486,0.00113214282225693,0.00430010710631941,0.00317827999222992,0.00260321421847103,0.00113454482967997,0.00152275676223186,0.00210472160425976,0.00213062816647057,0.00388387339935483,0.00201254088174279,0.00295800871173285,0.00300901541081301,0.00293636907869812,0.00285234409245948,0.00212284098463945,0.00325989884185089,0.00280919614827038,0.00256677720980115,0.00266682642029698,0.00150544717808783,0.00114934015663305,0.00349113414548059,0.00211132323295103,0.00219186365735884,0.00206426816874844,0.00420902445376787,0.00302230844502871,0.00272967533270126,0.00334242535290497,0.00395671049038045,0.00234588366005211,0.00209328522289463,0.00407254777322492,0.00243347808450938,0.00195075881581127,0.0020044232555524,0.00491466083100339,0.00253222649938871,0.0021085230072038,0.00290034431415951,0.00212148560123119,0.00126817542811069,0.00318401037942193,0.00177773797960087,0.00292651425711003,0.00258705529779233,0.00325665480970114,0.00207616080233894
"CH0015",0.00380895548347002,0.00308439224231806,0.00106239612450257,0.00372653030297752,0.00130404613361878,0.00472029339140069,0.00160701896259008,0.00101798137543339,0.0010861083548541,0.00331922829857035,0.00110963042091952,0.0034418794482482,0.00367006837462206,0.00349741445324849,0.00444566806783004,0.00244516112299471,0.00339627518743106,0.000922109100235399,0.00104940059486509,0.000970140766264447,0.00313504714587981,0.000976068398621743,0.00326228725830178,0.00105720833120922,0.00153604061281879,0.00149403749688155,0.00106958625077841,0.00106275032589496,0.000893991086349069,0.00357888752242172,0.00404787399424968,0.00159688958380573,0.00361355614490556,0.00374439714378277,0.00530947303688554,0.00348793636265066,0.00164077477523509,0.00153807497493318,0.00105518637648082,0.00159746566507165,0.00104777387304168,0.00308902036042262,0.00105481166196539,0.000951957797441015,0.00360414405847201,0.00312114638087386,0.00105454715842665,0.00105667282529382,0.00161881679497066,0.00309479687338304,0.00144651656466152,0.00311837120824977,0.00310004613899135,0.00106550840719108,0.00308975953539999,0.00229341809119132,0.00838063726315824,0.00341421424282115,0.00107589180699908,0.00313505668868808,0.00433958192557386,0.00108071888744163,0.00108775077086974,0.00126756660897023,0.00480418345225794,0.00105442908110582,0.00165041797846691,0.00449679281711822,0.00342109373725323,0.00145702008367469,0.00182719836234158,0.0026481761243352,0.00110617575435401,0.00350924876602257,0.00143866315854879,0.00267464711474205,0.00361805530542643,0.00123970378499801,0.00156551909826101,0.00239887209148785,0.00361272040085712,0.00349951192780255,0.00353238649189987,0.0036305725583321,0.00107346561155209,0.00311298086149023,0.00105228965457133,0.00153392251876282,0.00105045709984947,0.00229879921485615,0.00107169767875301,0.00127123316290949,0.00823836925824035,0.00189728327893856,0.00392538849805851,0.00312203875899163,0.00159812804472048,0.00312940070298706,0.0010590316176002,0.00106901592518562,0.00105814248415424,0.00305032492521542,0.003623782053448,0.00203083725201458,0.00305378502833095,0.0010929992198759,0.00104633017022017,0.00163839102046484,0.00317282647238008,0.00122999846680788,0.00108290319039387,0.00398548175896833,0.00136395420024638,0.00373568675400621,0.00347245811853345,0.0037983351783123,0.0046341579877232,0.00397531880839478,0.00371947808629931,0.00367047441828024,0.00362197982277352,0.00153200879665868,0.00306792975750102,0.00371159563496784,0.00127670825810496,0.003813960892928,0.00109307533907218,0.00107864110883471,0.00371597110704803,0.00155329659870121,0.00148488769917825,0.00128822682824999,0.00312942905099172,0.00227237250846283,0.00311308773078553,0.00311083546527857,0.00131595992088555,0.0039888244523678,0.00173721805365682,0.00105256537728281,0.00202292555332006,0.00304685809052536,0.00312385946049506,0.00308417201948183,0.00106400631695288,0.00373193072862404,0.00120516840278803,0.00124807921315186,0.00310729612107141,0.0041523805798462,0.00112605771315565,0.00127603466541228,0.00311055359922611,0.00205024384590114,0.0010490475312088,0.5,0.000892701050973668,0.00142963340174698,0.00163702502008428,0.0015114751603906,0.00240651081892218,0.00346558668907965,0.00138455715587421,0.00105214563313892,0.00233683622124071,0.00109103759943131,0.00375074099224526,0.00551383491565723,0.00143177959054341,0.00363319104191926,0.00104629679570654,0.00109574998763395,0.00582086244849952,0.00416797247794658,0.00156510886282385,0.00311472481825001,0.00282843008007624,0.0010648955382262,0.00329260988248991,0.00107801173583219,0.00105793176615057,0.0010448949064383,0.00106737580212123,0.00312759822411752,0.00105917085863049,0.00105077184999448,0.00162128947222591,0.00106772666873531,0.00204665381649246,0.00354983999871441,0.00105649588098429,0.00312044096849794,0.000933663501980434,0.000967666771077743,0.00105041929729506,0.00105093038363662,0.00105595880246753,0.00165082863329196,0.00105038755960473,0.000890068196911075,0.00310510396340363,0.00105677493752752,0.0015610320434399,0.00146134434219467,0.00306353159323018,0.00105627924676125,0.0010888731992326,0.00312786366870706,0.00110468959273621,0.00312669586871046,0.00129626995961977,0.00106469870141928,0.00153242880610828,0.00107680494357931,0.00134373375481083,0.00119676242951971,0.00309887262420893
"CH0016",0.00103367454617512,0.00223059105147696,0.00228559248189603,0.000953812113931764,0.000908659085143295,0.000845695730475218,0.00098616456499183,0.00970899787577593,0.00239264182392477,0.00215396749308675,0.00222387948410432,0.00164222193684308,0.00106708296976689,0.00123712683404896,0.000975925334833008,0.00197689000405084,0.00170159635156377,0.027436398159275,0.00234266045633375,0.00415938813100752,0.00233303642762358,0.00396810290649974,0.000837035285630943,0.00235844491121885,0.00166549825249945,0.00112162872324579,0.00230378520596381,0.0020479380495165,0.0310155397106379,0.00114741201687433,0.00097795796407299,0.00106295828860616,0.00110315970338683,0.00100628328493111,0.000938382000528434,0.00164182978053267,0.00105659243207446,0.000995571768485259,0.0023472680202329,0.000976196135004848,0.00220514523180486,0.00227128980639833,0.00231572964599803,0.00481546000855566,0.000889743214077688,0.00231900878725887,0.00235257675678119,0.00234393393923435,0.00106207802455951,0.00214758720612816,0.00169952146484106,0.00231108846072292,0.00227266063017192,0.00231694983387417,0.00223784730048622,0.0010301917029468,0.000860440885210483,0.000967690315409574,0.00233856752255257,0.00233301480885415,0.000925919807551325,0.00228089279228673,0.00223119963676032,0.000858583906120231,0.000954802072975308,0.00234452954494307,0.00106763170709852,0.00103070960294072,0.000848819404389288,0.00167424106459773,0.00102472620475006,0.000994046814374353,0.00236531813465655,0.000877170880735283,0.00311685901870009,0.000977326046668957,0.00116726561140828,0.00226224099644532,0.00112622947583605,0.000972555649785073,0.00113172088009474,0.00123595606379454,0.00115241475089053,0.00111544370841841,0.0022714511301812,0.00230405358942462,0.00231860060334646,0.000937563906643019,0.00232518445422614,0.00108507389460441,0.00231258514524955,0.000879219265693527,0.000894946426437604,0.0020799878165998,0.000958439866038134,0.00231728323927716,0.00105062609203241,0.00232993482574164,0.00236551432654136,0.00220869004994611,0.00236675386378437,0.00216683009253517,0.00109998780880216,0.000950657218504086,0.00208415110441448,0.0023657201236186,0.00229869188953895,0.00113133717489813,0.000950696894316112,0.00111002273190262,0.00226952183936497,0.000848670064648802,0.000903429949892468,0.000969322646104553,0.00125774139430223,0.00105563504496738,0.00093249021268806,0.000948637087999004,0.00103172086794699,0.00109636527941439,0.00103124919191858,0.00119373611804207,0.0021698775360451,0.00106522529971611,0.00819605883583917,0.000961027914033208,0.00236697103613045,0.00232936933702299,0.000966541321104236,0.00108352184370694,0.00102927049726427,0.000895511195988577,0.00232995746607654,0.000968501992071592,0.0023025715578057,0.00229524749865862,0.00217477868805973,0.000917506985326805,0.00101018924165033,0.00230472203032092,0.000971668265447778,0.00215521654779078,0.00232147829174594,0.00224814186847305,0.00231508672322698,0.000998342606672062,0.00213486626703215,0.00107715695852093,0.00228092998110064,0.000841617413854624,0.00949446050959199,0.000888174552185489,0.00228552827239332,0.000944624770706012,0.00231713040268609,0.000892701050973668,0.5,0.00126701583495349,0.0010657759416951,0.00119345198434374,0.000964605131021034,0.000985260902232548,0.000887595951955753,0.00229959828300562,0.0010042429346328,0.00239596249864145,0.0010729156683018,0.000930117594095994,0.00180083879892945,0.00116309547854485,0.00219439331278651,0.00229297874787532,0.000928417395373083,0.000894916054377946,0.00114558095749537,0.00230450870505824,0.000918448134947692,0.00227278945405733,0.00218253019274831,0.00206231382080575,0.00227396010297741,0.00217739441962902,0.00235695659471892,0.0023278550167401,0.00233315563503178,0.00218946136230319,0.000934178436475433,0.00224530612466147,0.00107118209508547,0.00114278767316267,0.00231821002030005,0.00230879320664614,0.0238552429091103,0.00391008081922647,0.00222451194242862,0.00222855594558655,0.00223553661646739,0.00109818773641821,0.00231594585624383,0.0386778865931835,0.00229261966626425,0.00231617465317053,0.00101006453076831,0.00110529728233181,0.0021807377568586,0.00236317340693683,0.00239794396919266,0.00231115391803577,0.00173113560643487,0.00232264601003938,0.00300878804445714,0.00235065695923926,0.0010307353109393,0.00235884027161112,0.000908997987227075,0.00119152527692426,0.00226977517189147
"TT0012",0.00169282323142496,0.00160692775920461,0.00268643812656128,0.00165563073681798,0.00212170279421976,0.00115043068544746,0.0039534938756481,0.0021964095907312,0.00380520786944248,0.00157954168789039,0.00406989637042004,0.00169105506006722,0.00165722197559942,0.00169328683835804,0.00161676151265193,0.00117127215898993,0.00209734125172041,0.00168660490106782,0.00276237474506998,0.0016634276215452,0.00125875258614312,0.00130350278333712,0.00137904026947432,0.00198838901983378,0.00268978904272695,0.00443954598142058,0.00389946162954707,0.00374750327849131,0.00163321856237756,0.00213834750986052,0.00119804007277714,0.00384211825598966,0.00211769890872284,0.00164106996378354,0.001551686159323,0.00167547706310991,0.00387505300713919,0.00402012556941682,0.00303991185603822,0.00361187822902754,0.0024424305818858,0.00162368930868213,0.00293177909075048,0.00162203716502464,0.0014355212964457,0.00165245366098469,0.00300731763063508,0.00183183984729104,0.00190967758578462,0.00163009482294549,0.00204701258820576,0.00125002853691983,0.00123182889064489,0.00362550213399208,0.00161604576869378,0.00264528377358821,0.00116416984518314,0.00314993139573346,0.00359466449018774,0.00125875118640507,0.00118596614538494,0.00186033805209096,0.00180724668641439,0.00184609691049555,0.00159107428505811,0.0029425910290199,0.00206195268448958,0.00160401799616121,0.00142068082112977,0.00242578174954988,0.0022954572206514,0.00242334362569768,0.00148461963297825,0.00156903516560597,0.00169416158353569,0.00295007400750833,0.00211152788795569,0.00209446225976344,0.00298352100468156,0.00366436676147246,0.00213898487132098,0.00169027175178183,0.00216521974948331,0.00212655170915039,0.00342919106334972,0.0016439897551668,0.00252341435480124,0.00344266448342218,0.00232640236783345,0.00426109350772305,0.00396413081179732,0.00372849559814177,0.00350895484456861,0.00159741221999985,0.00159741884783371,0.00165099707433893,0.00235626057517205,0.00165833753424872,0.00177982552872061,0.00186809660793537,0.00230939598581917,0.00159623972973738,0.0021126696126907,0.00143918964450399,0.00158937946859098,0.00191526425541612,0.00279980047517136,0.00274363737172624,0.00183197170443964,0.00363577646199667,0.00390452379179205,0.00150724136446482,0.00277371932563348,0.00159063260190892,0.00168607055231267,0.00164461702037212,0.00118962897511112,0.00158983758783464,0.00167661971472399,0.00211105763623281,0.00166920264011873,0.0043506438081082,0.00159071671943499,0.0016514334249052,0.00172437748106992,0.00228511934339962,0.00384025802874793,0.0040075005159711,0.00163452887425542,0.00385717344761775,0.00233628015209801,0.00252520196611701,0.00125762307631071,0.00179732004403755,0.00164236387728119,0.00164258953741265,0.00380855190271682,0.00265940960683604,0.00316815201153485,0.00250553283291923,0.00267320502617218,0.00158033535704509,0.0016536113532167,0.00161050002947712,0.00323271451163561,0.00162294252078458,0.00169658294351953,0.00195492848673904,0.00123336456195263,0.00140702358089374,0.00178520488696901,0.00255026337594951,0.00123595965102312,0.00232220533859794,0.00232499143584048,0.00142963340174698,0.00126701583495349,0.5,0.0038570912140661,0.00386225932536624,0.00314441278800124,0.00378655560882244,0.00282614739592537,0.00303073356197582,0.0030501988438988,0.00332410879140991,0.001642386429281,0.00151773888220457,0.00237949862993226,0.00211623652164733,0.00253653389101075,0.00180821595399262,0.00142520761265951,0.00155541007670732,0.00430690664589361,0.00124714407005815,0.0032352603690966,0.00195949270743386,0.00120552951178552,0.0033426891723233,0.00334282767608199,0.00332040934900322,0.00301063341481959,0.00165699108571177,0.00280515984320204,0.00348595080002242,0.0023146634605786,0.00387330107600218,0.00167728900895018,0.00217770686293663,0.00255494995696969,0.00125067114363559,0.00126460403200447,0.00126403596585362,0.00204661543532678,0.0029016790879949,0.00390959537572278,0.00258856534842336,0.00268104050226743,0.00128635294237756,0.00163478968782965,0.00222967311981203,0.00314567499247232,0.00436582519447309,0.00159771393872944,0.0019478473859584,0.00340208797322025,0.00124686711715588,0.00316740323254521,0.00165629815841195,0.00213913114056623,0.00293160564188777,0.00411140363522546,0.0038157409785784,0.00138753294893562,0.00243307048529963,0.00123016754993947
"DU0061",0.00250459672163011,0.00157332166464219,0.00260731367527676,0.00237635516656907,0.00183429923681866,0.00130449101523732,0.00549601244599171,0.00169924656822931,0.00563692066262023,0.00117033813137384,0.00398022355109962,0.00170244396398879,0.00260440424398191,0.0017403704592356,0.00233269467156853,0.00205699294508737,0.0016464066399936,0.00106648902842973,0.00172094407505336,0.00127501340258851,0.00122470009309277,0.00127210111461464,0.00135680340328176,0.00149577356971995,0.00174562059617915,0.00429457641313787,0.00404330391599919,0.00335326398074176,0.00103126391323233,0.00176710158745103,0.00608566291536277,0.00783889469721682,0.00179786292886529,0.00236149067105078,0.00184731173002124,0.0016979529512356,0.00684162760950522,0.00517957112711496,0.00217994729760611,0.00526767301387237,0.00190221539279349,0.0011965063825722,0.00208221509096511,0.00158689793205221,0.00155165954053995,0.00122028463138678,0.00214777108539889,0.00141687908474651,0.00259061261111175,0.00158709603072237,0.00179676837562778,0.00121590810625219,0.0012000160000515,0.00278794153966722,0.00157845950403133,0.00251492699389668,0.0014900263010863,0.00328662283485784,0.00319757578184407,0.00122470055445473,0.00183817788712244,0.00125470995697092,0.00162336974260296,0.00147977447271304,0.00238523177966333,0.00187076303491363,0.00197268877844147,0.00185944514041909,0.00139563278128746,0.00176121154199449,0.00209817367913253,0.00266467260461957,0.00127555742510602,0.00137132179790265,0.00230903220712937,0.00363933941509284,0.00180263753359088,0.00197594749647315,0.0027343295639005,0.00499276849033385,0.0017757078490002,0.00173022641740543,0.00175091079679578,0.001774692437324,0.00339868025811988,0.0012142510625568,0.00185076893550459,0.00289384008156142,0.00146477806967767,0.00500429553515417,0.00367993874267002,0.0035217944968158,0.00328796633201264,0.0018981925029275,0.00236152150426726,0.00121937047047822,0.00246883334454987,0.00122440485139955,0.00139532538445304,0.00163437859719459,0.00145916599487305,0.00155764199446861,0.00180047846119356,0.00179003043063503,0.00158094246920344,0.00128444103492765,0.00176442672990408,0.00202995093528729,0.0018996788273769,0.0033621367450478,0.00415347582301713,0.00209292698177215,0.00234592489935855,0.00241218854857302,0.00170898172736951,0.00186469639908372,0.00235761060845728,0.00236157699211051,0.00245387312087706,0.00182671504615423,0.00245048505452237,0.00366594357838555,0.00157142401197471,0.00233724507972191,0.00175267019780648,0.00203972594840118,0.00329443309452673,0.00322600683225819,0.00241220463468995,0.00414240814324984,0.00211800366579554,0.00190144139702922,0.0012233314841393,0.00195053004814207,0.0012134038298644,0.00121187244139055,0.00314451514276738,0.0023598406481562,0.00293630974202829,0.00183907321538224,0.00270802181407567,0.00156099552698665,0.00122112997857827,0.00119278492615682,0.00237510529788683,0.00239549544607224,0.00159600442634523,0.00191442694256754,0.00120142976632495,0.00125208942201712,0.00188300560401467,0.00190276598769998,0.00120385412554734,0.00198693819433217,0.00146334209919729,0.00163702502008428,0.0010657759416951,0.0038570912140661,0.5,0.0031543545302376,0.00326713539448574,0.0036355637211372,0.00139719443628193,0.00218371874267727,0.00334076515994136,0.00671081875069115,0.00184336743911739,0.00178746874797493,0.00130210985740844,0.00177929335351393,0.00135156979427592,0.00124133707859789,0.00157928822872796,0.00153517073402633,0.00622038480945551,0.00121324529299139,0.00295295250254789,0.00129090370033025,0.00117767639976412,0.00287407506242816,0.0025087272902522,0.00287032995454583,0.00265387849490164,0.00122340994063371,0.00233452539350568,0.00306540309077614,0.00237098028603148,0.00330156005242327,0.0016976856107922,0.00180958170341684,0.00209753593135896,0.00121682735453648,0.00115759764507707,0.00158902250102544,0.00170332687282966,0.00283004327164197,0.00351982619232223,0.00225024313156626,0.00167341064308102,0.00105164762172492,0.00120835038057638,0.00163262955638438,0.00340272917088049,0.00362943741440229,0.00156373379474643,0.00147621029222801,0.00567465293454014,0.00121290863948355,0.00272311401241338,0.00122291085540381,0.00179290012557784,0.00245955140539603,0.0047646169875078,0.00298518649978636,0.00160159269928111,0.00182340926701629,0.00119822117388593
"DU0060",0.00171428911311753,0.00154563906667527,0.00320277038744701,0.00161494352643133,0.00232382236218627,0.00133625232568178,0.00320434030819044,0.00170954974952545,0.00263126779703364,0.00154005047900276,0.00326695192635035,0.00166977126861385,0.00171291208616187,0.00215062127215643,0.00212727744944982,0.0019254626717169,0.00162445718258784,0.00122210885469933,0.0025254102354049,0.00129393553613769,0.00121459567495226,0.00129273237686981,0.00123952047987676,0.00210488984553433,0.00335518265885755,0.0039363707180172,0.00311525269195131,0.00327953366930421,0.00149051904257902,0.00218062636053472,0.00162107626715728,0.00361334496465258,0.00222194215259371,0.00216504904773918,0.00163071156145696,0.00210649178046387,0.00365206337253598,0.00325861390427733,0.00279896985338483,0.00324310094975694,0.00257397252500238,0.00156090786232832,0.00269332439714408,0.00159589532803136,0.00136207550604854,0.00121044359123657,0.00276616636793908,0.00190865737194135,0.00194611353122362,0.00155940702806449,0.00243616676790393,0.00120647118665923,0.00156666069418884,0.00307924983392641,0.00155050822123791,0.00321824283813064,0.00147388628302058,0.00364513724796891,0.00294111943799809,0.00121459505777441,0.0015960691415785,0.00180877650656983,0.00173496194037257,0.00163437806081743,0.00167627067206322,0.00270402494676375,0.00264244500252468,0.00125995944501264,0.0011534699670416,0.00233821110082433,0.00353131051562818,0.00266351937642122,0.00143786660142758,0.00133455000685547,0.00222785194575987,0.00357227998448071,0.00221580188103419,0.0070055648719137,0.00372995359828401,0.00337839108952746,0.00220128563727848,0.00214072226436843,0.00214516400193553,0.00221288883942926,0.0033156377533876,0.00120457570731112,0.00305456206903964,0.00340392677329804,0.0020417777241028,0.00343797481314037,0.00318876710897247,0.00290034327089404,0.00311641555640392,0.00227647934451093,0.00213638744791547,0.0012095036378039,0.0023624614312057,0.00121429859118953,0.00183934635915539,0.00182733523966255,0.00200554313803196,0.00152756176577341,0.002221541017751,0.00147795008999069,0.00154079482601933,0.00147947469409932,0.00293844811075182,0.00293583075896405,0.00189395987379553,0.00375593208999868,0.00312847356073464,0.0060897352289776,0.00281352379144645,0.00161758840181356,0.00211212023601477,0.0021679345065422,0.00166978009825241,0.00167424011358685,0.00172842683061848,0.00221778300288618,0.00214531534442373,0.0040145202241035,0.00155046029483651,0.00218013659043566,0.00217393403118051,0.0025251662720609,0.00316390715704892,0.00292014429381555,0.00164815185513399,0.00366409122712821,0.00249243164578973,0.00249690237595871,0.0012135106151342,0.0019564988245385,0.00120362322539016,0.00120200833568862,0.00329229394517215,0.00315752371991418,0.00342080292558919,0.00303602368090381,0.00340707050967494,0.0015257684180811,0.00121134358926962,0.00155646533542973,0.0033616269554435,0.00215175636375524,0.00162023145554692,0.00240465807431639,0.00156761889924727,0.00133345180182418,0.00182098043082671,0.00259993259747162,0.00156943251653002,0.00227543218848223,0.00204322031565132,0.0015114751603906,0.00119345198434374,0.00386225932536624,0.0031543545302376,0.5,0.00373623984261957,0.00352741767644059,0.00186564018639505,0.00279476499450649,0.00333481879029789,0.00256274154341945,0.00219663773328778,0.00159335871368896,0.00185894951767217,0.00218900318503702,0.00212919087651257,0.00172497010833247,0.00171406265100054,0.00141270232952435,0.00377713207622517,0.00120370139846625,0.00344643977736084,0.00186417673141335,0.00153148355711993,0.00344260590806855,0.00345067611734821,0.00342174030634892,0.0032709175410782,0.00121335880185593,0.0029515962820205,0.00334023491274689,0.00187221323278813,0.00329367627061967,0.00160893930415239,0.00214155465487793,0.00270782765478276,0.00120697395523171,0.00157519185149058,0.00159542498821024,0.00206808911269246,0.00339440352482147,0.00323660340376552,0.00328981068824934,0.00244399276521708,0.00118920326241627,0.00119835986960144,0.00275783797102217,0.00330405224832854,0.00398311006551825,0.00154544459741441,0.00205347305484073,0.00263145868485677,0.00120235532533907,0.00332173631395491,0.00121320936720145,0.00220380046253147,0.00306976850962732,0.00339145439037032,0.00304321012728766,0.00161178013291766,0.00239369401587883,0.00156324844703106
"DU0063",0.00127508928486569,0.00107680282904455,0.00299634293581725,0.00165420437532644,0.00383449511249205,0.00275522055605796,0.00419809475796917,0.00103100509354832,0.00269296913582525,0.00136356118195624,0.00298589621334777,0.00145771497594717,0.00159501180526816,0.00114478356043619,0.00168156980473982,0.00261803243141526,0.00110123876286465,0.00100210736241045,0.00265548480423568,0.00103809503475088,0.00110787591405826,0.00104019143792332,0.00217780111320064,0.00218376685867281,0.00296920506917721,0.00359996663530463,0.00282986222599014,0.00303821254859128,0.000960619224004597,0.0014989455719518,0.00173197544034029,0.00322775562404026,0.00151546682082583,0.00164058692814089,0.00230440483367151,0.00145884249232515,0.00330434846935586,0.0035917374985247,0.00294957349867245,0.00417368250043139,0.00230295552001733,0.00108182039688105,0.00283847054665374,0.00100531928771521,0.00237292150283389,0.00110465562896474,0.00291419227246155,0.00195818888628759,0.00188884010772076,0.00108165091780088,0.00185778721613882,0.00110102655590849,0.00108614020839866,0.00322441797576149,0.00108510777580127,0.00438440484745657,0.00235414762255667,0.00475472405247727,0.0030576691580294,0.0011078756967463,0.00260176097468181,0.0014052443050629,0.00132328440958496,0.00296595292679274,0.00175109560874099,0.00284662522892068,0.00196942263056111,0.00244350914580663,0.00222841189410262,0.0014248252168858,0.00269190492576753,0.0029446325920405,0.00139295629760295,0.0014635611591714,0.00149643465346646,0.00444649493239726,0.00156001332621134,0.00182121897156093,0.00339579746984971,0.0042115588866473,0.00154219665524428,0.00146146783919216,0.00115199953463092,0.00153375998475742,0.003081259546977,0.00109928613633984,0.00282110803808965,0.00392687817124485,0.00211389129591816,0.00434518377035091,0.00291392316842638,0.00410316039312196,0.00422012491679705,0.00194638397106778,0.00172026000680821,0.00110369123000549,0.00184232022480521,0.00110799135995572,0.00187323872936462,0.00144973306288983,0.00206863022012586,0.00106776021838214,0.00152137931703915,0.00293826960702771,0.00136382850023951,0.00144561190118815,0.00270059933592558,0.00250766365719873,0.00263610344356024,0.003869680807668,0.0028592456637335,0.00379014337139443,0.00411838759604721,0.00177194662521404,0.00113100040529803,0.00165976765246469,0.00234673534168789,0.00174912673002553,0.00123883912121988,0.00155417437435205,0.00157972990776178,0.0035898873790973,0.00106666625859707,0.00161657652288315,0.00139641567457483,0.00357689446242237,0.00287030885939201,0.00303359319870183,0.00172671402637641,0.00348069753575453,0.00269030901355775,0.00390884919037664,0.00110711924273175,0.00363550273677894,0.00109848172582155,0.00109694082667037,0.00283591668338521,0.00445498928240299,0.00432135101145561,0.00280308227557835,0.00451395700707983,0.00106727996125334,0.0011053801711906,0.00108000872143519,0.00314855148133328,0.00160894968106948,0.00145808267303866,0.00195620204310304,0.00108751304129883,0.00258860294696772,0.00112629425880242,0.00375374414955174,0.00108878549821125,0.00376205551968076,0.00211623706973134,0.00240651081892218,0.000964605131021034,0.00314441278800124,0.00326713539448574,0.00373623984261957,0.5,0.0045074124427513,0.00227684715693859,0.00294641117196001,0.00363614389372466,0.00261654970539451,0.00162735521240167,0.00238294505506822,0.00138531328368381,0.00155313177453265,0.00178543988432238,0.00130201669366267,0.00261414738705099,0.00167291944753841,0.00318032830390142,0.00109844213857739,0.00484417572448089,0.00157546273405018,0.00106954648883134,0.00322980646119461,0.0032489304781107,0.00324057973247284,0.00302001451277854,0.00110709674032206,0.00311120294950634,0.00313875979190154,0.00206720393488909,0.00287616945698459,0.00266228265368529,0.00118866575575173,0.00285436552553526,0.0011013962332028,0.000978934314578025,0.00101347030685367,0.00172780689024809,0.00320968069059608,0.0029845455190133,0.00301810796887579,0.00256832019080642,0.00096432052244409,0.001093677123704,0.00250098641102792,0.00373116740678973,0.00363027109814686,0.00106988084278312,0.00212422815533439,0.00269296095036651,0.00109811474693884,0.00339512440370841,0.00110719031658447,0.00141277216414726,0.00323513736441555,0.00366667304301203,0.00317530508987992,0.00270682159516935,0.00190365263288993,0.00108508317963149
"KL0010",0.00173062871682512,0.00109534026891298,0.00272402663128463,0.00168226437574249,0.00239541024130068,0.00250281394304814,0.00432414556663597,0.00144214072706834,0.0030084762907294,0.00140111440922438,0.00329580483167932,0.00148935214920618,0.00164323925739644,0.00150574488587004,0.0023382770941128,0.00262238060309319,0.00113205280847046,0.00100546878090418,0.00238183395217008,0.00108895678042905,0.00112579689397548,0.00108691791880651,0.00126891940705714,0.00195960749135009,0.00273309279769668,0.00386924110148572,0.00313768968212491,0.00331135798729626,0.000966375305593025,0.00156002479221738,0.00162184473502801,0.00357657715497654,0.00158583839531706,0.0016944609690836,0.00302778552243326,0.00150415756421205,0.0036457902085766,0.00379858525424086,0.00267611412335173,0.00429298230152464,0.00206207947425056,0.00110200969154138,0.00256575271805229,0.00133514835759374,0.00131409274129204,0.00112267392756423,0.00263979003679302,0.00177247648740425,0.00189767514082857,0.00110512447704,0.00189723209259395,0.00111875699809399,0.00110390682582818,0.00327802130870313,0.00110102493679195,0.003357965211127,0.00437763628747338,0.00534628404201891,0.00334395968318196,0.00112579684076635,0.00219466252007404,0.00135400396867103,0.00128974287887161,0.00172662309717934,0.00261381401520719,0.00257195372952752,0.00220740905405306,0.00222199917481598,0.00128583376918606,0.00173407231592789,0.00308867517787592,0.00355036654221985,0.00135347613342555,0.00124734401583327,0.00156599850533917,0.00456094533673429,0.0015907947740719,0.00201277684035055,0.00312904114946251,0.00464865554806432,0.00157472207999426,0.001510499507872,0.00153151505899347,0.00159310893036678,0.00335303564913344,0.00111723387535592,0.00254767095866899,0.00352904038767949,0.0019006501347367,0.00419774957874695,0.0032147281236078,0.00340884506796047,0.00784053602162832,0.00197427446275818,0.00227639773661565,0.00112172957632787,0.00187483360306333,0.00112614869350417,0.00170597636241492,0.00137670870242139,0.00186411917934749,0.00108581367263572,0.00159152211592661,0.00235397534734173,0.00108937269651999,0.00138921578376375,0.00242949861201781,0.00239888170136999,0.00327456019411152,0.00372432531496537,0.00316136685887922,0.00388068993953983,0.00278357583225344,0.00169760992710063,0.00149431864548548,0.00171792939532106,0.00252203348492824,0.00232419234452589,0.00166625504673073,0.00161539348383373,0.00161303053354961,0.00389834992195591,0.00108913578722945,0.00166945033571345,0.00149420262303334,0.0042015477129,0.00320863753786264,0.00332136862671613,0.00169013725238567,0.00402737511489366,0.00239614294178432,0.00257287019419984,0.00112509419983389,0.00276878843832905,0.00111653278205032,0.0011149898145232,0.00342515173624734,0.00492158671035618,0.00404968691325378,0.00253049173290501,0.0033358603707973,0.00108295306401901,0.00112338500215349,0.00109785343898347,0.00288528475067035,0.00168018964910576,0.00117554875904259,0.00186536756229024,0.00110500110506883,0.0019429090274465,0.0015832833899635,0.00254559733180732,0.00110662426360631,0.00264736040770873,0.00190208081315591,0.00346558668907965,0.000985260902232548,0.00378655560882244,0.0036355637211372,0.00352741767644059,0.0045074124427513,0.5,0.00193554070445156,0.00267711851480737,0.00400046937317693,0.00292978697182875,0.00166529067956751,0.00316222200534098,0.00169678142331793,0.00160267553474278,0.00163811140699945,0.00126476085855317,0.00427646471048064,0.00157381456310979,0.00353562189626659,0.00111625710709593,0.00448701596083419,0.00147354711947288,0.00138585898046824,0.00298746345664129,0.00300035020935205,0.00299085434780448,0.00301894489478603,0.00112530738085247,0.0028441548217486,0.00315864454497519,0.00192473944983449,0.00316067293773985,0.00168184645461999,0.0015639756580966,0.00258161074623694,0.00111918236307905,0.00104250711369624,0.001062770556482,0.00158615748164145,0.00295297569448332,0.00326764914009489,0.00278496698954111,0.00230253135013295,0.000977108074827925,0.00111173428645427,0.0022371738963498,0.00338540999769747,0.00393573288542019,0.00108789307048281,0.00190989226151985,0.00300823016773026,0.00111549379161659,0.00280004064858127,0.00112507819004804,0.00148264455222232,0.00297319923887794,0.00390650477654576,0.00344837214340136,0.00154195016560399,0.00180724540005599,0.00110256932678132
"CH0002",0.0012174989759885,0.00110787588444544,0.00216583755857998,0.00493209769889395,0.00369832523558951,0.00162846826595975,0.00181255739691414,0.000910962440384586,0.0013698921652945,0.00112332651118213,0.00151449499270781,0.00124429758446971,0.00116398720485737,0.00112844012622268,0.00116616598921055,0.00125721975470676,0.00140946449510047,0.000916576633368294,0.00267372716798905,0.000877367286590849,0.00113988998587073,0.000881031279994438,0.0068448626426247,0.00360867785509871,0.00298916785587314,0.00173013487896623,0.00142650032546221,0.00172748499048574,0.000910638756014193,0.00114237258801245,0.00133263841212893,0.00138395068446696,0.00113990843740397,0.00121845747850759,0.00127624885818819,0.00111862392491142,0.00140274419738797,0.00213022239935527,0.00226866838640947,0.00175162047294614,0.00312210989480021,0.00111365468209948,0.00240156624551241,0.000876824955008813,0.0023236306841219,0.00113584229521631,0.0023144320686411,0.00416248072108368,0.00272662711024861,0.00111870009164431,0.0034015314598005,0.00113195974639935,0.00111741395531222,0.00183852692769682,0.00116575738260656,0.00275404803722745,0.00138447523458457,0.00210067781933265,0.00168429708808348,0.00113988990384743,0.0014348195231441,0.00304096137329964,0.00267137461479379,0.00541955740247873,0.00119571473637602,0.0023829776635924,0.00349584816449788,0.00129977979168264,0.00593550409845706,0.00330346778733973,0.00302572647244412,0.0035694258071393,0.0028749382475101,0.00843345727849033,0.000879111133404199,0.00214263625171342,0.001129450076371,0.00131910294214138,0.00240690157010238,0.00159848997700593,0.0011398893204891,0.00112572196942987,0.00116987344427911,0.00115013616409776,0.00170710534442428,0.00115776641025522,0.00239923319567863,0.0180707294803511,0.00373197264133348,0.00174669565524396,0.00149533629097582,0.00444463630486559,0.00184227340926707,0.00102608702237342,0.00116359994651815,0.00113305700221766,0.0029593552602167,0.00113726624711558,0.00402351782291358,0.0032536404814644,0.00395662112467728,0.00109512855434888,0.00113979042784397,0.00353500474641039,0.00109055497194278,0.00312726825203796,0.00255732937975075,0.00430377520251672,0.00341902185396736,0.00196375013343584,0.00144154893674005,0.00176861291936453,0.00637170220262903,0.00136998510472087,0.00112365529996694,0.00115446370529524,0.00120235405917898,0.00124505510619387,0.00117049046400462,0.00113906775484279,0.00115694790053331,0.00173155620200224,0.00109168519272316,0.00115096203951788,0.000876807737694946,0.00340628521186949,0.00152351465397741,0.00169930077743606,0.00157694244883508,0.0020594311900204,0.00431176341900866,0.00452110182003943,0.00113767914613204,0.0048020413897002,0.0011294856755653,0.00112860574762907,0.00158715418745081,0.00330404932981148,0.00343290638633714,0.00240068108600569,0.00265007287800228,0.00109427063603387,0.0011348473153594,0.00113507719462072,0.00207217330636427,0.00118671793444681,0.0015992256609485,0.00321719699729986,0.00112465090542245,0.0117273364180255,0.000930115014819709,0.0122411887833606,0.0011247199493841,0.00403647855403604,0.00368945634824719,0.00138455715587421,0.000887595951955753,0.00282614739592537,0.00139719443628193,0.00186564018639505,0.00227684715693859,0.00193554070445156,0.5,0.00220926808574699,0.00233501737294595,0.00134056815170774,0.00115252435197073,0.00129556284600586,0.00314948198419103,0.00116337598799987,0.00419675716146571,0.00257227638385527,0.00323608760589462,0.0150915270999031,0.00137600891295676,0.00115386479114115,0.00363942520585895,0.00337133531271565,0.00110656509257358,0.00212347469285847,0.00190407330545826,0.00197974932423406,0.00167629947339572,0.00113706310781848,0.00210200503819932,0.00178720381969559,0.00433474000657885,0.00159442547654343,0.0031238215591605,0.00136585980146584,0.00232954407647966,0.00113301563323371,0.000879844829252508,0.000852990318265964,0.00378879728207335,0.00194268489639983,0.00164037344740004,0.00317171749084945,0.00277170872302987,0.000890641256278256,0.00112507929619474,0.0028890709816506,0.004252669241896,0.00207025699604056,0.00110278318450231,0.00377234408999096,0.00136976463960375,0.00113360288329021,0.00220686993420693,0.00113671950360731,0.000925078994485259,0.0020241562907806,0.00180371388501264,0.00176755334368588,0.00371438471080662,0.00324942965453837,0.0011466909988605
"TT0059",0.00109773333056268,0.00203153472249023,0.00408413211709277,0.00107402837233429,0.00277535152174932,0.00107464148966637,0.00239115263765693,0.00169812642652209,0.00322610500615066,0.00196798530722213,0.00339075123130269,0.00159896208500357,0.00108317421949635,0.00158738969607443,0.00104124296684965,0.000934647775352263,0.00162179016105206,0.00236359595998715,0.00391664234349293,0.00215859794112811,0.0021187123746942,0.0021636588144845,0.00107099727016748,0.00345258428012764,0.0032742519165927,0.00259629653777618,0.00328820164067802,0.00338720326357888,0.00231076501865638,0.0015509111317431,0.00105928788568242,0.00218367577012025,0.0015035428074176,0.00106911221162194,0.00105195952787143,0.00158858754621946,0.00222000166816344,0.00238969064898554,0.00417100785754065,0.0024079432658158,0.00349158229824436,0.00205292055987679,0.00406024575330186,0.00204543553903156,0.00108842972744555,0.00210698294865155,0.00414531901916214,0.00319039202616124,0.00138247083249098,0.00198619747518895,0.00225587773809181,0.00209959231846978,0.00206269412316681,0.00368548937590063,0.0020447764565353,0.0033163776628867,0.00105808144624823,0.00285693811583278,0.00353129732339765,0.00211868187424418,0.00107538635159486,0.00243768994648424,0.00230462377337887,0.00186218532433227,0.00104290149186872,0.00408566060146578,0.00185624523258822,0.00110381725747967,0.00108493056699936,0.00192955377764706,0.00224686867629735,0.00253958927673636,0.00245712832312496,0.00105883486003804,0.00119602608528607,0.00297511814171436,0.00151712811415335,0.0024507456915525,0.00313194501858017,0.00243422891283101,0.00153331345007052,0.0015888214939669,0.00155973198498133,0.00151634190602266,0.00352087264602598,0.00209466207735903,0.00404502293488134,0.00292549725979651,0.00335919180585969,0.00259929793065119,0.00337944924922931,0.0024306911504301,0.00248626736118657,0.000994086079375445,0.0010399439604954,0.00210482597756,0.00139612457090922,0.00211519886947676,0.00309807784291586,0.00245554207429056,0.00332903194186664,0.00197202973406225,0.00150020687822547,0.00149842419380206,0.00194335044094948,0.00252604555802739,0.00392912659422632,0.00266031269537731,0.00145365229929187,0.00288045455189055,0.00330484119653495,0.0014048387057618,0.00310888456051319,0.00106428128295472,0.00160123937516541,0.00107098377226386,0.00104073410840953,0.00103592065781905,0.00107953998773445,0.0014941764537317,0.00108143537543379,0.00263902945558306,0.00198268225151824,0.00108343229901392,0.00161681844514935,0.00245725956691921,0.00334390927117988,0.00350372180792373,0.00105753451614424,0.00277621386340662,0.00234731222063378,0.00294931721735306,0.00211453224841272,0.00225713630995792,0.00209274436736602,0.00208992509935934,0.00323848075835608,0.00319781045592621,0.00335593986929935,0.00402096311721558,0.00323986174004918,0.00197495147540645,0.0021085382742478,0.00204599387868823,0.00396602564671483,0.00105538376527985,0.00213366417991034,0.00151807030648135,0.00207015512298585,0.00107819785226191,0.00118921436040903,0.00290103774152933,0.00207306111948476,0.00268182460702203,0.00335863025288627,0.00105214563313892,0.00229959828300562,0.00303073356197582,0.00218371874267727,0.00279476499450649,0.00294641117196001,0.00267711851480737,0.00220926808574699,0.5,0.00320121599930591,0.00316306488268142,0.00107482177001825,0.00104530079565696,0.00196211046085342,0.0015169195892646,0.00289483134561347,0.00231027593339261,0.00142879799099242,0.00109114539649291,0.00263081463442756,0.00209381576417898,0.00293354700646714,0.00268076682821496,0.00199484738366745,0.00370205713067374,0.00375610109931,0.00368080555505297,0.00352546786003689,0.0021132791962436,0.00404272520439669,0.00352578060846305,0.00140691828828075,0.00331354101525063,0.00137739579913451,0.00152769253163003,0.00407107214023396,0.00210071258572623,0.00217409399873856,0.00206512775828753,0.00285159215439895,0.00378131380511487,0.00341419286849792,0.00271987955002633,0.00381953112771529,0.00232860534981519,0.00208213788394917,0.00375330644705802,0.00326013360578279,0.00268805974908449,0.00199402014141993,0.00338903831716995,0.00322854986063059,0.00209696860336718,0.00369964502389889,0.00211238975068178,0.00166296316342466,0.00396338222368457,0.00249117134153198,0.00365344302595525,0.0014243806899965,0.00199033271160768,0.00206226988974402
"DU0062",0.00224443915896296,0.00110909982293356,0.00315747543498742,0.00215421577377845,0.00308374773992723,0.00240152354980465,0.00301647975995201,0.0015492999724708,0.0022297475315241,0.00146989930222775,0.00249675287661659,0.00157685034373825,0.00218629242384581,0.00160053304902415,0.00239829924225164,0.00204693952199099,0.0011517354458176,0.00101293798454892,0.0029716667836528,0.00113600196920819,0.00114085328169724,0.0011328804870818,0.00129564851158431,0.00248771483102063,0.0033926103628477,0.00314981426777239,0.00234778589278236,0.00291367121527776,0.000979286768922565,0.00164524579224815,0.0016336627123889,0.00333001147213487,0.00167599683014857,0.00226320876616444,0.00244690021256577,0.00158098304144711,0.00339865975966054,0.00347653384325843,0.00323671089171202,0.0030318129002432,0.00297352013213517,0.00111753663656148,0.00313599208346513,0.00143401764743811,0.00128189324714943,0.0011371882399048,0.00320630487594593,0.0022222494731955,0.00257574734810556,0.00112338763300647,0.00223673534741366,0.00113402035450813,0.00111860437897057,0.00273073454392093,0.00111570907370271,0.00393173074833016,0.00260026697305096,0.0041630176311267,0.00256253284331807,0.00114085284330858,0.00170753806732762,0.00150144965253137,0.00176434574605578,0.00207518957115635,0.0024568492309023,0.00314575509121283,0.0029989528165437,0.00172127933529198,0.00136533122266012,0.0019386846855304,0.00356094726171824,0.00394497233335396,0.0014866636076289,0.00122524777375247,0.00210620374334442,0.00434832520342593,0.0016751086065158,0.00200692952548876,0.00424011454697105,0.0038027802242781,0.00166182729361195,0.00160200178760099,0.00161441907212261,0.00167211107671955,0.00259033883068252,0.00113191205030699,0.00312024053694372,0.00327217909820346,0.00240811449350973,0.00316705558557275,0.00242189703563755,0.00265794129432463,0.00428877424551483,0.00224712882595231,0.00238770583815009,0.00113610763735527,0.00254886819290955,0.00114023199107411,0.00211772816023979,0.00191342052568705,0.00235311845934409,0.00145794911551363,0.00210798624597175,0.00206743037554565,0.00145688746308441,0.00154703148706188,0.00300949651421679,0.00337643939524271,0.002821748904099,0.00346433391401075,0.00237526305748677,0.0029933295351219,0.00341863992467419,0.00218462793953993,0.00157803012455663,0.00225724388112592,0.00241553183888605,0.00242519489124001,0.00222466144435779,0.0021446336623689,0.00215261342241134,0.00361464629491404,0.00110276995677308,0.00222822761313408,0.00160505733367894,0.0037506874714608,0.00235647766904421,0.00254075661964343,0.00221763241651469,0.00388615774169546,0.00340912100427927,0.00323163049976743,0.00113964784222169,0.00281059000486763,0.00113129545872894,0.00112973188571752,0.00273721739652875,0.00434622413438689,0.00404111592317167,0.00310317760132176,0.00387837135582662,0.00145114337462571,0.00113778353874743,0.00111239839438962,0.0030199642290416,0.00225386382498987,0.00118908885207917,0.00211344235282016,0.00112158934664466,0.00162383487209596,0.00170565055039813,0.00315966916137194,0.00112237366278813,0.00317265931668258,0.0024110554397374,0.00233683622124071,0.0010042429346328,0.0030501988438988,0.00334076515994136,0.00333481879029789,0.00363614389372466,0.00400046937317693,0.00233501737294595,0.00320121599930591,0.5,0.002168527921727,0.00221062473155872,0.00238829159785594,0.00189161501346819,0.00211781489434993,0.0020198354144779,0.00137341543038625,0.00283263894151376,0.00152572648026733,0.00324847874476541,0.00113150423634236,0.00407068433706855,0.00174977939337829,0.00146054624156055,0.00287088562741012,0.00282283996884995,0.00315859846546292,0.00255829345054822,0.00113938116335933,0.00308733764293837,0.00300137846912769,0.00257730736255217,0.00240223228558289,0.00163073079210804,0.00166431080742935,0.00314998674644974,0.0011341242879203,0.00107569841785141,0.00110808352901802,0.00194599679777624,0.00324205017696031,0.00249906841294645,0.00390806093183796,0.00288602430127647,0.000992906395160219,0.0011264526468385,0.00282190536550537,0.00392016513655829,0.00323564347673389,0.00110232322623021,0.00241883459272209,0.00223028038904698,0.00113209751393212,0.00363010141170463,0.00113948886327893,0.00160180187775487,0.0029970869324038,0.00360600510835879,0.00267535100151469,0.00180123146121104,0.00204721751994006,0.00111859042914633
"SG0013",0.00116963964837021,0.00210752756158923,0.00319298379170654,0.00111778873020979,0.0015826524704738,0.00106811657785652,0.00420504379139204,0.00178559424315267,0.00639942240205207,0.00203583948847348,0.00439798167399926,0.00166269628211125,0.00116104458295072,0.00165951014020787,0.00110828717560027,0.000982544394202639,0.0016808493338742,0.00246169113317591,0.00276052631666575,0.00224229028628983,0.00219877804721428,0.00224635188710638,0.00104523047568634,0.00255692238944214,0.00214580994405424,0.00311404670602329,0.00486033595888487,0.00375277249337814,0.00240479686539488,0.00162817419064878,0.00119037097783706,0.00614011086396895,0.00158437237786321,0.00113762979820092,0.00110251787377817,0.00166138999151353,0.00535327778007341,0.00386557808451707,0.00318974116788898,0.0039736690563543,0.00248698732005261,0.00212438012364149,0.00308154542181537,0.00212658749273692,0.00109627703652236,0.00218602176782221,0.00316369080896944,0.00247099171507531,0.00127340895214114,0.00206129178433662,0.00185576425989887,0.00217784941977318,0.0021373957405065,0.0037255547638338,0.00211788053438623,0.0021684800543925,0.00107659295650676,0.00262086097208423,0.00411682601587942,0.00219875558764585,0.00111191248955318,0.00224419998783337,0.00218320793761461,0.00127281450787192,0.00110278915438743,0.0031009705760105,0.00133676384837989,0.00115452726676849,0.00106864897611283,0.00176027639103193,0.0014633342426184,0.00152279778941409,0.0023055566266157,0.0010379887272896,0.00127603222393788,0.00243546776764906,0.00159730177957092,0.00248616645357039,0.00211252105655181,0.00358924997505563,0.00161439110863329,0.00166006401352351,0.00163300874173508,0.00158792889211256,0.00391031185880794,0.00217259370573809,0.0030611168024247,0.00251828263150925,0.00250692225972514,0.00423513247128197,0.00454219077624868,0.00315524088486587,0.00302861866926849,0.00104285874522044,0.00110047058826651,0.00218400698573031,0.00125513234263238,0.00219530514139566,0.00245862918103096,0.00220417331600826,0.0025270118330623,0.00204321256408872,0.00158031186152516,0.00123302205868732,0.00201654495442169,0.00232398524382106,0.00277031987047357,0.00190372834822874,0.0012282414835167,0.0026912898760387,0.00460188152309539,0.00130256656127727,0.00203915109001973,0.00111488800800946,0.00167462956324532,0.00113280180865693,0.00109479924637678,0.00109435631851738,0.00116180161310856,0.00117404211201634,0.00116048240441044,0.00302784506796409,0.00205712989422433,0.00114987615978425,0.00169537688093208,0.00149252060007438,0.00420537067956011,0.00413553555695148,0.00111480210735151,0.00289431138583455,0.00147481280874377,0.00168022719683776,0.00219439216091457,0.00142940572290636,0.00217117409221117,0.00216504039133738,0.00395341654071969,0.0021702647798807,0.00225997981872211,0.00304062102627628,0.00220987337337733,0.00204683178614815,0.00218793164295254,0.00211733662426837,0.00334623850473119,0.00112406974230189,0.00212599163157138,0.00129779489450802,0.00214574030452563,0.00103726980922593,0.00127685423767074,0.0016511766652621,0.00215089081399362,0.00156253319379159,0.00250150487511751,0.00109103759943131,0.00239596249864145,0.00332410879140991,0.00671081875069115,0.00256274154341945,0.00261654970539451,0.00292978697182875,0.00134056815170774,0.00316306488268142,0.002168527921727,0.5,0.00113434044094003,0.00109736693411281,0.00180205794529737,0.00119061795474297,0.00230020102353839,0.00221315329655093,0.00120251868787714,0.00107161534592868,0.00575992861881378,0.00217194551155835,0.0024275486674162,0.00228515618621756,0.00206523795431107,0.0033294488531104,0.00344159571830844,0.00336839156980004,0.00361320968974857,0.00219338285533425,0.00332232778613496,0.00354443321738046,0.00120440910616794,0.00414682886567412,0.00130884166035877,0.00120015753441768,0.00309671246048357,0.00217913680795786,0.0022615288169387,0.00214437145626762,0.00230476968129859,0.00335313108223683,0.00400797050078896,0.00162167101179218,0.00269912779431766,0.00242706428434902,0.00215984552483808,0.00266123364632248,0.00222096721868815,0.00296939811105604,0.00206629375320788,0.00254055126556306,0.00643928391812938,0.00217387038281296,0.00277909009908664,0.00219181898487351,0.00136124143597267,0.00344572077963841,0.00345195458098281,0.00393356991915204,0.00118994684177687,0.00135846362743876,0.00213629696363195
"DU0064",0.00398999966767035,0.00348217774627982,0.00108162046976936,0.00383075652465457,0.00104088332906008,0.00344321481112639,0.00158050729889385,0.00175147728424106,0.00112680913584549,0.00347355910985406,0.00153376665546006,0.00365182843856691,0.00432945423977144,0.0037420538453049,0.00442228601560782,0.00217142565475054,0.00360143018004094,0.00104848316598483,0.00107891793325217,0.00124705860784687,0.00316401098825453,0.00124676296572976,0.00320265798676871,0.00109673996631775,0.00217908475238113,0.00215009746530818,0.00147458107412601,0.0014493110212125,0.00102603798607927,0.0042575148205882,0.00396629053438202,0.00229575953668801,0.0043204573106651,0.00440331722503918,0.00387935967350136,0.0036912721671814,0.00232598990007385,0.0016583403126252,0.00107900650650479,0.00160674261971275,0.00144884654577707,0.00349399613039357,0.00107903747452373,0.00156779181291452,0.00341506743670354,0.00315006381935113,0.00107938619761302,0.00110516286920341,0.00236179152353952,0.00350309316526031,0.00168281831684375,0.00314699407625749,0.00312673694870632,0.00108615568933295,0.00311434959993226,0.00121133238420872,0.0036229183907779,0.00162909904671301,0.00109580016874644,0.00316401911317681,0.00383344547908118,0.00151440005741712,0.00153080631627634,0.00104694325054856,0.00439493821073644,0.00108098320306623,0.00220954914622887,0.0035572584701954,0.00314049569024667,0.00171406113837935,0.00224592100848262,0.00221428672925685,0.00117061018775788,0.00346191805679397,0.00241185158859359,0.00214234551826664,0.00430063969315637,0.00165815539935173,0.00226192991223331,0.00222252096258898,0.00432589505940069,0.00372712096578768,0.0037791468548395,0.0043359374666662,0.00109075996798412,0.00314161139219324,0.00107769540710823,0.00112868267161418,0.00109184322650063,0.00157767075871741,0.00109675426727666,0.00120455310394064,0.0015385842714175,0.00245757701293369,0.00438539382898744,0.00315080328113883,0.00231808023374906,0.00315840925419898,0.00111301028818593,0.00149450978308487,0.00110309546222336,0.00344564833390733,0.00432754573387204,0.00123548588937643,0.00345122312558133,0.00115663691014017,0.00107378369859987,0.00225626089512166,0.00177514630284172,0.00215806290004649,0.00110473311007905,0.00190002218344697,0.00120499273417776,0.00384176190350747,0.00369639089537014,0.00446998293544355,0.00442846958345413,0.00436181491763221,0.00443097365114204,0.0043697584297268,0.00432008667655252,0.0021846634593235,0.00347281963605432,0.00439611405027305,0.00179006712668199,0.00162037079521108,0.00111741571875137,0.0010974190627645,0.00384881276218425,0.00172739785822044,0.0021236120506186,0.00103319962026105,0.00315845114119244,0.00116950909256913,0.00314153318618383,0.003139337624853,0.00146491113328143,0.00147110435781434,0.00165818865191521,0.0014522884110953,0.00145475075891236,0.0034414990060766,0.00315273340544016,0.00348406713167083,0.00108395659332754,0.00439569068236172,0.00144298658222349,0.00221055974403855,0.00351252206536692,0.00345033761402336,0.00235131834130059,0.00123927882220507,0.00351611693541825,0.00111528610527237,0.00109005759710552,0.00375074099224526,0.0010729156683018,0.001642386429281,0.00184336743911739,0.00219663773328778,0.00162735521240167,0.00166529067956751,0.00115252435197073,0.00107482177001825,0.00221062473155872,0.00113434044094003,0.5,0.00386126126000142,0.00166958498586516,0.00428884240271643,0.00147740552434663,0.00155235056950815,0.00161584617039165,0.0035647083932618,0.00233016318057274,0.00314320920593772,0.00150308035278084,0.0011245377531974,0.00346095879808813,0.00148168534628092,0.00107635246150374,0.0014233140087453,0.00110832997522195,0.00315657391744443,0.0010808961997715,0.0014280799853873,0.00217689397626395,0.00145752112135965,0.00121924848046909,0.00379075305114426,0.00108017456895875,0.00314908238356747,0.00153987831187719,0.00156546527408599,0.00147149462227353,0.00106810657886785,0.00144464444121399,0.00232272459799232,0.00107756748906736,0.00104674208552704,0.00313347382870702,0.00108392851463379,0.00160715409904477,0.00211421598693559,0.00346363830068545,0.00109875151132213,0.00112951093235632,0.00315508386233487,0.00155233682247349,0.00315554814287651,0.00177042312842787,0.00108588998845929,0.00170180553510145,0.00109715072761769,0.00143967159473696,0.00169942624651712,0.00350241016567829
"TT0061",0.0039717409107945,0.00310118471027717,0.00105494862878829,0.0038724664709442,0.00118876545857068,0.00457218862991665,0.00215698320785933,0.00143126427374601,0.00109090253845283,0.00340084972212681,0.0011119175836319,0.00353858084401706,0.00380823766340367,0.0036076405018411,0.0045276760908321,0.00276027069799151,0.0031828216961346,0.000946020392646594,0.00104186542578139,0.00102883392729101,0.00315219750130292,0.00103196727139005,0.00328255204907781,0.00104854537817087,0.00159755083652089,0.00159797741814769,0.0010730533223876,0.00135039015295355,0.000916735701404295,0.00368931819166317,0.00379692976060121,0.00171985982807066,0.00372784374255751,0.00384497049640626,0.00524302242540263,0.00358367572004516,0.0017441767937108,0.00165547408806571,0.00104783571813339,0.00212317983106359,0.00103866510507523,0.00310862235857403,0.00104611821106051,0.00101791454545963,0.00371871419809391,0.00313832061918233,0.00104711614688302,0.00104947752609209,0.00175227222033749,0.00311495961756757,0.00152060618356918,0.00313558025605833,0.00311623045437468,0.00106104798028148,0.00310635862440863,0.00172083432257674,0.00607847199847482,0.00315877738234763,0.00107150954906913,0.00315220699229941,0.00447955539791512,0.00107490094044978,0.00108263528148983,0.00117405461324274,0.00481809588244383,0.00104670813510928,0.00173577257182091,0.00459316299159532,0.0041020515211872,0.00153416840141401,0.00229945053756105,0.00262697543516407,0.00109851621623399,0.00341083191990747,0.00159184540222639,0.00265536133183396,0.00372089089186175,0.00124246837318398,0.0016498988597753,0.0024713785802075,0.00372414782216571,0.00360567155807462,0.00365146767888165,0.00373663558473739,0.00106890217126859,0.00313019256111273,0.00104356771650873,0.00146334004698537,0.00104263342694675,0.00175935562272867,0.00107104664678835,0.00191496351493648,0.00506846769720383,0.00210046705451845,0.00444336759717377,0.00313924244575311,0.00171531860650692,0.00314665360988401,0.00105231217165725,0.00106526099296176,0.00105030265708996,0.00307098383222289,0.00373710940328544,0.00211125973865292,0.00307245836261866,0.00108677543292282,0.00103771939502197,0.00168871418531547,0.00306603099291959,0.00159264792364074,0.00108284173744865,0.00354388072319994,0.00125058973480777,0.00389541957164548,0.00357477999176053,0.00388991013896412,0.00476446549955089,0.00450483051836412,0.00387255822325949,0.00378517764959395,0.00376278651325702,0.00161658756381757,0.00308519972944914,0.00382506232389568,0.00147190143091792,0.00317659872457029,0.00108948026832207,0.0010731388203043,0.00386120996438101,0.00167363914023073,0.00159508784720505,0.00118425461752667,0.00314668199544149,0.00204615269563901,0.00313031247984683,0.00312805822944481,0.00137581114631177,0.00305698981215434,0.00233809493176517,0.00104388170452332,0.00164189446901026,0.00306537386719331,0.00314105259430776,0.00310037159031689,0.00105661765161061,0.00386922321699595,0.00105239452381091,0.00160679184082131,0.00312329926667034,0.00401952031337862,0.00159270870473522,0.00126597785477142,0.00312652925620005,0.00156314032532856,0.00104132994531771,0.00551383491565723,0.000930117594095994,0.00151773888220457,0.00178746874797493,0.00159335871368896,0.00238294505506822,0.00316222200534098,0.00129556284600586,0.00104530079565696,0.00238829159785594,0.00109736693411281,0.00386126126000142,0.5,0.00149991237571736,0.00373123040817304,0.00104074750437007,0.00108631379813257,0.00377365516111566,0.00376578407185382,0.00167001267209437,0.0031319473117462,0.00255306762707584,0.00105860712718108,0.00338210990166384,0.00107549214114626,0.00104913511121048,0.00103957340389739,0.00106149349253037,0.00314485197902183,0.00105264517877405,0.00104584825499236,0.00172105234985637,0.00106464264823605,0.00153585348341181,0.0036725815618622,0.00104800495211925,0.00313757088502421,0.0010117250631056,0.00102329450587193,0.00104461980531691,0.00104711483140192,0.00105238892375085,0.00171751919435248,0.00104141898977745,0.000919865576583058,0.00312237541669313,0.00104608473117811,0.00170800094528107,0.00156264123671989,0.00307978065403625,0.00104816056130213,0.00109368085450054,0.00314370921655232,0.00110540747511932,0.00314380745667644,0.00144110410549016,0.00105857418841888,0.00166409082434962,0.0010722197454092,0.00133658641524893,0.00121066687834598,0.00311483355349277
"CH0006",0.0016702017809652,0.00126374705528923,0.00155178421778844,0.00160778000194761,0.00205857873391125,0.00114676376563812,0.00131726767924333,0.00231066286918809,0.00181129175573339,0.00206647112572163,0.00227411557844061,0.00214940652297712,0.00164227081448651,0.00212937660303777,0.00160556354741379,0.00153418920900602,0.00217771715029694,0.00143538637085903,0.00215741981334276,0.0017291050915343,0.00171225559453728,0.00135809304995796,0.00129435009516335,0.00298279254744778,0.00277099696235137,0.00182845203586424,0.00177468443539426,0.00220086913954029,0.00174786703006489,0.00215073590770534,0.00115392337369117,0.00173944697019856,0.00169171322974099,0.00162818735792458,0.00153369905134706,0.00213673284420235,0.00173021042277377,0.00174032686990918,0.00199608138020161,0.00128956616526258,0.002591139731666,0.00167242198872397,0.00201351433588869,0.0016941473705311,0.00137136128741487,0.00170530809701226,0.00201082964973881,0.00310792477811482,0.00771304478502634,0.00210105516729064,0.00601318320659992,0.00169812700923735,0.0012734513633508,0.00187195893011181,0.00167568623104073,0.00158633002301383,0.0011562843485133,0.00170654759640465,0.00185100676195159,0.00171224189544106,0.00114029491315882,0.00639641788134935,0.00781477480268076,0.00325789448183633,0.00156882330519868,0.00203120797772985,0.00385368255273055,0.00120801944359034,0.00132854195071185,0.00823273798096948,0.00249099043357576,0.00276732225591055,0.00715836722492105,0.00144677503648969,0.00171788701854067,0.00178503879378732,0.00166806384601472,0.00235428273460713,0.00197140385490167,0.00165951568689459,0.00170389088524974,0.00213819318333321,0.00215913345997825,0.00170539003289191,0.00143921463188343,0.00169754475580054,0.00161842316769952,0.00167003725260017,0.00305333734373878,0.0013311889778441,0.00178833027705936,0.00145127067920549,0.00142686393056394,0.00165817115773266,0.00156777169970985,0.00170009333050844,0.00824803606363643,0.00129377199051237,0.00388303020576025,0.00547320229081229,0.0032555768249422,0.00164140857125069,0.00168756959797514,0.00641606851803807,0.00162794650321034,0.00635950551309135,0.00206300030841701,0.00350916419269288,0.00687551614533643,0.001891800496869,0.00177041973813418,0.00194650813781121,0.00166473419710638,0.00120896676094226,0.0021475959079992,0.00164019911369657,0.00152955266130421,0.00158494734250907,0.00164056221103441,0.00167939175090979,0.00164943310546292,0.00182884842130684,0.00164128805793234,0.00163025086048867,0.00221942341658709,0.00248850477920013,0.0022414721840776,0.0018480727968617,0.00162989927977235,0.00188595228926374,0.00318299680136898,0.00181693361627783,0.00170826989893066,0.00314428600453914,0.00169562053481258,0.00169531668511195,0.00219200046693431,0.00168594634072138,0.00189369880778763,0.00201303540705522,0.00143151296083595,0.00163606991566505,0.00170294229715225,0.00166454611285346,0.00152367812123545,0.00160575258207404,0.00191937285700427,0.00654843269723443,0.00168421170014844,0.00132408751034424,0.00186400732711088,0.00171309103889574,0.00168551854909966,0.00255263274048471,0.00304044647930486,0.00143177959054341,0.00180083879892945,0.00237949862993226,0.00130210985740844,0.00185894951767217,0.00138531328368381,0.00169678142331793,0.00314948198419103,0.00196211046085342,0.00189161501346819,0.00180205794529737,0.00166958498586516,0.00149991237571736,0.5,0.00167885709281707,0.00441748657749036,0.00780353145530205,0.00709808272549815,0.00145029310413141,0.00178769559001539,0.00169694782728783,0.00166091651491862,0.00530073861329164,0.00206296939629841,0.00232436798469504,0.00186497609780832,0.00184612169522264,0.00186733557412837,0.00170693605233004,0.00194859191721666,0.0018071601528137,0.00723124090480631,0.00180349416234896,0.00182574194408313,0.0017032486185595,0.0020002108203535,0.00129249996949381,0.00179988866230788,0.00167388215614763,0.00416328727328499,0.00147899459861029,0.00180410530291197,0.00255325340906546,0.00219094372870306,0.00179512582553688,0.00168961828619706,0.002250606936007,0.00188964196949575,0.00187153629994875,0.00165239555913854,0.0031084644626082,0.00180893721097516,0.00129243148972907,0.00243314139033863,0.00170566804170702,0.0017352725149884,0.00152502594672766,0.00136481569441287,0.00146982492069631,0.00698799612874678,0.0064012836858278,0.00168060371914243
"CH0005",0.00387862708308214,0.00348858601925205,0.0015273128989879,0.00371738089635297,0.00113868243753294,0.00334555356855401,0.00154504977532825,0.00175287048955168,0.00118446360299754,0.00347378560422511,0.00158337077869004,0.00407406209742159,0.0037926972053339,0.00415349310450235,0.00423468402252532,0.00204035163837523,0.00359830008152482,0.0011844456237125,0.00113713098680924,0.00128327597039445,0.00316171264192848,0.00128535929674336,0.00303439061234903,0.00114118989976995,0.00220557344486432,0.00216796856856759,0.00154062817658204,0.00151713720609154,0.00146897755431142,0.00422850068749828,0.00382324961738402,0.00222512026407167,0.00424769759010377,0.00423584675649069,0.00374806121111046,0.00411887961586687,0.00225114159402006,0.00161600455140217,0.00114042831270772,0.00155638956712504,0.00150349814250957,0.00349896219467886,0.00152456401574724,0.00160462463284471,0.00316214399262724,0.00314761898378512,0.00114088657387853,0.00114444272354772,0.00180118652182757,0.00349853763197964,0.00215410421694565,0.00314440234374588,0.00350904618586008,0.00114594151032613,0.00349672810317308,0.00153733211832668,0.00343869371864094,0.00158098155706687,0.00115624365685252,0.00316172026398928,0.0033690681719588,0.0015449985853967,0.00155659138238039,0.00108323838580137,0.00378062182838337,0.00114211326124017,0.00170562006047866,0.00382178241670709,0.00317681253453883,0.00217054830362033,0.00214449958919868,0.00167776598378101,0.00119049454363261,0.00318372616502569,0.00227764545269377,0.00165368419897273,0.00428026127005822,0.00165315586955187,0.00221231431169992,0.00169872054228955,0.00427020883045542,0.00414950518898125,0.00418489733897887,0.00426608132444747,0.00153369922540952,0.00313898379604608,0.00152242899334948,0.00130833320029956,0.00113412723338929,0.00155127715497751,0.00153981575466244,0.0010880683269334,0.00144910892507404,0.00238831434442284,0.00419789975610884,0.00314829761612425,0.00223345018864999,0.00315607327802771,0.00115048166772686,0.00153333410538235,0.00114485168896888,0.00345283460933817,0.0042668820926681,0.00147009424279363,0.00344439730271021,0.00118148878759421,0.00151320815620053,0.00222352047678436,0.00166957461960698,0.0017199745136694,0.00154530127999561,0.00172820436692516,0.00121678918916343,0.00372916211035063,0.00368729300174154,0.00426735278150465,0.00380891325907395,0.00419923945133907,0.00382733908845862,0.00429408706791072,0.0037794350508353,0.00223281687684969,0.00346670441739658,0.00426671713771808,0.0022146650817097,0.00155077677516917,0.00157381981107627,0.00115726053540073,0.00373619251761629,0.00169473174450202,0.00164611251618383,0.00111043021255279,0.00315609491924789,0.0014235348921725,0.00313884318263071,0.00313661511312343,0.00152901374410382,0.00140308243379821,0.00158348973677449,0.00152006017643112,0.00143583231314425,0.00344337380983961,0.00315029322314309,0.00348960228588361,0.00114378167334555,0.00379937774054196,0.00152151988146545,0.00174284423527033,0.00351797713016268,0.00335949437486277,0.00187944440908783,0.00110938537363993,0.00352177606463413,0.0013563109270718,0.00113214282225693,0.00363319104191926,0.00116309547854485,0.00211623652164733,0.00177929335351393,0.00218900318503702,0.00155313177453265,0.00160267553474278,0.00116337598799987,0.0015169195892646,0.00211781489434993,0.00119061795474297,0.00428884240271643,0.00373123040817304,0.00167885709281707,0.5,0.00151129209992952,0.00157325787897612,0.0015166649112526,0.00325643680597339,0.00226691563465304,0.00314053009713521,0.00144246698510132,0.00153493411516657,0.0034664807291959,0.00153007767288162,0.00151277453089573,0.00149179609819288,0.00116377450215546,0.00315420953838945,0.001141701363678,0.00149537024673336,0.00166995120411115,0.00152125578077149,0.0014549861352897,0.00419205446740441,0.00114010471517689,0.00314652952618511,0.00158621006034043,0.00160850928483384,0.00151384551665328,0.00150511962829373,0.00150954650496119,0.00219178947340672,0.00151818092958682,0.00115524374704912,0.00313062942462277,0.00113668441575223,0.00157783959038988,0.00213002652036554,0.0034682615006944,0.00114175804645627,0.00118722494516295,0.0031522386649025,0.00160676512491929,0.00315317767952847,0.00221084787283791,0.00114703279640847,0.00166348448492472,0.00115853404156279,0.00117433769171668,0.00215283524016039,0.00350805642551919
"CH0004",0.00149426790291513,0.00195864722329486,0.00248108348706179,0.00146905189926128,0.00280002389898719,0.001076404916613,0.0014404849658404,0.00168863998354414,0.00232063877523297,0.00156581103060423,0.00239238286155118,0.00197393520679516,0.00146739339386903,0.00156080159505337,0.00142597672958832,0.00100831719010217,0.00202874447587345,0.00225160269258256,0.00331952389372624,0.00202328604694104,0.0020338654160808,0.00168089610730415,0.00122614862976927,0.00423229525080517,0.00315797571028566,0.00201262450542353,0.00230449099521805,0.00242949534865794,0.00220606564128898,0.0015505800633544,0.00103863825344092,0.00174678692824323,0.00151436530961015,0.0014485546426749,0.0010496001371977,0.00156041123610087,0.0017504331392802,0.00182598927693129,0.00296468190727824,0.00142759839948069,0.00369115004640256,0.00197734973211089,0.00303092137501434,0.00195967211004728,0.00127067476605173,0.00202295403992483,0.00300552808101405,0.00489001693586751,0.00360106391057208,0.00197125477140776,0.00454225517930319,0.00201528407239502,0.00160932113207292,0.00258931560914178,0.00197631772742448,0.00228939666683859,0.0010383681591664,0.00173962852652801,0.00250834911025646,0.00203384453727513,0.00104335232317625,0.00452974974322474,0.00409471693278655,0.0036536473447786,0.00104589741147484,0.00306264363819577,0.00429262090062183,0.00109631693957894,0.00127577067560683,0.00441943247807364,0.00273526139367714,0.00315392281192008,0.00441768235813074,0.00135921737084431,0.00152535864780257,0.00181735343509546,0.00150766291710249,0.00235580842069968,0.00253630037296428,0.00140755141663501,0.00153528846519397,0.00156031020994828,0.00156549811893732,0.0015298297432528,0.00249408435708779,0.00201163652673276,0.0030431263131038,0.00212731637426924,0.00431772912407959,0.00180701672488456,0.00234233173865109,0.00170042155345028,0.0015746963586993,0.00140587051830767,0.00104082686075783,0.00201860937520464,0.00380830586344477,0.00202811621013883,0.00530233555401996,0.00474936018471608,0.00458653806399383,0.0019302315114847,0.00151001022958325,0.00382581815070698,0.00190775237314276,0.00469148296789177,0.00316063229682744,0.00441295549285338,0.00407164100308756,0.00218962866951852,0.00229781144555513,0.00170079552546413,0.00228791144196511,0.0010799356583413,0.00157182018700331,0.00145990132738902,0.00103475825462676,0.00104405684624989,0.00147438018015802,0.00150085555253615,0.00147730292187666,0.00203398747519065,0.00156655656801531,0.00146400460026316,0.00158917823901292,0.00291829663269702,0.00236111106536264,0.00249519855902233,0.00145655929652298,0.00213494337356092,0.00404303336208226,0.00260015973256089,0.00202894757661279,0.00418063520041489,0.00200942718500728,0.00200757605000287,0.00199517142794426,0.00198779342204383,0.0024400988977301,0.00303801127223394,0.00198530791533193,0.00192480307515874,0.00202229471785037,0.00196801544543816,0.00276684659613564,0.00106196838248597,0.00222283600131969,0.00421819630791288,0.00199478112828559,0.00124425848260538,0.00158289055421999,0.00247960410817931,0.00199639259172494,0.00334941913732722,0.00430010710631941,0.00104629679570654,0.00219439331278651,0.00253653389101075,0.00135156979427592,0.00212919087651257,0.00178543988432238,0.00163811140699945,0.00419675716146571,0.00289483134561347,0.0020198354144779,0.00230020102353839,0.00147740552434663,0.00104074750437007,0.00441748657749036,0.00151129209992952,0.5,0.00389970178290616,0.00362245618267849,0.00140080364237767,0.00179837404682185,0.00201094329296068,0.00180281666391184,0.00485567671653073,0.0019445928579142,0.00265711265486387,0.00262691111416619,0.00259588680440457,0.0025234378553373,0.00202733912121416,0.0028206345518834,0.00248736648319801,0.00395487673329041,0.00239843096726922,0.00178226429875658,0.00154690521210469,0.0030009750981502,0.00201741184831082,0.00208517295809885,0.00159126309041171,0.00520795930976462,0.00228201114136654,0.00243696834003047,0.0032157043098623,0.00340049209887339,0.00221986829353404,0.00200030762142281,0.00350918360266639,0.00241393826831829,0.00209430462441583,0.00195579549616737,0.00439823618321525,0.00232212596608717,0.0016362756360883,0.0025043259371734,0.00202591296131277,0.00157878759791217,0.00276448895321063,0.00156197028180825,0.00257969305356572,0.00359208953733322,0.00429586116804827,0.00198801347286795
"CH0003",0.00118202343387891,0.00205268624014506,0.00230367072923876,0.00149568607916543,0.00169590282944972,0.00109385913206681,0.0012574166156318,0.00176949275973819,0.00222120509768723,0.00200655811122692,0.0017888496585559,0.00163778552837169,0.00116382285114419,0.0016200247457458,0.00111539303615341,0.00107502559127045,0.00207301850465375,0.00234668895555455,0.00247643681048658,0.00215944048448917,0.00211933286644481,0.00216556038243238,0.0011571521338621,0.00314517980909952,0.00210579748576752,0.00171015242167194,0.00216099644683162,0.00211694362616409,0.00230491823166985,0.00159939495004414,0.0011021118090573,0.00124910362142698,0.00157429349715369,0.00152178192240886,0.00109634230806103,0.0016219764431396,0.00124395861853232,0.00163618994559038,0.00235188576363083,0.00123140175934959,0.00259576168147027,0.00206367159858378,0.002360337058905,0.00206343000381239,0.00114345385399913,0.00210803670164397,0.00236500108488725,0.00357345235196537,0.0111746321698966,0.00202855341957758,0.00484880500855141,0.00209912306759781,0.00207037483687106,0.00224551200167289,0.00207055192510519,0.00147208991564118,0.00108170298418338,0.00129194355132201,0.00223431644459822,0.00211930137516204,0.00108611936002397,0.00609194821481518,0.00847198537265449,0.00314076391719254,0.00109313822798668,0.00237851377239254,0.00329223095884874,0.00115306503620985,0.00120797049729858,0.00691563886881369,0.00164466951145321,0.00206893114076295,0.00722872243650194,0.0012432855356075,0.00128576261401781,0.00131252178845025,0.00156287020450285,0.0018003674498254,0.00143124534687171,0.00119757048578364,0.00158375106508909,0.00161936534044322,0.00162315998138455,0.0015882568350183,0.00221033320927137,0.0020970591665455,0.00236214668724319,0.00150946553338256,0.00319082154640479,0.00127464000181463,0.00217716634309996,0.00125499089447685,0.00123865065410716,0.00147403750089547,0.00109792272055226,0.00210292393377024,0.00815380756159889,0.00211117605972913,0.00388281668711882,0.00521150301622327,0.00337006481400913,0.00199203970789995,0.00157024034079016,0.00560852123925005,0.0019661338840952,0.00606909071544492,0.00238967004055074,0.00304311626675379,0.0059931441470335,0.00139344519124086,0.00215714105049299,0.00137893112214558,0.00139079149903578,0.00114225975325518,0.00162819245488197,0.00115423026154403,0.0010779298234377,0.00111568975075808,0.00115549404179719,0.00156157311715134,0.00117066282042011,0.00170787486678637,0.00200157645765831,0.00114010893156477,0.00168062291132238,0.00193659062605778,0.00225556615124045,0.00223211822158971,0.00151104433297397,0.00178503537618034,0.00279653567544387,0.00160309431388428,0.00211396715264816,0.00272969143639175,0.0020942344491195,0.00209293048256252,0.00210690544873868,0.0013471981793479,0.00172599051190865,0.0023518880523935,0.00133036291363008,0.00199579718478557,0.00210673724727712,0.00205499880146458,0.0022880543162137,0.00112849555115209,0.00775897947985174,0.00573262360568723,0.00208013896205967,0.00106143526177761,0.00169129796566727,0.00150149633904742,0.00208286296974918,0.00207558849262812,0.00317827999222992,0.00109574998763395,0.00229297874787532,0.00180821595399262,0.00124133707859789,0.00172497010833247,0.00130201669366267,0.00126476085855317,0.00257227638385527,0.00231027593339261,0.00137341543038625,0.00221315329655093,0.00155235056950815,0.00108631379813257,0.00780353145530205,0.00157325787897612,0.00389970178290616,0.5,0.00604579487472776,0.00132410117829899,0.00166525177263324,0.00209611303551401,0.0013012933801823,0.00508269594897414,0.00203385800660144,0.00220035200347396,0.00227450436686114,0.00218377445493698,0.00222507652469155,0.00211213679121804,0.00231097858779917,0.0021869173134327,0.00598338500578948,0.00213498068490987,0.00596129827753133,0.00160347667336335,0.0023466788252931,0.00210219567019756,0.00218959221540297,0.00208298539915253,0.00408122036474546,0.00221487156947957,0.00216399647941845,0.00172129742516638,0.00249402123244836,0.00231768904663398,0.00208550196983688,0.00254359568051417,0.00139875978631593,0.00174583652230721,0.00201439773369123,0.003248480802193,0.00222041863523683,0.00210532197330668,0.0019130401961947,0.00211038946244524,0.0016913204552378,0.00230376790338028,0.00125935109030337,0.00226509015169948,0.00616715290865501,0.00560776350873996,0.00207415541075169
"CH0030",0.00151804447917236,0.00108606600145831,0.00141879369705379,0.00150524101324317,0.00248107090167423,0.00304342275955447,0.00171347692812386,0.0012013040215169,0.00121501567574013,0.00131096803867417,0.00128256425668621,0.00133518750836196,0.00147967101013777,0.00134122088866398,0.0024288995817638,0.00188723627634661,0.0011422794426797,0.000938836207945026,0.00162489563016637,0.000970226219131161,0.00111103825743073,0.000973282732609864,0.00137278364291048,0.00252861398520148,0.00244554966413483,0.00163706669763482,0.00121472571791811,0.00130173445665763,0.000911947164168724,0.00142350034425754,0.00190880474467431,0.00160994438146148,0.00147045723234372,0.00162264760160779,0.00358915515651361,0.00137854055344325,0.00169338072173553,0.00148411260469718,0.00145088175344288,0.00167513290280604,0.00214113178275945,0.00109056624856955,0.00147379095117454,0.000948876673328015,0.00185187939435964,0.00110876756013699,0.00146415521978391,0.0031085617598535,0.00689485307578488,0.00111631046090216,0.00554854928079364,0.00110352348485123,0.00109197179544539,0.00132981235634482,0.0010964574694882,0.00212912976496341,0.0083187940487311,0.00422536665767105,0.00130096602857223,0.00111103716728994,0.0016122012267887,0.00614524708218639,0.00648710459832007,0.00352883124269713,0.00290158940181424,0.00148625181537497,0.00406114581706272,0.00163489931266293,0.0013673815507573,0.00715654690337287,0.00336405629562358,0.00425289723628725,0.00684105384059935,0.00146350243070078,0.00138044466807164,0.00323681974997168,0.00147229911237991,0.00147484282160378,0.00192029339302082,0.00261622681602136,0.00143933026663641,0.0013536854415311,0.0013779750616846,0.00151087464778512,0.00130121121720932,0.00110416244984395,0.00148191799770249,0.00219146389491434,0.00261472102071039,0.00191064018055589,0.00123040547184707,0.00156318672769252,0.010924573598512,0.00168753538929122,0.00184010472672048,0.00110372485368547,0.00725535973984239,0.00110593263163724,0.00349881248012809,0.00521412724862109,0.00282033181210525,0.0010779702659478,0.00147920162279673,0.00721426241994074,0.00107727561814858,0.00608841832673134,0.00153333923187293,0.00370206079292671,0.0092387782332132,0.00152621317274652,0.00121961199121644,0.00501322216460887,0.00173281319098652,0.00151958913906187,0.00134007239562891,0.00169494194549825,0.00248525174478561,0.00235134561958887,0.00128129757790414,0.001502017850024,0.00126997867948859,0.00168282089992994,0.0010748309079518,0.00156697317299747,0.00125518993805958,0.00565328618676517,0.00124745653354367,0.00129912187936833,0.00152061963670965,0.0017456295644693,0.00299831458396286,0.0019012962756451,0.00110859823922953,0.00390061627348397,0.00110299204500639,0.00110372194776011,0.00146820856272943,0.00510522870436739,0.00200307302236717,0.00147851936040916,0.00253557771750402,0.00107747806603531,0.00110536695216733,0.00108708409906992,0.001386206254446,0.00151556717742011,0.00146915106033333,0.00647779823447673,0.00109731166379735,0.00227021912946934,0.00115978802781274,0.00182490538953114,0.00109746620002341,0.00288265478671782,0.00260321421847103,0.00582086244849952,0.000928417395373083,0.00142520761265951,0.00157928822872796,0.00171406265100054,0.00261414738705099,0.00427646471048064,0.00323608760589462,0.00142879799099242,0.00283263894151376,0.00120251868787714,0.00161584617039165,0.00377365516111566,0.00709808272549815,0.0015166649112526,0.00362245618267849,0.00604579487472776,0.5,0.00194842859772537,0.00159287564630562,0.00110375701862606,0.00329518447995377,0.00502086096894275,0.00127293617249885,0.00138460240538347,0.00133548804621607,0.00133083553889055,0.00129507615508314,0.00110779394460775,0.00140619387332426,0.00129584972457542,0.00748075840526499,0.00127259614169925,0.00228043921587551,0.00139489470980656,0.00146228129075809,0.00110636125061162,0.0011080475879406,0.000950526624180265,0.00383190639970415,0.00135270575986993,0.00127455765476012,0.00270552111750061,0.00186912675504819,0.000919535917035613,0.00110039814405985,0.00195539868821162,0.00186610301525399,0.00163971977167944,0.00107965384665141,0.00266282609102812,0.00121136952527631,0.00110588937816162,0.00148308098040345,0.00110708268802446,0.00120197849431632,0.00138452748880165,0.00166451255242952,0.00132433174672301,0.00775226033613914,0.00623214121201487,0.00125263739588944
"CH0001",0.00370713989668423,0.0030660000469959,0.00109583848968758,0.00496409096080449,0.00153174807136303,0.00342192309388091,0.00158423135744882,0.00119933597607275,0.00106763445843111,0.00324494467255812,0.00109409760886241,0.00339822378487679,0.00356427683675229,0.0034339471517693,0.00359906979980152,0.00183503225541117,0.0034096064134045,0.000921500245414545,0.00111221649642987,0.000954936435846234,0.00311647399545055,0.000961282506947704,0.00607793766082802,0.00114045399496577,0.00123312878891512,0.00142359616266154,0.00105673789244445,0.00125784858654624,0.000896198040495384,0.00348200136619015,0.00396722682429907,0.00147105359195159,0.00349778631692237,0.00354911791840892,0.00371342733521985,0.00317566265632268,0.00146369626374425,0.00162239982030869,0.00109765539863226,0.0015783947835267,0.00111363283921309,0.00307140974028378,0.0011036698309654,0.000937241716465259,0.00419072395151322,0.00310277460943156,0.00110014432935336,0.00115806400334943,0.00154866770834777,0.0030731052778113,0.00119164697555971,0.00309982980243284,0.00308149785467994,0.00107383441461225,0.00307063729110059,0.00213376343610923,0.00341510379336226,0.00158802822123166,0.00106878347441058,0.00311648312110764,0.00390769398630518,0.00109794638693405,0.00108906815190329,0.00234775263601664,0.00365601157040572,0.00110425762996578,0.00151880581291656,0.00392558311711881,0.00558321224924666,0.00150211445467381,0.00148630617219197,0.00159098720764662,0.00111113625295413,0.007521037135573,0.00129485026069029,0.0015536520150551,0.00325768420107934,0.00110233078065742,0.00124634944172575,0.00154161998918285,0.00327691341638824,0.003425604656313,0.00347169598524234,0.00349708111046291,0.00106814836713078,0.00309469537357321,0.00110204539332422,0.0082677643476989,0.0011368297479108,0.00226971388251798,0.00105912121232385,0.00258116145752232,0.00136362967531443,0.00163056984307868,0.00358209403435444,0.00310363776139521,0.0015502155975728,0.00311099451884871,0.00115112398947567,0.00110485046959775,0.00115349331225024,0.00302983097801706,0.0035022599483737,0.00167921711976628,0.00303220605272738,0.00111596280776966,0.00110428598696579,0.00128813781093184,0.00165444720533205,0.00120723624806281,0.00106663774300988,0.00171593009927111,0.00330075741958133,0.00369218034586676,0.00340414224213195,0.00355354958132051,0.003726842823121,0.00361967277434863,0.0033840159724808,0.00353371968198235,0.00330475054936988,0.00119651592311885,0.00304692324005928,0.00353596848648234,0.00100293719600958,0.00165445272721057,0.00108270320800318,0.00107106255534251,0.00372369088600297,0.00150767610999231,0.00160735734360439,0.002163276938938,0.00311101197908708,0.00233200215876647,0.00309464548187063,0.00309235373869982,0.00124721123096348,0.00228365358345429,0.00224287848662832,0.00110212068242916,0.0020417783148261,0.00302677156951491,0.00310550603576481,0.0030656404379066,0.00109260874924323,0.00361284351652599,0.00131723852325465,0.00123278735263778,0.00308848717339214,0.00826724174772662,0.0010758395173194,0.00614697992311558,0.00309182857251951,0.00213226839573586,0.00113454482967997,0.00416797247794658,0.000894916054377946,0.00155541007670732,0.00153517073402633,0.00141270232952435,0.00167291944753841,0.00157381456310979,0.0150915270999031,0.00109114539649291,0.00152572648026733,0.00107161534592868,0.0035647083932618,0.00376578407185382,0.00145029310413141,0.00325643680597339,0.00140080364237767,0.00132410117829899,0.00194842859772537,0.5,0.00143880940333556,0.00309633266415983,0.002368715800517,0.00110963552881522,0.00304273662004386,0.00133440295946495,0.00107990248316473,0.00127740265566355,0.00105764762820407,0.00310920787960197,0.00109071653696392,0.0010568010117188,0.00179017691229517,0.00104617791398543,0.00253850950500308,0.00351640380518983,0.00110351769610077,0.00310196089406552,0.000929906796010642,0.000948981052278228,0.00112674507886749,0.00107086439861156,0.00104745182261166,0.00151011960483588,0.00111156251616992,0.000892870989231223,0.00308661309089836,0.00112095241858463,0.00234433664087627,0.00145745547147033,0.00304479677051687,0.00114519526927997,0.00107030971613279,0.00310946606210391,0.00113284821906986,0.00310829526547573,0.00123821756884267,0.00109076370463846,0.00124929214094986,0.00107781785524079,0.00176331141543923,0.00120157901584041,0.00308015845583245
"DU0066",0.00182359405534152,0.0015943676279056,0.00228276097678208,0.00169962652720632,0.00163434948812526,0.00134693925314014,0.00442048129817093,0.00178231719618846,0.00537921427581485,0.00158769758206217,0.00398954723418557,0.00172439545457387,0.00224732297110769,0.00222216908085824,0.00224849948983873,0.00204740649850749,0.00167440845031375,0.00113126847510452,0.00178271111392658,0.00132512050854316,0.00124159570803271,0.00132291365785878,0.00131752379443333,0.00155683000153365,0.00271919825484853,0.00422009449261752,0.00439260552050079,0.00337118015580465,0.00109683883797413,0.00229483522864905,0.00166516218766215,0.00657699259431702,0.0023352274285098,0.00227208987632062,0.00170875903250449,0.00218546610428175,0.00652637971830372,0.00450600002408964,0.0022421533203419,0.00456768119861726,0.00196835191319516,0.00160242260414487,0.00214560632208874,0.0016412280637339,0.00139867573048906,0.00123691402157871,0.00221119639873402,0.00147535420532144,0.00193267182694403,0.00161315424499691,0.001859769092016,0.00123249034391753,0.00160674779317902,0.00282755289863929,0.00121045670583413,0.00231394297089265,0.00148165769420749,0.00318314876415179,0.00321719729947718,0.00124159470187704,0.00166850909228641,0.0016881467778509,0.00166334204947923,0.001320583766679,0.0017664111125615,0.00214955229661355,0.00207820041012233,0.00131694197731488,0.00127490041576327,0.00183138006089714,0.00265289463397734,0.00211772800407052,0.00132158504057654,0.00147008937657655,0.00235352275605704,0.00305507535159942,0.00229413072933803,0.0032974638265121,0.00323795782838378,0.00428272213156677,0.00231136372456407,0.00220382593757707,0.0022371004718492,0.00234502436735626,0.00304348576935061,0.00123077307114169,0.00212657024059465,0.00264591320684736,0.00152430391605263,0.00480122662819565,0.00405671653161095,0.00347612771976757,0.00339142058395693,0.00237492179666704,0.00223359350995391,0.00123598336523686,0.00235477403861837,0.00124113410656275,0.00145393488847536,0.00167767409675224,0.00151919646311485,0.00157509002784327,0.00233651411095755,0.00135014554095192,0.00158244876075141,0.00133370469639461,0.00240570189795294,0.00257830622440059,0.00180285171430872,0.00377798329489418,0.00413829785778079,0.00315205469085187,0.00225182821953304,0.0017120917161181,0.00218538444437661,0.00228331425634175,0.00174819423111535,0.00175467011737182,0.00232381477833095,0.0023361115754244,0.00225527025723901,0.00414977005031947,0.00159395846475429,0.00227948783471946,0.00224510048310934,0.00197836102676763,0.00366987717514283,0.00324333172027707,0.00174803593035987,0.00355613271264494,0.00204487013848363,0.00174163240779108,0.00124014419335264,0.00151166303485575,0.00122984488195425,0.001228274560355,0.00361463620175752,0.00261164022060076,0.00286099474470412,0.00250138221726448,0.00271245437528299,0.00157416121072434,0.00123782215456114,0.00159603514579053,0.00242994189312948,0.00229980401436679,0.00157883861091747,0.00233657040419944,0.00161038516528621,0.00135723391101961,0.00192104353214933,0.00209754428017822,0.00161302322270787,0.00163801121805472,0.00152275676223186,0.00156510886282385,0.00114558095749537,0.00430690664589361,0.00622038480945551,0.00377713207622517,0.00318032830390142,0.00353562189626659,0.00137600891295676,0.00263081463442756,0.00324847874476541,0.00575992861881378,0.00233016318057274,0.00167001267209437,0.00178769559001539,0.00226691563465304,0.00179837404682185,0.00166525177263324,0.00159287564630562,0.00143880940333556,0.5,0.0012297129770276,0.00291742107143723,0.00169646942342113,0.0015791960522655,0.00293537642000197,0.00293852878966232,0.00291366682146152,0.00280769585321697,0.00124019321164524,0.00239148417422262,0.00309850142003992,0.0018133092728112,0.00375204042684721,0.00133973725791797,0.00224229209538772,0.0025498481189667,0.00123325268684367,0.00158881165382517,0.00163983839839583,0.00176261539771857,0.0024953252636925,0.00354797850634501,0.00271182425093161,0.00173440978806015,0.00112474213938014,0.00122458827542659,0.00208505547611993,0.00278471243836142,0.00404804217249975,0.00158747731683132,0.00153672288491078,0.0053831571624205,0.00122886850739871,0.00277988208175434,0.0012396814454128,0.00227356744773735,0.00251306766218068,0.00411772636237443,0.0030177092216643,0.00156492416687283,0.00184886679694246,0.00160537773134534
"DU0036",0.00321370977710398,0.00393907863130945,0.00208908144156708,0.00312049550804782,0.00102976090343975,0.00294923456967017,0.00110159568519912,0.00173226739531655,0.00216487667818569,0.00386523168012981,0.00208141098707488,0.00354736856780246,0.00313166304984639,0.00358103806772765,0.00310496224181769,0.00107063385410081,0.00356386817561782,0.00236591427946177,0.0021246434540516,0.00216825914732497,0.00405383704265731,0.00217661061208496,0.00291255460623053,0.00213628063904791,0.00164794823235191,0.00119057835149405,0.00208563071464632,0.00196746520840419,0.00231837445182022,0.00357230192003849,0.00335704911546036,0.00118792017512622,0.00314624030478338,0.00309972563958469,0.00311935625374239,0.00356031939628255,0.00118108881826644,0.00110894127174598,0.00212653374709356,0.00111018680369526,0.0020273114231277,0.0039625389366435,0.00210810937021748,0.00205797272710413,0.00302334344323239,0.00403233565606717,0.00213005405198499,0.00212816782560795,0.00118567944025473,0.00389710049964308,0.0016780966544176,0.00402537191449992,0.00398095050160041,0.00210618014498576,0.00395072154748335,0.00114062687866814,0.00301571359356267,0.00111377430854187,0.00212490428302993,0.00405382998205966,0.00317410278877556,0.00208275366838778,0.00204965225053025,0.00100557168678134,0.00311428770732087,0.00212927133296264,0.00113786295294127,0.00327338473224494,0.00295256809254896,0.00166045954155246,0.00113752033939724,0.00112994456663774,0.00214858893322189,0.00304277100683854,0.00126989014111163,0.00112667060849752,0.00314794138157753,0.00211446931627877,0.00118761583173495,0.00113322550584887,0.0031784714021638,0.00357654790956438,0.00357349739143156,0.00315575682024578,0.00207884901900432,0.00401627196610637,0.00210713429368904,0.00110272838527779,0.00211019731051086,0.00114003616866559,0.00210313227705305,0.00105616621066187,0.00109796123473782,0.00112558012892515,0.00307919153357817,0.00403201292510268,0.00117072506979992,0.00404552314342439,0.0021411799299093,0.00203369573339837,0.00214397162593514,0.00385718318507734,0.00314682218730024,0.00108191971925332,0.00382974821214834,0.0021468034602111,0.00209115782700312,0.00118876368902193,0.00111645753327336,0.00118090559407387,0.00208104481706261,0.00111779281176271,0.0010675621755185,0.00311892875710225,0.00357781808638761,0.00311866059969313,0.00314428995706209,0.00308617056094857,0.00317052417869448,0.00316196224128431,0.00311977298726624,0.00121202147425364,0.00388201049995697,0.00311808648136614,0.00126394508923446,0.00110031343425545,0.00214662568850712,0.002118171387055,0.00309296599510307,0.00116270748010879,0.00112398499792229,0.00102408141390259,0.0040455326946127,0.00108342358140206,0.00401596037331166,0.00400882892196052,0.00200403222159534,0.00107673836000176,0.00113134159374246,0.00209913224455675,0.00111792571820558,0.00385784215622438,0.00403610579826108,0.00395227545451834,0.00210818532092702,0.00312209124950137,0.00201641407902026,0.00116535230182707,0.00399325410357346,0.00295882422982833,0.00124373042033175,0.0010899688550138,0.00399939321762912,0.00106478797053681,0.00210472160425976,0.00311472481825001,0.00230450870505824,0.00124714407005815,0.00121324529299139,0.00120370139846625,0.00109844213857739,0.00111625710709593,0.00115386479114115,0.00209381576417898,0.00113150423634236,0.00217194551155835,0.00314320920593772,0.0031319473117462,0.00169694782728783,0.00314053009713521,0.00201094329296068,0.00209611303551401,0.00110375701862606,0.00309633266415983,0.0012297129770276,0.5,0.00107490641727184,0.00207562005739433,0.0038903325917026,0.00199971984720324,0.00207432138010462,0.00200040712005516,0.00213732870858243,0.00404270028821911,0.00211897144628177,0.002000641391332,0.00109580546582812,0.002051414102692,0.00117958488832796,0.00313662526954708,0.00211001365252622,0.00402748169334109,0.00219272279325474,0.00208498448069164,0.00204142191655558,0.00203213482023747,0.00204335243066656,0.00116581442201984,0.00210499092410181,0.0023323414910921,0.00400155895428934,0.00210893641385782,0.00111011369468049,0.00117556927191727,0.00388859565930292,0.00213884740006081,0.00217265343534674,0.00403185862784622,0.00166858403346611,0.00404070595345565,0.0013106449399596,0.00213089091834515,0.00112888748115672,0.00214024242625563,0.00109219912183935,0.00122913917663125,0.00397906746128962
"DU0037",0.0012343151391206,0.00105489000368031,0.00298017451522332,0.00169087414994394,0.00377331053242648,0.00313798995088183,0.00382745775808446,0.000966684868246253,0.00250151029508173,0.00104288125355928,0.00278894991314258,0.00136892533569429,0.00146319104696446,0.0011092366650973,0.00165476100683209,0.00268565412600894,0.00133802506051116,0.000957061006459225,0.00266016505823639,0.000974339812959795,0.00108424493872214,0.000976636645836684,0.00368194063126221,0.00219882968245692,0.00289665310814807,0.00329643302105509,0.00263854884182566,0.00284703684091234,0.000918370491669442,0.00113140940734665,0.00155214244741677,0.00291112065452792,0.00141914865694586,0.00153802635608889,0.00246185560791032,0.00136064795031269,0.00299542437116107,0.00337590547789831,0.00293852680900721,0.00383634825202558,0.00231788684269342,0.00105836492605019,0.00283450334074387,0.000945281166590608,0.00251540425279399,0.00108105959689576,0.00290530405245499,0.00197227062992147,0.00180798537437739,0.00105599730208827,0.00163554011412331,0.00107739178940297,0.00106405383964093,0.00303209276619657,0.00106307756771669,0.00430947651263448,0.00330469158955366,0.00473089045237821,0.00286614162425766,0.00108424493064601,0.00254515377855655,0.00140487344172375,0.0013215866984139,0.00346383907743198,0.00227929342561772,0.00284120135796788,0.00188994909645532,0.00226981164985439,0.00264540800620001,0.0017063987040274,0.00264081617264671,0.003515016310368,0.00139570181659526,0.00391300633125528,0.00134580483911672,0.0045506890701173,0.0014216672345403,0.00156142900115566,0.0032676698382128,0.0040152254778145,0.00113433090210977,0.00110936494704873,0.00111630002014441,0.00147555232849195,0.00289034639948181,0.00107576599592639,0.00281790735809466,0.00452494837865165,0.00212842506008243,0.00402061976236018,0.00272202917554548,0.00536942374107255,0.00531494889860506,0.00182826882673793,0.00207521175805787,0.00107995567199657,0.00175973055147562,0.00108418451267403,0.00188554458356371,0.0014467974395421,0.0020833597842414,0.00104226080881678,0.00142335354779523,0.00272678221297886,0.0010425987539993,0.00144602298085859,0.00270325411435888,0.00247232028759032,0.00285434068209189,0.00330244832715091,0.00267059725285254,0.00326121977325615,0.00468211247593927,0.00166333482411013,0.00109686756665147,0.00154111575901619,0.0022122913258742,0.00210017318680774,0.0011945774755926,0.00142883301799636,0.00117227281854932,0.0032959191910311,0.00104467512476884,0.00148668652045011,0.00125310920929467,0.00379413423729262,0.00267495995427461,0.00284481562208263,0.00165097950699426,0.00326093720960686,0.00264729314711039,0.00427649775827416,0.00108340778128812,0.00351983781565997,0.0010748613637376,0.00107331861704406,0.00264458423890685,0.00517735811456534,0.00431428218887524,0.00280046590982929,0.00477846864448573,0.00104181203587591,0.00108169024843381,0.00105790062410138,0.0031244597415159,0.0015774421624764,0.00146323020691124,0.00184979248622504,0.00106590765115278,0.00309783470789684,0.0010424868948124,0.00561972973562765,0.00106707863881191,0.00374847454777044,0.00213062816647057,0.00282843008007624,0.000918448134947692,0.0032352603690966,0.00295295250254789,0.00344643977736084,0.00484417572448089,0.00448701596083419,0.00363942520585895,0.00293354700646714,0.00407068433706855,0.0024275486674162,0.00150308035278084,0.00255306762707584,0.00166091651491862,0.00144246698510132,0.00180281666391184,0.0013012933801823,0.00329518447995377,0.002368715800517,0.00291742107143723,0.00107490641727184,0.5,0.00158354581393211,0.00104644100696213,0.00314748545254984,0.00312028094571071,0.00310128998047715,0.00282144907825785,0.00108336298254971,0.00308910055808635,0.00294987351827514,0.00248304594920143,0.00268186912151342,0.00281742558142561,0.00142786324628751,0.00284932337259796,0.00107779107809026,0.000926322834021866,0.000952225561409125,0.00173909001209399,0.00317391516779422,0.00279619191274579,0.0029211382260951,0.00257514707816382,0.000919205260639625,0.00107011025948903,0.00251265742323416,0.00415750309084512,0.00337349132878791,0.00104784658184016,0.00213903403859473,0.00250143076104607,0.00107658399654205,0.00303982685047155,0.00108348471435146,0.00127798867800807,0.00320461863262621,0.00336965644061064,0.0029813199523925,0.00357216144106513,0.00181280388183619,0.00106342403493252
"DU0034",0.00113380968229182,0.00202653431522019,0.00265311942035872,0.00110842438319752,0.00240427720134284,0.0010884888415852,0.00135775636537601,0.00173467062588139,0.00230164714254632,0.0019761182358674,0.0019110224001695,0.00160596854019112,0.00149018905685162,0.00158849838200945,0.00107570717468111,0.00103838716348661,0.00202393300917011,0.00232802954076656,0.00302669488441033,0.00214633439042688,0.00209809974744149,0.0021528102274531,0.00109643594337459,0.00382211098341908,0.00276604927510947,0.00187527853971578,0.00226377797526629,0.00229264279765984,0.00228568950912734,0.00156657630743148,0.00105972228378494,0.00130308586285425,0.00153499193497824,0.00110178856725548,0.00106943853406841,0.00158875856608722,0.00130644452231053,0.0013662020624079,0.00273917815429285,0.00134073689156069,0.00331534798400981,0.00204319829416734,0.00278671759173896,0.00204605242786276,0.00111568273470629,0.00208811538740563,0.00276999194892487,0.00444088263436495,0.00450702800123921,0.00199688018840426,0.00590502065824406,0.00207924709183873,0.00205208054936572,0.00246695895998509,0.00204388951248635,0.00195505971222413,0.00106334125494998,0.00154757988627881,0.00241287732917965,0.0020980833129933,0.00105922183728634,0.00589864196420857,0.00538381875431609,0.00368553948003005,0.00106111840237625,0.00281369412404417,0.00425577745813575,0.001118381349061,0.00110595959186298,0.0053276761813314,0.00233936696452558,0.0026992377017739,0.00578665803805448,0.00118805209620863,0.0016110515259444,0.00160200370740876,0.0015295530174037,0.00230851444115197,0.00223604292737813,0.00131252688768399,0.00155109500883341,0.00158719904025967,0.00158530830035804,0.00155009923885965,0.00239593321975914,0.00207592856369188,0.00279977945860068,0.00162765860189326,0.0039001459237555,0.00139756687449494,0.00229465280964351,0.00141879896567408,0.00142045952300677,0.00143630633061616,0.00105917812422818,0.00208217575582527,0.00514154784809937,0.00209143425432117,0.0048505566497335,0.00609235356982888,0.00414727831127446,0.00196631121290098,0.00153067628804202,0.00524815434240002,0.00194167707569414,0.00608877545337173,0.00288692601315377,0.00389982025284735,0.00515330088239748,0.00200706342947665,0.00226162585044106,0.0016538367268716,0.00181237000852537,0.0011046803290544,0.00159851739039496,0.00111030513951893,0.00105162834783671,0.00106830057565099,0.00111382987005996,0.00151999234830994,0.00150378146057991,0.00188832765175094,0.00197508831710505,0.00148272498824417,0.00164898651270446,0.00248716169997931,0.00228685678181396,0.00240603488522177,0.00110122947604129,0.00186997278722696,0.00316617963759573,0.0020807732987155,0.00209288346453571,0.00365036586535512,0.0020736453588145,0.00207245801347614,0.00220619592991494,0.00172055020494051,0.00178586175847936,0.00279032297085573,0.00155720381916359,0.00196982989904175,0.0020860655725954,0.00203659920575998,0.00259481770230428,0.00108096507417109,0.00225526296879667,0.00561026205850745,0.0020601041766042,0.00108143511022857,0.00163550135817023,0.00197707474332457,0.00206196905903575,0.00266905051428372,0.00388387339935483,0.0010648955382262,0.00227278945405733,0.00195949270743386,0.00129090370033025,0.00186417673141335,0.00157546273405018,0.00147354711947288,0.00337133531271565,0.00268076682821496,0.00174977939337829,0.00228515618621756,0.0011245377531974,0.00105860712718108,0.00530073861329164,0.00153493411516657,0.00485567671653073,0.00508269594897414,0.00502086096894275,0.00110963552881522,0.00169646942342113,0.00207562005739433,0.00158354581393211,0.5,0.00200524450981202,0.00244343630490107,0.00238955851451643,0.00242469741861319,0.00236178687334204,0.00209110823871539,0.00263424169686773,0.00227136573469206,0.00493363849216705,0.0022590525059931,0.0015380384032012,0.00155967567564433,0.00276213835869316,0.0020827675978576,0.0021683957007648,0.00206438850781867,0.00509947129371926,0.00247999097610877,0.00233117928114115,0.00243657124187419,0.00309023864827546,0.00229749352517088,0.00206513383226697,0.00318426466611403,0.00176907857573037,0.00192699075051307,0.00199096404170784,0.00397310051532104,0.00230161554323287,0.00208503639484551,0.00226096132217073,0.00208962998592955,0.00166771202575551,0.00259633851568814,0.00143007402543749,0.00246786644468526,0.00497418891715015,0.00568625486292922,0.00205429010473522
"DU0035",0.00315734406125644,0.00383532929914129,0.00200570739994099,0.00306368322466691,0.00108511603965945,0.00289928814889835,0.00107157294345225,0.0016878897919557,0.00206037039681934,0.00378933369697894,0.00162595650439797,0.00347598427542731,0.00345008756124236,0.00350986496717229,0.00341590093046379,0.00111781516886269,0.0034839335462592,0.00223936864623204,0.00202007664319868,0.00208019147995575,0.00392432887789767,0.00208835583054107,0.00285963669646691,0.00203720575079258,0.00160375663751034,0.00153375682926986,0.00199948514913798,0.00190027891916478,0.00219749152583592,0.0035032444521967,0.00352648881188853,0.00153704498327151,0.00346996475746443,0.0034127041205779,0.00339063632829466,0.00387858276596006,0.00152576738657709,0.00107689631971597,0.0020203897318594,0.00107756627143824,0.00196037564567762,0.00384795582072737,0.00200985143472373,0.00199595823637161,0.00296818474446672,0.00390339986527115,0.0020238661218597,0.00203453743499952,0.00117672005212642,0.00343233330882368,0.00204808463553551,0.00389669761079747,0.00386049897581711,0.00200352109070434,0.00384546459243573,0.00111171465599014,0.00296515129895183,0.00108929797448909,0.00201838005133543,0.00392432119845613,0.00311658230635529,0.00200941425486909,0.00199938956165525,0.000986799061925538,0.00340683672400695,0.00202343164933134,0.00148186180654827,0.00321832012519939,0.00289983365909374,0.0016377006841944,0.00143829584284436,0.00145734238912089,0.00206646941254283,0.00298827266214173,0.00161389589471733,0.00143668434873789,0.00347380240414265,0.00124411377148511,0.00152803640004061,0.00110485789506669,0.00350539310464241,0.00350668585028076,0.00349986006712823,0.00347890692764481,0.00199750509642176,0.0038886446859275,0.00200841805394511,0.00107043266264011,0.00201546883970998,0.00110498223968214,0.00200209329324445,0.00102426126583548,0.00111759183370667,0.00150258386167694,0.00338777437933771,0.00390300987759193,0.00155503995047075,0.00391604034355008,0.00204682806645169,0.00198440016711174,0.00204608117486881,0.00377257689565293,0.00346959660222454,0.00107945096402011,0.00373911302105334,0.0020629338933609,0.00199381362892566,0.00154910068861723,0.00143759679397568,0.00152361535768091,0.00200363801854399,0.0010641458491139,0.00103723126970922,0.00342053059426214,0.00389775469879104,0.00343606146501588,0.00343060170956878,0.00339567405291181,0.00311381179145334,0.00348592353468945,0.00343838090388158,0.00155584094820288,0.00378756944900255,0.00343631320234283,0.00161341116429668,0.00135913523428198,0.00205334825931482,0.0020154564600892,0.00340787871061875,0.00150077929576428,0.00110157107758947,0.000995670909075201,0.00391613919821065,0.00106597014490734,0.00388760834631331,0.00388394793482115,0.00193698423378993,0.00104976264059399,0.00110090235737404,0.00200230793838833,0.00107781705787501,0.0037660056792994,0.00390690815848636,0.00383590853712938,0.00200621857130185,0.00343413070190842,0.00194934305930899,0.00153807518275214,0.00387199758548999,0.00290886682215683,0.00122098095861422,0.00105926034936045,0.00387641076177429,0.00103989351390842,0.00201254088174279,0.00329260988248991,0.00218253019274831,0.00120552951178552,0.00117767639976412,0.00153148355711993,0.00106954648883134,0.00138585898046824,0.00110656509257358,0.00199484738366745,0.00146054624156055,0.00206523795431107,0.00346095879808813,0.00338210990166384,0.00206296939629841,0.0034664807291959,0.0019445928579142,0.00203385800660144,0.00127293617249885,0.00304273662004386,0.0015791960522655,0.0038903325917026,0.00104644100696213,0.00200524450981202,0.5,0.001566725500863,0.00197788977397457,0.00192853896020003,0.00199594858955744,0.00391337025613938,0.00201299347260501,0.00193323478698116,0.00109810383149296,0.00196254625579533,0.001148224116479,0.00345931316808039,0.00200822694094245,0.00389974599261537,0.00209915851844884,0.00203122350565962,0.00198311397662807,0.00195985255790374,0.00195884520539276,0.00151024701540224,0.00200560383790903,0.00220733377654857,0.00387450580099381,0.00200996661092847,0.00108059473172602,0.00151432171025174,0.00378817389834486,0.00204032727992449,0.0020649953746371,0.00390584788875807,0.0016127704406055,0.00391142183271515,0.00165796879083235,0.00202401922150359,0.00146512889071369,0.00203318031197678,0.00108720892889553,0.00160076474504436,0.00385956682424235
"DU0032",0.00151181795981742,0.001952584272651,0.00301114075653339,0.0014521170570554,0.00239745280800582,0.00107056769450053,0.00269334785001554,0.00165619510653502,0.00339888184312587,0.00155760453185074,0.00366013229316025,0.00200332125062774,0.00147959729602659,0.00199772732574395,0.00144536212333094,0.00101927211099474,0.00204103803282346,0.00214929701626681,0.00345844429331675,0.00204445136092047,0.00164304071040637,0.00204960688843836,0.00123605637361751,0.00303837754997411,0.00292071653771331,0.00326872069071211,0.00348089074359778,0.00364797987397832,0.00209125970012701,0.00157155530898993,0.00109038753781066,0.00286617626412907,0.00153351337005015,0.00147231565715174,0.0010833569315255,0.00198929941205388,0.00289954875549803,0.00305284814164762,0.00372603404426402,0.00303702885530488,0.00273599887484399,0.00196443826419669,0.00361795929391595,0.00196544762827394,0.00128835507962517,0.00201163637209812,0.00369688431563589,0.00282632232249742,0.00176845507468926,0.00197197628443675,0.00250065595826488,0.00200455272155096,0.00197383614415219,0.0038556223296334,0.0019649518484327,0.00293371952995807,0.00107238407620089,0.00314896134981484,0.00370914733170056,0.00164302991347717,0.00140432272813482,0.00227447205184044,0.00182238651935794,0.0017592427049663,0.00142388038173791,0.00363406428517969,0.00206580252755018,0.00111825570894959,0.00119752327558484,0.00229326549192786,0.00201579381585367,0.00257510858220549,0.00230273160666949,0.00129931608265602,0.00156435762765397,0.00314068753484013,0.00153139851134546,0.00242929660320214,0.00315889185475828,0.00310302205937056,0.00155360544586585,0.00199578223059092,0.00198058705310222,0.00154480003336787,0.00297746193020532,0.00200060990283895,0.00359889667502056,0.00339450069785263,0.00295909238392856,0.00323266885416256,0.00356219371371858,0.00281612724004855,0.00277056687058999,0.00140851621477258,0.00143599913832919,0.00200971344516099,0.00177810122935179,0.00201926078812989,0.00275764973879577,0.00193360288126869,0.0029383645776494,0.00156034297185694,0.00153026674225413,0.00142756476555291,0.00192551299335008,0.00235041819448739,0.0034822178955267,0.00240141522710259,0.00174019966349851,0.00355256798228476,0.00313428732632698,0.0013951719546917,0.0029046418841198,0.00108427325496502,0.00200614530870606,0.00147587324879776,0.00107332716865301,0.00106682730123898,0.00150140499667143,0.00151851183102033,0.00148741404961756,0.0033067790341539,0.00194540112642416,0.00147792059785181,0.00158227708676972,0.002166995513097,0.00355385229852475,0.00368473180404838,0.00146214006147395,0.00346936875038533,0.0024438274022627,0.00268413425481505,0.00201858957039373,0.00197563418378125,0.00199846699725967,0.00199561061232541,0.00309241703523821,0.00290373223710703,0.00336151103734676,0.00357554155499301,0.00291440869076453,0.00155783045394353,0.00201335740320958,0.00195792508508007,0.00389123642171242,0.00145822165138495,0.0016737193030645,0.00184970547219448,0.00160803714734511,0.00107344023851997,0.00154500260491082,0.0026792613637735,0.00161064291643541,0.00255255449590145,0.00295800871173285,0.00107801173583219,0.00206231382080575,0.0033426891723233,0.00287407506242816,0.00344260590806855,0.00322980646119461,0.00298746345664129,0.00212347469285847,0.00370205713067374,0.00287088562741012,0.0033294488531104,0.00148168534628092,0.00107549214114626,0.00232436798469504,0.00153007767288162,0.00265711265486387,0.00220035200347396,0.00138460240538347,0.00133440295946495,0.00293537642000197,0.00199971984720324,0.00314748545254984,0.00244343630490107,0.001566725500863,0.5,0.00391332029461028,0.00387860052986081,0.00331838220514724,0.00201752731051481,0.00386526278159512,0.003366867875335,0.00173851670526084,0.00350564269051616,0.00152308974011453,0.00156122478274165,0.0036272556783801,0.00200597745137534,0.00165179826688408,0.00198159663022205,0.00257586642215816,0.00318666225899798,0.00360859166064369,0.00275131670056665,0.00336638812355689,0.00177515388678451,0.00198851826284788,0.00330541481225523,0.00329102372812013,0.00337533699351684,0.00195970588198709,0.00298640042021602,0.00340102043239665,0.00200445759556965,0.00383171335669185,0.00201680652947508,0.00165831849283044,0.00398388388611228,0.00279949644033631,0.00345251955518342,0.00151426271960875,0.00192863320676859,0.00197162489840861
"DU0033",0.0011009472238859,0.00201795560871474,0.00379384639615928,0.00107060548050816,0.00237851858090271,0.00106811449547745,0.00272006844203936,0.00169858542480669,0.00351209643975831,0.00195062525306452,0.00330801431613736,0.00159235328298625,0.00108854940703549,0.00158022985860949,0.00104539179619219,0.00100241658719941,0.00199541515704546,0.00233692563082381,0.00351230359921115,0.00213869052498326,0.00209872326529648,0.0021435697504792,0.00105946871520075,0.00309088392454995,0.00287528012216609,0.00328937877194392,0.003582458938852,0.00367012593654155,0.00228811783413939,0.00154497701693736,0.00106987614193044,0.00250210966861329,0.00149957614072997,0.00107382605613259,0.00105385506037846,0.00158372490975256,0.0025402872731148,0.00271533430986298,0.0037820005218671,0.00273913644285431,0.00311520505887187,0.00203555828168988,0.00367163638856013,0.0020332836061874,0.00108538921115629,0.00208737046934884,0.00375269968174641,0.00287790328426808,0.00131578637067638,0.00196969951086757,0.00196605544624155,0.00207976502182545,0.0020492310766071,0.00396332255108022,0.00203073415275554,0.00289398862793112,0.001059851839214,0.00316084579840285,0.00382106563061146,0.00209871498439633,0.00107440363233385,0.00231772892159611,0.00221125814908279,0.00183087975406356,0.00104446955954617,0.0036893848165427,0.00164042909789197,0.00110676605585282,0.00107649141519156,0.00183443379437347,0.00197681882272944,0.00217066894265143,0.00234836283445055,0.00112486384417808,0.00119743416193808,0.00309688100662591,0.00151432367313816,0.00245378399890839,0.0027493227953534,0.00276425329841191,0.0015284095325457,0.00158243181627041,0.00155524169582033,0.00151172810348273,0.00380947629841714,0.00207512977975032,0.00365562143005647,0.00320247221130681,0.00301001370604325,0.00296616721848572,0.00367304393135515,0.00272667185112202,0.00279590269779277,0.00139750725910098,0.00104759556397047,0.002085432589946,0.00131827752521355,0.00209575420664459,0.00280902273255996,0.00231648931756383,0.00299126595181154,0.00195528543554917,0.00149616607930217,0.00138661080324349,0.00193092246255423,0.00239932846002818,0.00353519696125603,0.00235028494023584,0.00135354293079618,0.00356074296323181,0.00360037949233656,0.0013666113924381,0.00272737743351106,0.00106370996839858,0.00159460492060575,0.00107560661596625,0.00104145585756566,0.00104057736824608,0.00108441832460315,0.00149158008294033,0.00108693929303361,0.00332712584445467,0.00196969500350318,0.00108640861282076,0.00162108175767528,0.00223039488048763,0.00368302276566795,0.00379802402564463,0.00105852570038311,0.00348719807146311,0.00201711578267497,0.00255291875403399,0.00209497415381932,0.00194232114986604,0.00207323393612227,0.00207012102458244,0.00351472941795316,0.00287309198203389,0.00296672535786791,0.00363131199301398,0.00288580651598022,0.00195824473812144,0.00208926264397826,0.00203226657434926,0.00395013029070922,0.00106034280557779,0.0037219564631198,0.00179448860509515,0.00205458354398436,0.00106277141703131,0.00157630976560061,0.00251222963978451,0.00205791038066932,0.0022938207383609,0.00300901541081301,0.00105793176615057,0.00227396010297741,0.00334282767608199,0.0025087272902522,0.00345067611734821,0.0032489304781107,0.00300035020935205,0.00190407330545826,0.00375610109931,0.00282283996884995,0.00344159571830844,0.00107635246150374,0.00104913511121048,0.00186497609780832,0.00151277453089573,0.00262691111416619,0.00227450436686114,0.00133548804621607,0.00107990248316473,0.00293852878966232,0.00207432138010462,0.00312028094571071,0.00238955851451643,0.00197788977397457,0.00391332029461028,0.5,0.00394108719370412,0.00380586962435169,0.00209386165770852,0.00392192782396955,0.00382756976683365,0.00131410666083819,0.00359491629349574,0.00296619231348331,0.00152498991396683,0.00368325314615905,0.00208130773019963,0.00215904988858944,0.0020508505355182,0.00260112740402453,0.00394236563517892,0.0036987437084554,0.00233792729328627,0.00341898259576025,0.00230150479962326,0.00206280923881354,0.00335880030853457,0.00290308150379625,0.00337474114640741,0.0019800943343874,0.00303920035550949,0.00351420473397124,0.00208188423796374,0.00340918910955354,0.0020928806600704,0.00166237829613471,0.00404336634101565,0.00281622940036847,0.00394025626256765,0.00132582958931823,0.00187763090843067,0.0020473852397852
"DU0030",0.00145473499418364,0.00195884990306957,0.00373178705534183,0.00141089402927113,0.00247030523281714,0.00104749673551354,0.00302965713607296,0.0016566303849092,0.00343899392753964,0.00191017448523243,0.00327646212771109,0.00195960465710371,0.00144199177667044,0.00155406360873248,0.00103151036245774,0.0009863302189415,0.00196468212981618,0.00223753397043942,0.00343673429239178,0.00206238691042988,0.00202396243788906,0.00206658213115126,0.00113358941022258,0.00301707304651589,0.00284675461815244,0.00327442723686205,0.00352184442645262,0.00364924966027374,0.00219006777082647,0.00151813038909289,0.00105615516207943,0.0028650610700936,0.00147447598512957,0.00142398748301623,0.0010464200930377,0.00155642643568977,0.00289863776942837,0.00305720591486605,0.00370539139122742,0.00304042589043127,0.00307340478382977,0.00196719420571718,0.0035992128445191,0.0019849097367216,0.00123371907159493,0.00201319850431447,0.00367626433587347,0.00280632742440842,0.0016975451725203,0.00156375986168193,0.00204228255526106,0.00200559239427019,0.00197744064040265,0.00389235021690626,0.00197428694543331,0.00317777286029868,0.00104560184858562,0.00315441040243036,0.0037483148801479,0.00202395130978643,0.00105919747658052,0.00225507150756064,0.00218336952880553,0.0017301823017026,0.00103324037673967,0.00361311839226486,0.00198501267346851,0.00142362118448238,0.00117656015044563,0.00181956233673275,0.00228569294916032,0.00216190855210824,0.00228188359254171,0.00113625504556739,0.00152845175976285,0.00341392893432113,0.00149273192748478,0.00201452485517538,0.00309616340039176,0.0027569460725534,0.00150235668663074,0.00155565676744986,0.00152746420518616,0.00148619598496574,0.0037537057425662,0.00200207446273807,0.00358073948771184,0.00337534347264896,0.00293859378262635,0.00295641035845175,0.0036009883901065,0.00279007745870845,0.00278387923673336,0.00137265098921025,0.00138804389918396,0.00201117274483104,0.00170060135847695,0.00202113697339526,0.00273777919818778,0.00229378489013081,0.00291813515673553,0.00192432310105136,0.0014713295837443,0.00165074991623953,0.0019070340235324,0.00233224083327588,0.0034620467464571,0.0023283900302219,0.00166581534419037,0.00354874666688119,0.00354295872610096,0.00132354039840846,0.00281822216512342,0.00140321918339865,0.00156653307182034,0.00142171859797117,0.00103254410654117,0.00137986235189074,0.00143580287159894,0.00146728919855257,0.00144686870280225,0.0033094477983414,0.00193386873718499,0.00143612328234803,0.00159073259367418,0.00211459768811804,0.00359910444874721,0.003725981204072,0.00141590375516825,0.00345261815098669,0.00237753354656089,0.00264102672441252,0.00202034570111153,0.00220338244431095,0.00199932734548234,0.00199644905958137,0.00346649702090567,0.00285550960808308,0.0029498191593844,0.00355590414136249,0.00285974991777786,0.0019326792723731,0.00201493279294018,0.00196152095170997,0.00387295443724776,0.00140586759243915,0.00207595013658043,0.00178813478413326,0.00198113478368455,0.00104722874025122,0.00154207737338494,0.00260378137916896,0.00198432665445852,0.00251333035113546,0.00293636907869812,0.0010448949064383,0.00217739441962902,0.00332040934900322,0.00287032995454583,0.00342174030634892,0.00324057973247284,0.00299085434780448,0.00197974932423406,0.00368080555505297,0.00315859846546292,0.00336839156980004,0.0014233140087453,0.00103957340389739,0.00184612169522264,0.00149179609819288,0.00259588680440457,0.00218377445493698,0.00133083553889055,0.00127740265566355,0.00291366682146152,0.00200040712005516,0.00310128998047715,0.00242469741861319,0.00192853896020003,0.00387860052986081,0.00394108719370412,0.5,0.00370043426512358,0.00201929289702656,0.00384475186891508,0.00377388567485833,0.00166867189754185,0.00353593539594841,0.00154427245563874,0.00151453997720784,0.00360757971383941,0.00200732573035527,0.00207033325719117,0.00199904988045587,0.00256056658034722,0.00390415826238668,0.00364549931444311,0.00268483338937453,0.00334457988199354,0.00220330905328244,0.00198947309594218,0.00328437313959514,0.00323341248663414,0.00336719741061192,0.0019402395833683,0.00296587159403884,0.00344081770010947,0.00200812540351699,0.00376123514269213,0.00201842795309462,0.00163768544099768,0.00396507974475277,0.00316971747000623,0.00386744833760104,0.00146672140283205,0.00186660686287865,0.0019743173031342
"DU0031",0.00113122179535969,0.00204228825812105,0.0035227194480849,0.00106358342232859,0.0020689452742922,0.00105092528267567,0.00278155827796023,0.0013261580033188,0.00367395426137196,0.00197630420800879,0.00378946580701251,0.0012393092342576,0.00111832683253027,0.0012349447540189,0.00108139200948378,0.000986040407582428,0.00126633888152962,0.0024289912087424,0.00329365838872986,0.00220778511455247,0.00216425286717082,0.00221258287142403,0.00103229734498229,0.00292903068332556,0.00224565449576009,0.00295399397527429,0.00370363682265361,0.00335117194772207,0.00237084450578418,0.00119034630080794,0.00108908747029399,0.00264150161169682,0.00116311767405204,0.00110278665210211,0.00106456513916049,0.00123839801250695,0.00267149002794651,0.00276577165506189,0.00355515363752297,0.00281497960040912,0.00291775093751626,0.00209020961223677,0.00343088850464917,0.00208373478362894,0.00107031700492649,0.00215130282712954,0.00352655373217842,0.00275356194554413,0.00130801288713637,0.00202416640614294,0.00153828705747474,0.0021434187266605,0.00210334473808899,0.00398286752668118,0.00204688312430405,0.00257217954680757,0.00108412046947478,0.003006506151916,0.00389813566594405,0.0021642386026844,0.00109464350322784,0.00231643890591637,0.00219555576536221,0.00140134533686981,0.00108019400399172,0.00346452435862336,0.00204869780463843,0.00110907228287641,0.00104698348762119,0.00142267359219263,0.0031357174332806,0.00193109003489571,0.00236358625131559,0.00103687021370859,0.00123668112831176,0.00281037498116877,0.00116619819513818,0.0182791070303961,0.00248522510606292,0.00284821702974818,0.00117600816741682,0.00123550828850951,0.00119762640591554,0.00116544262790899,0.00382381443183063,0.00213770515370823,0.00342369907220745,0.00292724529408039,0.00285541095083434,0.00303828754651538,0.00378090968372825,0.00272577422887992,0.00283633620209985,0.00104761766209522,0.00107791882676588,0.00214968907185925,0.00130397552598003,0.00216076450589536,0.00270572184996516,0.00227068848591381,0.00285137784635786,0.00198004965157364,0.00116052908676788,0.00131127753776088,0.00198174513095367,0.0024030694369738,0.00330607657695967,0.00180599387399768,0.00130190312171166,0.00306956590593169,0.00368146944002942,0.00518071413739595,0.00240582359629424,0.00105483036782758,0.00124899476579855,0.00110570008262489,0.00107280974583677,0.0010718198516177,0.00111944908775313,0.00114602754496245,0.00111844995389159,0.00298171935604302,0.00202145190682301,0.00111631039419472,0.0012587438795795,0.00191503816007702,0.00378174797975329,0.00387253169228813,0.00105299082237662,0.00309635940479054,0.00179633769695914,0.00222615604261364,0.00216008879437258,0.00173313362128442,0.00213642117853097,0.00213014652254582,0.00409266251433188,0.00257304137055196,0.00267808749353739,0.00339977133772773,0.00291530367825219,0.0019833423562927,0.00215343564557226,0.0020833299954557,0.00371995144526694,0.00108997858765078,0.0023245134341243,0.00138224434721363,0.00210300791170336,0.00103766278766713,0.00121336970865916,0.0022083991617758,0.00210736811703279,0.00201313916545363,0.00285234409245948,0.00106737580212123,0.00235695659471892,0.00301063341481959,0.00265387849490164,0.0032709175410782,0.00302001451277854,0.00301894489478603,0.00167629947339572,0.00352546786003689,0.00255829345054822,0.00361320968974857,0.00110832997522195,0.00106149349253037,0.00186733557412837,0.00116377450215546,0.0025234378553373,0.00222507652469155,0.00129507615508314,0.00105764762820407,0.00280769585321697,0.00213732870858243,0.00282144907825785,0.00236178687334204,0.00199594858955744,0.00331838220514724,0.00380586962435169,0.00370043426512358,0.5,0.00215897439040591,0.0036955588094176,0.00378823131451111,0.00124744190703455,0.00401227764092763,0.00147386030494128,0.00117070414980001,0.00344557957531163,0.00214402173898995,0.00220530971354044,0.00210669556995471,0.00247967142102641,0.00368309321446351,0.0037705175570561,0.00209883248816601,0.00320318379228647,0.00239025890531112,0.0021247385039785,0.00314631658005063,0.00258728247072839,0.00301762595641832,0.00203109900886995,0.00288853209481243,0.00367933830803869,0.00213240716661993,0.00276897752022787,0.00215757282921369,0.0013352829876756,0.00382117717673812,0.00285396106506474,0.00399063590945594,0.00126456722510744,0.00145591107509741,0.00209404084896376
"TT0020",0.00322703555709011,0.00396277304546906,0.00210816396329856,0.00313364654157005,0.00103645075603852,0.00296166093219015,0.00111125521024919,0.00174750880848588,0.00218637757520865,0.00388794250807982,0.0021013847453629,0.00316994631806317,0.00314490231558592,0.00319854375859029,0.00311786076430432,0.00107839898413355,0.0031863083172651,0.00239017751547479,0.00214376111789453,0.00219032287448874,0.00407919168098956,0.00219804790764722,0.00292493738726407,0.00215490392511096,0.00125755236095922,0.00120053401733525,0.00210624064419013,0.00198627481999166,0.00234151175274919,0.00318923922691522,0.00337091154665255,0.00119790601545718,0.00315988958978732,0.00311283778084822,0.00313214998529674,0.00317980933217892,0.00119104082582115,0.00111860212135115,0.00214627610583692,0.00111972093950059,0.00204492564545817,0.00398661274010775,0.00212730626559894,0.00207850746824763,0.00303616816557938,0.00405680824757249,0.00215007680961232,0.00214619278005022,0.00119055622124549,0.00392020136677367,0.00128059125286015,0.00404982239185396,0.00400464946016626,0.00212636562401844,0.00397458758256456,0.00114834398795914,0.00302838218435298,0.00112242121933023,0.00214603713215077,0.00407917290428081,0.00318739191321698,0.00209852849996278,0.00206514406262038,0.00101169904927618,0.00312709311016713,0.00214896745015716,0.00114411928991669,0.00328724943724887,0.00296510656328419,0.00126478124051359,0.00114509811231013,0.00113654957651097,0.00216497462658041,0.00305564861377491,0.00128074514192608,0.00113494522638526,0.00316168409760474,0.00213453446718191,0.00119593661228801,0.00114262678515829,0.0031923662901901,0.00319316673799191,0.00318809926438061,0.0031694809283935,0.00209916659796018,0.00404060379396684,0.00212632006760956,0.00111145158554252,0.00212856377961747,0.00114983506131914,0.00212394653062989,0.00106563431746574,0.00110751468270699,0.00113390901030436,0.00309198171377148,0.00405681696235765,0.00117524625781586,0.00407069104149297,0.0021595672890274,0.00204929223122726,0.00216310826887192,0.00388021667889281,0.00316045059992219,0.00108611168787965,0.00385249366298397,0.00216388433027432,0.00211024421208036,0.00119567627557464,0.00112050035588649,0.00119014594578462,0.0021017215513266,0.00112647211116001,0.00107540634677999,0.00313201803290227,0.00319489590912702,0.00313185543147725,0.00315709367176677,0.00309900117037416,0.00318383825235543,0.00317559325403414,0.00313302921688022,0.00122210657007664,0.00390526231408936,0.00313133361160284,0.0012747285362124,0.0011071853864402,0.00216807640280641,0.00213886498074294,0.00310574317818155,0.0011721140709776,0.00113062781368331,0.00103137098817666,0.00407080517382338,0.00108966134700561,0.00404019770972542,0.00403322424703277,0.00202369980398285,0.0010845870472337,0.00113912365409153,0.00211791679610311,0.00112617375415167,0.00388098791124185,0.00406069960971377,0.003975803393396,0.0021276842489306,0.00313518404744859,0.00203585356635746,0.00117015928752708,0.00401725352731473,0.00297124515377055,0.00125411529523757,0.00109773461106629,0.00402342920379794,0.001071528351336,0.00212284098463945,0.00312759822411752,0.0023278550167401,0.00165699108571177,0.00122340994063371,0.00121335880185593,0.00110709674032206,0.00112530738085247,0.00113706310781848,0.0021132791962436,0.00113938116335933,0.00219338285533425,0.00315657391744443,0.00314485197902183,0.00170693605233004,0.00315420953838945,0.00202733912121416,0.00211213679121804,0.00110779394460775,0.00310920787960197,0.00124019321164524,0.00404270028821911,0.00108336298254971,0.00209110823871539,0.00391337025613938,0.00201752731051481,0.00209386165770852,0.00201929289702656,0.00215897439040591,0.5,0.00213840090146542,0.00202002379686845,0.00109961696868181,0.00207199794089247,0.0011899318837985,0.00315025443990171,0.00212908128709844,0.00405189562342246,0.00221421746802329,0.00210524021052824,0.002058071929329,0.00205147678160436,0.00206401550144832,0.00117298223010271,0.00212390913710646,0.0023565819015225,0.00402562953491284,0.00212729949071317,0.00111812411854562,0.00118526414831517,0.00391208012842428,0.00215768294004296,0.00219414127843468,0.00405612094933643,0.00128398354182807,0.00406581611078596,0.00132208537230496,0.00215134682118946,0.00113848669165894,0.00216190387631085,0.00109636807891083,0.00123470220575121,0.00400286218231594
"TT0021",0.00110422438460681,0.00205034648443108,0.00407420916134293,0.00107852385795833,0.00263639491591297,0.00107520571590282,0.00254857552278209,0.00170437980733488,0.00338735222072527,0.00198557854415425,0.0035591925865662,0.00161262073436887,0.00109080601900372,0.00160012119713956,0.00104769608177366,0.000947031409928606,0.00163540897846497,0.00240002386581376,0.00381024229689703,0.00217873401649078,0.00214362236914267,0.00218365071602005,0.00106967934618235,0.00335378999275908,0.00314867475576106,0.00275895192637161,0.00345242700886238,0.00355203881168446,0.00234461192562137,0.00116922980561634,0.0010659374986921,0.00233254328940768,0.00112822655423032,0.00107647639424667,0.00105873001126259,0.00160235869408755,0.00237069989747853,0.00254560811845147,0.00407793967044668,0.00256628198502558,0.00338087833883137,0.00207155562231813,0.00395926968630008,0.00205937853086086,0.0010893030099348,0.00213205601317602,0.00404988193362497,0.00310638285230725,0.00137000255264291,0.00200409725903075,0.00220356809031618,0.0021246158354308,0.00208460954720858,0.00385850320326602,0.00206349752325235,0.00318313871602995,0.00106546484500864,0.00302215470692554,0.00370695241234616,0.00214360223105318,0.00107939305958509,0.00242462664366843,0.00230050618404195,0.00178672253985157,0.00104943924249351,0.00398725252818629,0.00178456563626025,0.00111016107475217,0.00108371779999483,0.00191530602072835,0.00216123766751211,0.00241300546620748,0.00245508545092196,0.00105895472156795,0.00119911210325285,0.00313583366765076,0.00114220971104893,0.00248898076966216,0.00301315112875244,0.00259700951739407,0.00115315446340192,0.00160180654289196,0.00117632741465,0.00114106988352483,0.00368888699000861,0.00211857743704155,0.00394453697389924,0.00307928564782371,0.00326139710188775,0.00277566611655655,0.00354733035980343,0.00257513227364569,0.00264425199348013,0.00100750092046471,0.00104706346774217,0.00212990266291938,0.00137881070359536,0.00214031416204052,0.00302453394617638,0.00243371190106396,0.00323793838769164,0.00198997648538062,0.00112599170355549,0.00146614708200101,0.00196159277889294,0.00251674525358971,0.00382191459994806,0.00217131725590699,0.00142767382067308,0.00304454542894852,0.00346929147922971,0.00140450677656687,0.00298661195955701,0.00106822800418702,0.00161500271169663,0.00107825973347732,0.00104580542654932,0.00104258721435505,0.00108653511857812,0.00111921707256335,0.00108921649951602,0.00280059379164571,0.00200113624004462,0.00109043050350454,0.00124497394351342,0.00234619058542706,0.00351604502072239,0.00367762943006293,0.00106270775102654,0.0029421549972809,0.0022316892501043,0.00281468974536452,0.00213964028961508,0.0021458406577145,0.00211772578315007,0.00211121450788387,0.00339697995400055,0.00313504462287093,0.0032422015285771,0.00391962757520055,0.00314387218968892,0.00199305013660263,0.00213371982744174,0.00206521735246312,0.00413394670125064,0.00106229188448226,0.00215098950648386,0.00149134413417162,0.00209271192583494,0.00107658704564971,0.00119019064163683,0.00277258380195918,0.00209664527510564,0.00254599759367233,0.00325989884185089,0.00105917085863049,0.00233315563503178,0.00280515984320204,0.00233452539350568,0.0029515962820205,0.00311120294950634,0.0028441548217486,0.00210200503819932,0.00404272520439669,0.00308733764293837,0.00332232778613496,0.0010808961997715,0.00105264517877405,0.00194859191721666,0.001141701363678,0.0028206345518834,0.00231097858779917,0.00140619387332426,0.00109071653696392,0.00239148417422262,0.00211897144628177,0.00308910055808635,0.00263424169686773,0.00201299347260501,0.00386526278159512,0.00392192782396955,0.00384475186891508,0.0036955588094176,0.00213840090146542,0.5,0.00369034908327474,0.00138157065701695,0.00347488619722474,0.00137909341912213,0.00115031440692712,0.00397422631314247,0.00212495056576054,0.00219513939237199,0.0020791561296264,0.00278387793527699,0.00394479401303748,0.00358033238567188,0.0025908640679296,0.00370916518581241,0.00236341459749749,0.00210625757777253,0.00364480676452373,0.00316787149816589,0.00285054170787506,0.00201223262508987,0.00329399737645098,0.00339265560901866,0.00212169696136822,0.00368349536056861,0.00213746594432195,0.00129842330069056,0.00413587137984402,0.00265269382482567,0.00383086664308536,0.00139653180545079,0.00157415371435785,0.00208399747895103
"TT0022",0.00109163094840165,0.00195787345060515,0.00357928913328033,0.00140242672441896,0.00236709066009558,0.00115229750522754,0.00322769242227904,0.00170956414291643,0.00361676318106316,0.00191374650087596,0.00344529873474302,0.00196371766735393,0.00145187540789313,0.00155674533202054,0.00103674274576125,0.000993528411790397,0.00157971808412484,0.00224198318913145,0.00328042435258898,0.00208240278409145,0.00202459562731282,0.00208477315992985,0.00113792505315938,0.00288458734083934,0.0023137673964252,0.00345005086018108,0.00369544612257738,0.00380137266758506,0.00219333746754311,0.00152235077815627,0.00127721463447765,0.00305721849578542,0.00147903209231209,0.00142763534321891,0.00105218383014998,0.00194037739585147,0.00309098191401222,0.00324113861189426,0.00354846716021404,0.0032376619711156,0.00293078666000164,0.0019679333173192,0.00343828273275426,0.00200684409664525,0.00125160819836485,0.00201360730514838,0.00351911678829584,0.00269428989529338,0.00168013582403541,0.00156219171440121,0.00189279418637374,0.00200592936393718,0.00197582066105193,0.00403911567169382,0.00197173342673621,0.00301912748529113,0.00116772646600831,0.00340731528237173,0.00391004922748305,0.00202457195170732,0.00136803361339513,0.00221354866304239,0.00215106445813685,0.00186101706708804,0.0010354360522268,0.00345604275475951,0.00153811472477908,0.00142709300364153,0.00119032018953154,0.00177950224990102,0.00218389645683682,0.00201906892720865,0.00224485208899911,0.00109375768834792,0.0015555682650743,0.00326682863991191,0.00149697254656421,0.00201615382149944,0.00293948416202832,0.0032871592796435,0.00113084596756926,0.00155894089247223,0.00153079079389699,0.00149047957635465,0.00391225216381687,0.00200195552939597,0.00342209939412753,0.00305954166869133,0.00281085448319423,0.00315787886246162,0.00377181179256125,0.00297425017275286,0.00294665772976095,0.00137865132572689,0.00139753309267034,0.00201168102319606,0.00166642763236357,0.00202184217507014,0.00263515058738872,0.0022482900515424,0.00279624729109039,0.00192720995007311,0.00147578846790128,0.00162635285677779,0.00191172153538005,0.00228811312595286,0.00330294159948456,0.00184187787839802,0.00130993734834654,0.00354130775414271,0.00371624874607136,0.001295940952995,0.00268120593318668,0.00142062782961445,0.00156973123314084,0.00142767689630402,0.0010350159659979,0.00139584049389905,0.00144287424182068,0.00147165912627907,0.0014601707693828,0.0034739105083232,0.00192853873391164,0.0014405521471182,0.00199799287230646,0.00209902599733997,0.00380527045706196,0.0038860042051098,0.00141958395549205,0.00325674722559381,0.00225658163994037,0.00250192968810734,0.00202096958580253,0.00210950293771269,0.00199968552909619,0.00199687764654114,0.00362379166315611,0.00269783465156358,0.00278079496136593,0.00339738339094051,0.00294970156886588,0.00193458073947149,0.00201538004669926,0.00196061735820701,0.00371847083245797,0.00141171257888763,0.00350464978275026,0.00175448831525577,0.00197908270707583,0.0010426397024696,0.00160052199431105,0.00244963759475422,0.00198257692346202,0.00236929002834843,0.00280919614827038,0.00105077184999448,0.00218946136230319,0.00348595080002242,0.00306540309077614,0.00334023491274689,0.00313875979190154,0.00315864454497519,0.00178720381969559,0.00352578060846305,0.00300137846912769,0.00354443321738046,0.0014280799853873,0.00104584825499236,0.0018071601528137,0.00149537024673336,0.00248736648319801,0.0021869173134327,0.00129584972457542,0.0010568010117188,0.00309850142003992,0.002000641391332,0.00294987351827514,0.00227136573469206,0.00193323478698116,0.003366867875335,0.00382756976683365,0.00377388567485833,0.00378823131451111,0.00202002379686845,0.00369034908327474,0.5,0.00163460266488901,0.00369666402524463,0.00322628491446787,0.00151121323005798,0.00344899082991923,0.002007692159391,0.00210046308864343,0.00201933062497391,0.00246501900863482,0.00377144589494703,0.00380512756898897,0.00253665053282468,0.00319098255087971,0.00221203411583629,0.00198966593586239,0.00313073531756372,0.00307408507732285,0.00352763771186665,0.00193277472416149,0.00283855432192679,0.00361835438246847,0.00200581219625023,0.00360305715943999,0.00201892982269157,0.001663615611753,0.00381341403511678,0.0033615861173153,0.00402320188899012,0.00147186602810841,0.00183083043647841,0.00197223413454484
"TT0023",0.00227707155214777,0.00108330230980409,0.00140013316193932,0.00236759398895761,0.00352554598784568,0.00234464806240009,0.00253593029443072,0.00116392144873272,0.00121259852429643,0.00145501526571027,0.00127441480133376,0.00158467521572487,0.00223302303598505,0.00157861006572611,0.00220297092016764,0.00201764722167329,0.00154738346554757,0.000937330193736528,0.00160667402654996,0.00104789582441003,0.00110269674177959,0.00104904204625189,0.00274661052671455,0.0024920169070161,0.00252189618512751,0.00235543303308801,0.0012021467240491,0.00164805217739833,0.000914027970152205,0.00164087768098619,0.00156356595582679,0.00236517359806595,0.0016860562267647,0.00219925930139284,0.00175769776761257,0.00156041487518528,0.00233855329073919,0.00264866228192779,0.00142941633923468,0.0024952208058039,0.00211165641989197,0.00108275810173747,0.00145782571983035,0.00102711205962158,0.00245691200805346,0.00110070219745435,0.00144388302621541,0.00306667682789527,0.00784522270452905,0.00111859571330506,0.00563993565146269,0.00109550713769098,0.00108689340038011,0.00130232539831026,0.00109341717148441,0.00216527335191432,0.00154294448620395,0.00196785087931275,0.00127212836955492,0.00110269559772399,0.00178503042737228,0.00602362482529272,0.00640171281258525,0.0051007049968071,0.00220144850727561,0.00146687377132251,0.00456537019816319,0.00172509699775405,0.0026904129116083,0.00733478022427931,0.00310608180467162,0.00350570551156946,0.00673728329327562,0.00233066749717091,0.00204831655471476,0.00247826147074483,0.00165321541369861,0.00131901383838352,0.00208211675571066,0.00239474979436425,0.00165237870934415,0.00157672499942499,0.0016362191132256,0.00168386011209347,0.00127779857705279,0.00109632504092965,0.00146538035039175,0.00207201398323067,0.00257825641064498,0.00184447420887381,0.00121300496542544,0.00297805639307223,0.00161476562622528,0.00180872955834455,0.00222316439995911,0.00109575976769751,0.00797683196099635,0.00109777183836507,0.00344874280836764,0.00512278135570244,0.00278196131628704,0.0010735290371776,0.00168831298500426,0.00734642670664014,0.00144207195455657,0.00596954820545171,0.00151928235009232,0.00367952813344148,0.0073222850768417,0.00244248253555123,0.00120773120885641,0.00228279936296384,0.00321207380406393,0.00244211712938903,0.00155454966319524,0.00218221132933339,0.00175542121767568,0.00229017379243772,0.00223470398806777,0.00170072232766034,0.00221348149357541,0.00185735245956017,0.00107077046687183,0.00216591210361006,0.00157342113038807,0.00280198227549823,0.00122932729528242,0.00127325758496158,0.00244201489153537,0.00250956714506494,0.00409084264741914,0.00333267784003035,0.00110035506461863,0.00451204741449758,0.00109509956459602,0.00109588207551808,0.00158963621215116,0.00205015668056848,0.00215077119479987,0.00146188982715009,0.00211469235675119,0.00142983533914061,0.00109735056436191,0.00108227137211658,0.00136361601837873,0.00224487210502474,0.00157864107858805,0.00736253900634837,0.00109171836489282,0.00246954482690337,0.00213301988338263,0.00307648190896428,0.0010919597146184,0.00310565063462271,0.00256677720980115,0.00162128947222591,0.000934178436475433,0.0023146634605786,0.00237098028603148,0.00187221323278813,0.00206720393488909,0.00192473944983449,0.00433474000657885,0.00140691828828075,0.00257730736255217,0.00120440910616794,0.00217689397626395,0.00172105234985637,0.00723124090480631,0.00166995120411115,0.00395487673329041,0.00598338500578948,0.00748075840526499,0.00179017691229517,0.0018133092728112,0.00109580546582812,0.00248304594920143,0.00493363849216705,0.00109810383149296,0.00173851670526084,0.00131410666083819,0.00166867189754185,0.00124744190703455,0.00109961696868181,0.00138157065701695,0.00163460266488901,0.5,0.0012368711670701,0.00277187326234493,0.00171337793462323,0.00144568862714083,0.00109839608268602,0.00100657813759205,0.00102793709727559,0.00377841981924367,0.00169181793330006,0.00124714885958136,0.00319587136655145,0.00165195429781942,0.0009217330971909,0.00109268353491458,0.00193048270108591,0.0027478499810931,0.00238434675953829,0.00107544653900135,0.00262563348083003,0.00120901480715157,0.00110038468119045,0.00186665460285789,0.00109904331708385,0.0015358869354423,0.00135833242689569,0.00259262615228842,0.00129535730555734,0.00833290415584896,0.0070584292879996,0.00109099647965462
"TT0024",0.00149304639790695,0.00199775918483622,0.00333955987462487,0.00106455479473291,0.00194592175112164,0.00105243533227961,0.00345120356994554,0.00170690244164552,0.00421659401246328,0.00194241307994319,0.00397899125821451,0.00159310090265051,0.00147130144577511,0.00158601940973002,0.00106348427376265,0.00102369839885019,0.00160987302316072,0.00230726360122711,0.00307609172788593,0.00212913830482725,0.00207663632343103,0.00213260278514556,0.0010276867700708,0.00273326286541451,0.0024746995047955,0.00366077486239912,0.00426042340964172,0.00389506768587103,0.00225489040793005,0.00155370268954406,0.00108482005806649,0.00364665511423174,0.0015139378818305,0.0010855254844173,0.00106717899762218,0.00158865321395498,0.00330106788894059,0.00342106711775607,0.00333478630220216,0.00346055586898075,0.002741735054325,0.00201752698525299,0.00322528093765945,0.00203832861112098,0.00106735119547894,0.00206534398492562,0.00330665162636928,0.00258326413462382,0.00168071398638668,0.00199506899455963,0.00226583066878949,0.00205700675480823,0.00202288479756011,0.00386868661096186,0.00200077269425654,0.00241865231798173,0.00107228546162163,0.00287067722505014,0.00421567929213147,0.00207665442790979,0.00107466345220175,0.00221886335341737,0.00214322107416298,0.0013469647750812,0.00106256625514379,0.00324615428305261,0.00210449812679669,0.00110710674002587,0.0010488479177493,0.00176690416479705,0.00219957388351424,0.00181310831462086,0.0022577114825448,0.00102064376504272,0.00158030204155476,0.00267423911887442,0.00152434796123858,0.00642138763487436,0.00269799810802373,0.00348464169399447,0.001539639011876,0.00158772323970944,0.00156218871803233,0.00152119716766207,0.00402680333214323,0.0020528806414074,0.00321000466486032,0.00277816908553777,0.00266988091113352,0.00376425468378643,0.00432294967360443,0.0033227296872756,0.00325009314889483,0.00141375937685308,0.00105952985154844,0.00206331451708694,0.00127049401824331,0.00207392786412195,0.00254291230040935,0.00220773011757343,0.00266699405641315,0.00194491471732691,0.00151058306747325,0.00129023840725819,0.00192781453677629,0.00229245557029273,0.00309756912477111,0.00207785203714953,0.00128267144645433,0.00329644918734872,0.00425079954645156,0.00371647020532932,0.00227572177046257,0.00106335639984735,0.00160120553050479,0.00145519608021211,0.00105487409713338,0.00105470578633545,0.00147844682087216,0.00150297106721434,0.00147842801645684,0.00359210113302231,0.00196527564382697,0.0014656557173634,0.00162917992231027,0.00178957303190588,0.00410546538290076,0.00423257937777297,0.00106121846413208,0.00348295568132179,0.00169815383905549,0.00209915455645461,0.00207269322949905,0.00164076986621836,0.00205083091983107,0.00204805929056107,0.0042119621604451,0.00243110051085937,0.00250987981103633,0.00318744377109923,0.00258936276073304,0.00194864743072693,0.00206690952784782,0.00200651682766016,0.00350311392328584,0.00107205451671836,0.00205371869219434,0.00172282128862505,0.00202665712405663,0.00102718602050589,0.00159737053964568,0.00206895154407897,0.00203063736478965,0.0018889367452182,0.00266682642029698,0.00106772666873531,0.00224530612466147,0.00387330107600218,0.00330156005242327,0.00329367627061967,0.00287616945698459,0.00316067293773985,0.00159442547654343,0.00331354101525063,0.00240223228558289,0.00414682886567412,0.00145752112135965,0.00106464264823605,0.00180349416234896,0.00152125578077149,0.00239843096726922,0.00213498068490987,0.00127259614169925,0.00104617791398543,0.00375204042684721,0.002051414102692,0.00268186912151342,0.0022590525059931,0.00196254625579533,0.00350564269051616,0.00359491629349574,0.00353593539594841,0.00401227764092763,0.00207199794089247,0.00347488619722474,0.00369666402524463,0.0012368711670701,0.5,0.00128877073298061,0.00153280397115821,0.00323588967084233,0.00205987210115058,0.00213328412246609,0.00205033786314045,0.00237980128982098,0.0035204617889353,0.00412428401491505,0.00195360788581644,0.00299407004799477,0.00227266074305543,0.00204044497383482,0.00293672273186285,0.0024501257253059,0.00354554257218056,0.0019747248245772,0.00269827578411403,0.00421863413717416,0.00205353834922288,0.0029785908993215,0.00207077757798084,0.00167849088402006,0.00360003574450501,0.00350823500083188,0.00405991103851597,0.00123951965774057,0.00179647285648397,0.00201928769530051
"TT0025",0.00127952613173709,0.00115627866126948,0.00137833156727291,0.00165395452860754,0.00513436177079996,0.0039163009594318,0.00305704474137003,0.00107533965416318,0.0013175609138028,0.00113930991982184,0.00129564853389983,0.00144907910219861,0.0015271338254955,0.00117212794964353,0.00126793589028307,0.00168227685831275,0.00145645066012056,0.00110955297742026,0.001442841110005,0.00109199681853498,0.00119368200480032,0.00109620007268875,0.00383027475926169,0.00152410216014398,0.001480815816599,0.00171086387764398,0.00130222919003833,0.00151850587733454,0.00107416987770798,0.00119311411360483,0.00170021684326653,0.00166476356219693,0.00119834305032447,0.00151145780926278,0.00149413707536869,0.00144974349930472,0.00165829895285897,0.00271516949251517,0.00140232279222023,0.00297991162886977,0.00143517351871059,0.00116131671399851,0.0014030399842649,0.00105266408033724,0.004133319177443,0.00118633819234715,0.00140932334266213,0.00153924452433896,0.00198418711177099,0.00115810039137589,0.00156513712503355,0.00118230813144926,0.00116786176883744,0.00134415470432392,0.00116653442315817,0.00259850916309926,0.00185432096570771,0.00175474459734249,0.00133578081348146,0.00119369206812076,0.00237028379973974,0.00151391592051791,0.00148930538264381,0.0218585005486589,0.00140854111931671,0.00141265428449842,0.00159676290144266,0.00207077579808097,0.00440078885936177,0.00186214048324616,0.00176665772528162,0.00175435152286291,0.00154634644647029,0.00257766860087748,0.00134979235547913,0.0016757737272996,0.00145300214123493,0.00119427970622649,0.00169676639252431,0.00165988646616395,0.00119313976270194,0.00141826062727233,0.00118626409463647,0.00119908728399817,0.00132528600280008,0.00117989954325002,0.00140237385252328,0.00267033723371361,0.00150855098658927,0.00249240358806376,0.00131322547582662,0.00484506341452078,0.00156807426294016,0.00158695806285149,0.00156592095519096,0.00118517933586562,0.00190287075265314,0.00119084437689996,0.00156143096898508,0.00151946956411643,0.00153935842288011,0.00113625167848775,0.00119987872448785,0.00362370425093084,0.00113606798226329,0.00156106146640844,0.00140751336409672,0.0015858848013237,0.00191771003911909,0.00171225277829288,0.00130140114163628,0.00210830834848606,0.00456741773797899,0.0023363501135502,0.00116058319423982,0.00147407630347664,0.001460252828387,0.00160366396265965,0.00124538632589119,0.00121705538872282,0.00151883740518267,0.00162369579919676,0.00113945649322102,0.00148255421824239,0.00134663447790962,0.0108817637861304,0.00204250277228904,0.00133288318805728,0.00167038363310528,0.00254765329711124,0.00222795485447127,0.00529455841405747,0.00119082555390557,0.00354628542443204,0.00117874064314588,0.0011773530898571,0.00126459609827434,0.00281939316477169,0.00234674457970477,0.00139587719559885,0.00293674726543911,0.00113568872428681,0.00118708758088548,0.00115825518626702,0.00136819986455476,0.00151948198839802,0.0844739073830762,0.00199237703820945,0.00117163071291931,0.0028975473776923,0.00114342289105014,0.00335237290366081,0.00117323633967955,0.00390969016403525,0.00150544717808783,0.00204665381649246,0.00107118209508547,0.00167728900895018,0.0016976856107922,0.00160893930415239,0.00266228265368529,0.00168184645461999,0.0031238215591605,0.00137739579913451,0.00163073079210804,0.00130884166035877,0.00121924848046909,0.00153585348341181,0.00182574194408313,0.0014549861352897,0.00178226429875658,0.00596129827753133,0.00228043921587551,0.00253850950500308,0.00133973725791797,0.00117958488832796,0.00281742558142561,0.0015380384032012,0.001148224116479,0.00152308974011453,0.00296619231348331,0.00154427245563874,0.00147386030494128,0.0011899318837985,0.00137909341912213,0.00322628491446787,0.00277187326234493,0.00128877073298061,0.5,0.00149912682066304,0.00139704096215045,0.00118367230859489,0.00106249375607854,0.00106097706465829,0.00151905531009865,0.00156727275792125,0.00129779221241157,0.00179159688791145,0.00143968364399017,0.00107679387719622,0.00117352105810346,0.00145368802035856,0.00248351473387062,0.00170655789978974,0.00114420717751669,0.00152984118633607,0.00131890788128599,0.00118609333754367,0.00142334128423151,0.0011890967967877,0.00134908854469747,0.00137952065627269,0.0019714770361979,0.00135680664438185,0.00377484754051802,0.00193840714430396,0.00116712144030689
"TT0026",0.00387849321620344,0.00348840736283646,0.00153864488305771,0.00374892707487971,0.00118880240213716,0.00318284152364555,0.001580301138294,0.00177726736682126,0.00119417251301326,0.00345442261263086,0.00160609990338635,0.0040834255580094,0.00423015569389486,0.00371202068145602,0.00375684430853624,0.00199532705518245,0.00361048175088453,0.0011772774352933,0.00114737662128863,0.00129594822993994,0.00315771061567683,0.00129747446285674,0.0032021839388009,0.00115761712796907,0.00170091197525521,0.00219302482062756,0.00155340202375546,0.00154427179390973,0.00146184488123846,0.00418116252891589,0.00380635125815964,0.00223555996170647,0.00419659701195752,0.004195586470389,0.00369788985830098,0.00366549886107124,0.00221904871311451,0.00166326944632339,0.00114857520045617,0.00158649907180279,0.0015190677869271,0.0034978397237218,0.00153698214415163,0.00162384619516491,0.00341129219600115,0.0031437026884107,0.00114909367001416,0.00155758251725605,0.00184688492313435,0.0035065845966243,0.00171543760705248,0.00314047164144072,0.003508296883804,0.00115593267831755,0.00349801855840368,0.00155995153638395,0.00316658257166461,0.00154776568447997,0.00116682992105364,0.00315771841180674,0.00371561769027984,0.00157056249140399,0.00158422214634024,0.00122518730207145,0.00373838845338165,0.00115035940426673,0.00172159450138023,0.00385293180271644,0.00325611411120295,0.00221601802845256,0.00168747367585232,0.00165780924576572,0.00121339318255708,0.00336727207910107,0.00224751701309238,0.00163030975546428,0.00419366289346461,0.00162844108194013,0.00216578446134296,0.00167405308130987,0.0042055304653257,0.00370207471497021,0.00418568015535349,0.00419531069537535,0.00154705753662853,0.0035283783837861,0.00153356336901816,0.0013975567514894,0.00154027678743948,0.00157726886548228,0.00155269156892005,0.00124734905114485,0.00115682528918219,0.00234749115523961,0.0037298049988681,0.00314436864059198,0.00228913257666462,0.00315210607761464,0.00117101402664109,0.00156062958733418,0.0011636652643968,0.00345153294916956,0.00419651284730464,0.0015182990012694,0.00345792146120266,0.00120499699146656,0.00152604297276771,0.0021652060337458,0.0016647131552264,0.00220329369328033,0.00155819384480682,0.00163816621512915,0.00137409252525535,0.00374474431259884,0.00367162957267146,0.00377345954074234,0.0037493846623724,0.00373114975415063,0.00383613335452854,0.00424125175488498,0.00423931219375259,0.00217456344863365,0.00347143070517707,0.00420762446745703,0.00222554113047575,0.00150973444531909,0.00159047723879001,0.00155727756079212,0.00422530131256716,0.00173083750157394,0.00214477345190835,0.00122594522413399,0.00315212695460775,0.00147736364700065,0.0031349483291227,0.0031327193439016,0.00152214024496328,0.00136410923906869,0.00161361083231411,0.00114471932794452,0.00145048523922139,0.00344631009602253,0.00314635950647271,0.00348848708120404,0.00115255708383979,0.00378276084296474,0.00153708902803529,0.00224273444642294,0.00312622930571176,0.0032693950390549,0.00232102845483776,0.00141171910330588,0.00312982161643751,0.00142856564433083,0.00114934015663305,0.00354983999871441,0.00114278767316267,0.00217770686293663,0.00180958170341684,0.00214155465487793,0.00118866575575173,0.0015639756580966,0.00136585980146584,0.00152769253163003,0.00166431080742935,0.00120015753441768,0.00379075305114426,0.0036725815618622,0.0017032486185595,0.00419205446740441,0.00154690521210469,0.00160347667336335,0.00139489470980656,0.00351640380518983,0.00224229209538772,0.00313662526954708,0.00142786324628751,0.00155967567564433,0.00345931316808039,0.00156122478274165,0.00152498991396683,0.00151453997720784,0.00117070414980001,0.00315025443990171,0.00115031440692712,0.00151121323005798,0.00171337793462323,0.00153280397115821,0.00149912682066304,0.5,0.00114822935558347,0.00314260715692828,0.00122686805977469,0.00162242454671322,0.00153914716946819,0.00152050437869069,0.0015229443315146,0.0021523915679732,0.00153121188419075,0.00114017723577632,0.0035176003919821,0.00114793388779215,0.00162161318404074,0.0022236943566935,0.00347366236296279,0.00115946335098508,0.00119691243276741,0.00314832510055704,0.00163059571686004,0.00314922487931497,0.00223425440012656,0.00115612136132067,0.00169457649873842,0.00116891007743795,0.00137476994906074,0.00221511522541434,0.00311764941587624
"TT0027",0.00110238440688122,0.00204602379093056,0.00401850533384631,0.00107971727883935,0.00292312825059611,0.0010840595448009,0.00230191317563915,0.00170763668949767,0.0031539066777876,0.00198130344029864,0.00292177510530742,0.00160753021077815,0.0010871073574913,0.00159631275811417,0.00104555474211724,0.000934849187086677,0.00201812480450157,0.00238251964820522,0.00406278560714977,0.00217401461989686,0.00213468754497857,0.00217924975198545,0.00108229958556113,0.00359219511246205,0.00341872861270414,0.00250562218229586,0.00321109620872594,0.0033083868960486,0.00233253490642136,0.00155959127918182,0.00106472154702218,0.00209956490712854,0.00151136633462562,0.00107309914285412,0.00105476657677737,0.00159671190022974,0.00213473859894727,0.00230405552266088,0.00417108497943583,0.0023204265811536,0.00363372942118369,0.00206541125855908,0.00420020843230539,0.00205939657282622,0.00109879996956858,0.00212272503797329,0.00422344822966043,0.00331290497509826,0.00140803874061107,0.00199826010189887,0.00233136542128343,0.00211572588742871,0.00208030026215498,0.00360689792804082,0.00205949695504457,0.00345942209521978,0.00106044140442426,0.00276397992066437,0.00345486083263297,0.00213465734228676,0.00107995424320769,0.00248108044022801,0.00234101423816758,0.00194910925266591,0.00104623814528574,0.0042251821321827,0.00193771960099353,0.00110853888971297,0.00109709005880721,0.00196650563087053,0.00233312976922811,0.00267535759062801,0.00250167353809668,0.00107026558964291,0.00120161562010252,0.00288607879834774,0.00113989467735038,0.00204555279862853,0.00326273723907195,0.00234031312020751,0.00154178877085819,0.00159751199882341,0.0015682306199556,0.00152463221064067,0.00344402792499762,0.00210988536747136,0.00418664024426938,0.00284503236199919,0.00349214359613807,0.00249868602366658,0.00329907263046123,0.00235287565936147,0.00239590156494114,0.000994774009058712,0.00104565594828101,0.00212058077009312,0.00142639044123217,0.00213098471349969,0.00321328404106779,0.00250836962703543,0.00346096168437593,0.00198491607345725,0.00150780740834143,0.00154116429139453,0.00159053301024635,0.00257684872705024,0.00407215176494898,0.00277994478365642,0.00149210233912303,0.00279055826670565,0.0032293288433976,0.00140453041685373,0.0032336710308791,0.00107057869245304,0.00161005811052774,0.00107526622200769,0.00104691025619442,0.0010392467356837,0.00108372668047899,0.00150151789176974,0.0010852304742647,0.00254944403362882,0.00199684252702911,0.0010879041805386,0.00162443438476205,0.00257716030227335,0.00326501996124478,0.00343121833994973,0.00106510161437059,0.00268369170288156,0.00247353043000879,0.00309368159834532,0.00213045044239261,0.00237780085482178,0.00210880036738348,0.00210260527389384,0.00316216208813606,0.00312119760238338,0.00327652875986215,0.00416319401992073,0.00315749939289054,0.00198721075821699,0.00212442033276985,0.00206125052545924,0.00389942977487082,0.00105920299812154,0.00215495712184225,0.00155762718239305,0.00209025937381378,0.00108997674948311,0.00119383560278819,0.00303941321672721,0.00209380040005673,0.00282775699808983,0.00349113414548059,0.00105649588098429,0.00231821002030005,0.00255494995696969,0.00209753593135896,0.00270782765478276,0.00285436552553526,0.00258161074623694,0.00232954407647966,0.00407107214023396,0.00314998674644974,0.00309671246048357,0.00108017456895875,0.00104800495211925,0.0020002108203535,0.00114010471517689,0.0030009750981502,0.0023466788252931,0.00146228129075809,0.00110351769610077,0.0025498481189667,0.00211001365252622,0.00284932337259796,0.00276213835869316,0.00200822694094245,0.0036272556783801,0.00368325314615905,0.00360757971383941,0.00344557957531163,0.00212908128709844,0.00397422631314247,0.00344899082991923,0.00144568862714083,0.00323588967084233,0.00139704096215045,0.00114822935558347,0.5,0.00211619127262675,0.00219004825524782,0.00208035280358238,0.0029533548855933,0.00370628734999072,0.00333355728401113,0.00285870607643195,0.00396264799926774,0.00234735484023425,0.00209758971466201,0.00390514754232007,0.00318430228811825,0.00259853812560189,0.00200850704747017,0.00352490549888358,0.00315924018961474,0.00211759696949426,0.00362647831299899,0.00212818589656499,0.00166965820220352,0.00389107363298426,0.00239707095225091,0.0035761118160771,0.00146402950635537,0.00164174502707878,0.00208109046805321
"TT0063",0.00321961501882237,0.00395023719394584,0.00209639415541938,0.00312633356552261,0.0010320796222835,0.00295481132889479,0.00110491667706995,0.00132800276157231,0.00217286986731048,0.00387452240523958,0.00208835072229833,0.00355495472532092,0.00313750253537969,0.00358862472827003,0.00311066235572679,0.00107355068701532,0.00357171029057805,0.00237294905725252,0.00213077220965067,0.00217194754723393,0.00406310928848443,0.00218109938116646,0.00291810505169391,0.00214207555198761,0.00125206870588816,0.00119390227419019,0.00209270769048682,0.00197431027093536,0.0023257156713232,0.00318136762477758,0.00336333885041937,0.00119130415174019,0.00315222581547997,0.00310551432121232,0.00312501823355583,0.00356792433736255,0.00118444312407805,0.00111207231456977,0.00213251497690453,0.00111353097285393,0.00203393773758757,0.00397213412736475,0.00211534848853391,0.00206029933241229,0.00302907749999226,0.00404168313922913,0.00213622977281235,0.00213578355561255,0.00118788232614624,0.00390801883807746,0.00168397008352304,0.00403434253421553,0.00399070666084491,0.00211319845433772,0.00396087762976364,0.00114328598237239,0.00302136828246126,0.00111668584074058,0.00213118442712192,0.00406315052668092,0.00318010465314295,0.00208977318077372,0.00205609757421913,0.00100865065677571,0.00311996209856551,0.00213538575688216,0.00114091491086581,0.00327955661106394,0.0029581795915902,0.00166484689184505,0.00114024795916445,0.00113228363696428,0.00215474608198487,0.00304846972088294,0.00127017492091244,0.00112953302452574,0.00315396475427557,0.00212201592384525,0.00119038473339104,0.00113637986469772,0.003184529232142,0.00358414380153412,0.00318014496461141,0.00316176769557382,0.00208648351950166,0.0040260535786991,0.00211424372979775,0.00110568950602581,0.00211708991887523,0.00114321327937175,0.0021101939462489,0.00105936820765632,0.00110109458686029,0.00112866580641977,0.00308485501904077,0.00404115931517324,0.00117283955756988,0.00405478272709958,0.00214753363746579,0.00204145799112509,0.00215016071881642,0.00386673742492902,0.00315280046557724,0.00108508187817806,0.00383960339989981,0.00215366790636175,0.00209816074027983,0.00119165551467972,0.00111939862759637,0.00118403771318567,0.00208884349744441,0.0011210737786721,0.00107026420783693,0.00312484441879495,0.0035854532708555,0.00312447550970678,0.00315008220941919,0.00309183125228254,0.00317640782484111,0.00316794679562299,0.00312563104104132,0.00121540419170183,0.00389179230580452,0.00312391565601359,0.00125341496525272,0.00110264816933962,0.00215410663477321,0.00212560916367296,0.00309863899922558,0.0011657708200527,0.00112662515657571,0.0010267244278572,0.00405469907352,0.00108624233057919,0.00402500879745319,0.00401869812110937,0.00201104052174587,0.0010794590740303,0.00113388637637246,0.00210545698270645,0.00112076848298027,0.00386753294871219,0.00404499783102478,0.00396189434084517,0.00211531433645558,0.00312788097756136,0.00202422377999738,0.00116873371218891,0.00400284634456998,0.00296431546087523,0.00123118665380774,0.00109278939036937,0.00400897901804272,0.0010671602317149,0.00211132323295103,0.00312044096849794,0.00230879320664614,0.00125067114363559,0.00121682735453648,0.00120697395523171,0.0011013962332028,0.00111918236307905,0.00113301563323371,0.00210071258572623,0.0011341242879203,0.00217913680795786,0.00314908238356747,0.00313757088502421,0.00129249996949381,0.00314652952618511,0.00201741184831082,0.00210219567019756,0.00110636125061162,0.00310196089406552,0.00123325268684367,0.00402748169334109,0.00107779107809026,0.0020827675978576,0.00389974599261537,0.00200597745137534,0.00208130773019963,0.00200732573035527,0.00214402173898995,0.00405189562342246,0.00212495056576054,0.002007692159391,0.00109839608268602,0.00205987210115058,0.00118367230859489,0.00314260715692828,0.00211619127262675,0.5,0.00219096277052531,0.00208943388074786,0.00204868971477095,0.00203949599990933,0.00205068240598422,0.00116821032144064,0.00211210258189499,0.0023382480588692,0.00401126463552243,0.00211533765167113,0.0011127464155422,0.00117881374707551,0.00389848787184052,0.00214488254489357,0.00217917162353096,0.00404134826692344,0.00167345286969037,0.00405001568126808,0.0013116940471717,0.00213737882105282,0.00113213759687882,0.00214697840720141,0.00109497882657775,0.00163235154204279,0.00398881741029366
"TT0028",0.00113735877848716,0.00214631965260339,0.00215766846569778,0.00102725104193734,0.000907856055684529,0.000876384869269066,0.00103490968166799,0.0202593689714433,0.00226071910326801,0.00207931287908462,0.0013883233715525,0.00170079718940789,0.00153108080001293,0.00166422294440898,0.00109203001212407,0.00140844399407724,0.00167853771895612,0.0124000483381655,0.00220305979594498,0.00703089819753177,0.0022125155566232,0.00653767081752907,0.000859509597477237,0.00222083470922055,0.00170387857573953,0.00154430386136798,0.00221153491876969,0.00166717760437327,0.0143178469101811,0.00161432887924813,0.00102773122865908,0.00116404898280432,0.00155982089461653,0.00112154816343199,0.00102459029493482,0.00170151558675106,0.00115445422401853,0.00106588111929478,0.00220759097639095,0.00101976390778149,0.00209999028004173,0.00220216751517047,0.0021839709221758,0.008876401823362,0.000933796460310518,0.00220628198869194,0.0022124789709909,0.00220973247052703,0.00117862212921813,0.00173006021603661,0.00173750107254622,0.00219868925208382,0.00218084182286039,0.00218994927638183,0.00213829032969309,0.00104706216239527,0.000894876246442568,0.00100034475456795,0.00220097062977567,0.00221248764758753,0.000973467750413698,0.00217596778977205,0.00213136348240384,0.000862229128739553,0.00105396794078481,0.00219843224686613,0.00150973726569071,0.00112759748731473,0.000873944247705296,0.00172589074400565,0.00110201326348261,0.00106726801927571,0.00223717213369807,0.000899634813982867,0.00669402966141571,0.00101709051946265,0.00159093843044879,0.00178434626105629,0.00156362836525535,0.00101995583262555,0.0015912954085324,0.00166322864549356,0.00161263141223357,0.00157114324036425,0.00214695579389217,0.00219399026279621,0.00219147428808105,0.000928786432741063,0.00220030262741381,0.00116113732875233,0.00219408428617034,0.00087812761281962,0.000917007891270147,0.00185912356692141,0.00106658663907121,0.0022043739598032,0.00116203445960201,0.00221626778475684,0.00222991100815218,0.0021095474964536,0.00222276717569671,0.00211012114613556,0.00155563383301837,0.000996685044287697,0.00167191940796232,0.00223628243828721,0.00218064067065644,0.00156628225805055,0.00100639168571347,0.00119988058404166,0.00215995485381626,0.000917817946529467,0.000903894312783324,0.00107280005325666,0.00207516044452109,0.00151847853621012,0.00100599514528946,0.00105400817215573,0.00114898530495028,0.00155427944688194,0.00115375254828902,0.00158492275025013,0.00209019236761617,0.00152992647389104,0.0181710863654735,0.00101633983172722,0.00224449083615435,0.00220217029293766,0.00107759573284801,0.00116122259923081,0.00111932511202827,0.00089157846628602,0.00221621145789462,0.000999829633523107,0.00219091979392799,0.00218735817858282,0.00207287681713571,0.000923151812095093,0.00104567879441769,0.00218127792633235,0.00097955065519844,0.00207567757692402,0.00220826611308595,0.00216026492241086,0.00218786604090109,0.00111289225467934,0.00203166036092014,0.00118594514410528,0.00218324302999085,0.000871940306556792,0.0205081447251303,0.000886116323010209,0.00218604622183995,0.000948720507049158,0.00219186365735884,0.000933663501980434,0.0238552429091103,0.00126460403200447,0.00115759764507707,0.00157519185149058,0.000978934314578025,0.00104250711369624,0.000879844829252508,0.00217409399873856,0.00107569841785141,0.0022615288169387,0.00153987831187719,0.0010117250631056,0.00179988866230788,0.00158621006034043,0.00208517295809885,0.00218959221540297,0.0011080475879406,0.000929906796010642,0.00158881165382517,0.00219272279325474,0.000926322834021866,0.0021683957007648,0.00209915851844884,0.00165179826688408,0.00215904988858944,0.00207033325719117,0.00220530971354044,0.00221421746802329,0.00219513939237199,0.00210046308864343,0.00100657813759205,0.00213328412246609,0.00106249375607854,0.00122686805977469,0.00219004825524782,0.00219096277052531,0.5,0.00659917284441582,0.00212285745658809,0.00212468175226971,0.00212273814198744,0.00153226575819982,0.00218833797910064,0.0191713594459977,0.00218883131385873,0.00218920141365158,0.0010712150958819,0.00119276564172115,0.0020979398250345,0.00222566503557945,0.0022567292617999,0.00220039524240958,0.0013692796520356,0.00220276447010687,0.00621437250394418,0.00221129239078901,0.00111584196458726,0.0022135851365642,0.000931037340949935,0.00123750676229171,0.0021749244574213
"TT0029",0.00116652851196774,0.00206532772019406,0.00206962212737809,0.00107261660082028,0.00099014588173953,0.000889638205730708,0.00139194543820627,0.0105948320863061,0.00214393185776457,0.00200749649939305,0.00131882110452017,0.00167016263496708,0.00155466641792576,0.00167601291465921,0.00149108754348657,0.00105420081109336,0.00204351407844955,0.00294740675750506,0.00208230391647926,0.0245835664991846,0.00210952760746791,0.0252824796044883,0.000928386886495211,0.00209586701729025,0.00165346177705502,0.00158388379666817,0.0021048347705516,0.00201729454666884,0.00304799125612235,0.00164443101601335,0.00130345641194213,0.00159435015105391,0.00160405625725793,0.00153905763907313,0.00103699348693821,0.00206167139992339,0.00158031246398821,0.00109067876698303,0.0020895630633883,0.00136438672346705,0.00201567046454029,0.00208290102329796,0.00208108368901713,0.0199823137504628,0.00109940966991429,0.00209782918617944,0.00209371827018888,0.00208481644329798,0.00160033925979167,0.00128352570890995,0.00164622351994496,0.00209053508791455,0.00207856242119845,0.0020830254024003,0.00207041150778216,0.00136060864169795,0.000922013905296253,0.00101731041794339,0.00208850735948572,0.0021094949140865,0.0010172235479249,0.00206856677657534,0.0020512369835477,0.000897458809946995,0.00109804944254538,0.00208491804055499,0.0011406037243344,0.00147155241299771,0.000957053173199543,0.00168010181029467,0.00149066670030924,0.00109335050527399,0.00211468910650991,0.00101705314493464,0.0242094846160644,0.00103680443615722,0.00161417654636645,0.00217134144085641,0.00158151311980333,0.00105879934163308,0.00162882825890023,0.00167451175114111,0.00160481982024587,0.00161547071217045,0.00207421899719604,0.00209621441896603,0.00208281087573404,0.000935470950357157,0.00208016930267149,0.00115572285592882,0.0020836982915197,0.000950783208459538,0.0009121186591159,0.00150079399645281,0.00144774821720711,0.00209590450375453,0.00157532643064698,0.00210715225338399,0.00210046148143501,0.00202568388424226,0.00210108059726203,0.00202611193471258,0.00160024184196118,0.00127148405050572,0.00202509331559879,0.00211252431737764,0.00206388758634758,0.00157607495664306,0.0010212194967511,0.0016073543963067,0.00207820673623442,0.000970664719843793,0.0010003083256654,0.00145500024938365,0.00207252388925322,0.00154655053992636,0.00105263056860135,0.00107147127188259,0.00155895214297854,0.00159774827236829,0.00157137432696285,0.00160266325806895,0.00203016797625367,0.00156726123501011,0.0113947933563447,0.00102554873690646,0.00213241361737683,0.00209840314155096,0.00110304003992873,0.00117097638317055,0.00149979154427512,0.000952026427645092,0.00210714953554383,0.00124403303996351,0.0020830609399298,0.00207974069847671,0.00200033720282327,0.000942271782275582,0.00106292658842497,0.00207044593156071,0.000982941983133009,0.00200633917023805,0.00209966887208241,0.00206974845864853,0.00208175426062287,0.00152003391271248,0.00195772499658231,0.0015922599804522,0.00208333410548383,0.000886108952145259,0.0102010350841204,0.000962343096073127,0.00208687271647153,0.000937903701672956,0.00206426816874844,0.000967666771077743,0.00391008081922647,0.00126403596585362,0.00158902250102544,0.00159542498821024,0.00101347030685367,0.001062770556482,0.000852990318265964,0.00206512775828753,0.00110808352901802,0.00214437145626762,0.00156546527408599,0.00102329450587193,0.00167388215614763,0.00160850928483384,0.00159126309041171,0.00208298539915253,0.000950526624180265,0.000948981052278228,0.00163983839839583,0.00208498448069164,0.000952225561409125,0.00206438850781867,0.00203122350565962,0.00198159663022205,0.0020508505355182,0.00199904988045587,0.00210669556995471,0.00210524021052824,0.0020791561296264,0.00201933062497391,0.00102793709727559,0.00205033786314045,0.00106097706465829,0.00162242454671322,0.00208035280358238,0.00208943388074786,0.00659917284441582,0.5,0.00202937874669621,0.00204573525286855,0.00203679937754319,0.0015409837096726,0.00207398262771935,0.00345177369561917,0.00208727167773457,0.00207709441037756,0.00108773954344424,0.00159651278328482,0.00202415694206444,0.00209851599366257,0.00214417548084296,0.00209701999813543,0.00173638627284064,0.00210025030038662,0.0249554554871948,0.00209557620694713,0.00149913440474968,0.00210568630482466,0.00109938990781152,0.00164361295024573,0.00208425107908141
"TT0037",0.00148876057390649,0.00200003769810388,0.00282024500190662,0.00143980614231013,0.00278426421913501,0.00108117644857179,0.00173068833742403,0.00169674438265209,0.00232448739837843,0.00195395274714536,0.00196937799784554,0.00158712645675776,0.00146897312820623,0.00157004595068425,0.00141881626001439,0.00100385844895089,0.00199793226633019,0.00228057909262061,0.0032574078632005,0.00210008181521666,0.00206484805362754,0.00210532430367187,0.00108898581648414,0.00414244764309978,0.00304766985126307,0.0019666775425766,0.00230492176293327,0.0023898330745904,0.00223763170106515,0.00154555550915523,0.00104869902547667,0.00171929963250761,0.00150997648212604,0.00144866701944902,0.00105339714050006,0.00156968380710151,0.0017214178687046,0.00176835186343159,0.00291912112201124,0.00140118361390684,0.00360671814369843,0.00200966698708816,0.00298366849015141,0.00201383011275194,0.00110248835497584,0.00205407688318092,0.00295785285621374,0.00479369527942926,0.00377848429872158,0.00197427709510537,0.00476536420595706,0.00204588716086226,0.00201699919051283,0.00256661644001221,0.00201581620007485,0.0022057859881764,0.00104466392571155,0.00168651188565246,0.00249133080356023,0.00206481657354444,0.00105153159782785,0.00476055125604856,0.00430744669267456,0.00362270746528831,0.00104472737236195,0.00301141373727764,0.00442664313294781,0.00142329479756656,0.00118534295661089,0.00418121099174838,0.00295424468679279,0.00303362871651897,0.00464090470532082,0.0011651106431482,0.0015726827977468,0.00175974092259114,0.00151023338566889,0.00193834409541191,0.00245352742635221,0.00137540529734303,0.00153061392072949,0.00156930244822736,0.00156050931793255,0.0015253808357883,0.00248386879929947,0.00204208026470179,0.00299578301720742,0.0019759253864645,0.00422633332039505,0.00176848600253649,0.00233386968775344,0.00151295709213304,0.00150754155906694,0.00139942712012341,0.00104388715636866,0.00204927773471813,0.00398993706996994,0.00205897968339236,0.00520624607021455,0.00499109235179847,0.00449114979996091,0.00195287704286596,0.00150569302574576,0.00404632999641003,0.00192532886684597,0.00492929047448825,0.00310491778091425,0.00427320819059917,0.00427219443070267,0.00213432685102329,0.00230614801711765,0.00167391564438371,0.00203467291940562,0.00108640901242138,0.00196906104480789,0.00145851254721848,0.0010381143532825,0.00104796858900078,0.0014686094996518,0.00149658453393471,0.0014796034071338,0.00198686614239022,0.0019580519132542,0.00146463939108931,0.00161273648565646,0.00280289252126313,0.00236032476121528,0.00248165381528054,0.00144645034190276,0.00206374119328474,0.00390189067629035,0.00240039969045651,0.00205978781315771,0.00405051014502968,0.00203988845185455,0.00203817599231079,0.00232440468361253,0.00191479762707404,0.00200078333800779,0.00298789161522434,0.00190864767896995,0.00195561155264472,0.00205292072483199,0.00200208336372042,0.00273511850955634,0.00142496357862027,0.00222227560045972,0.00442909867473925,0.00202662067009324,0.00109243760211917,0.00159287199093968,0.0022346744710249,0.00202819100652564,0.00300113058653183,0.00420902445376787,0.00105041929729506,0.00222451194242862,0.00204661543532678,0.00170332687282966,0.00206808911269246,0.00172780689024809,0.00158615748164145,0.00378879728207335,0.00285159215439895,0.00194599679777624,0.00230476968129859,0.00147149462227353,0.00104461980531691,0.00416328727328499,0.00151384551665328,0.00520795930976462,0.00408122036474546,0.00383190639970415,0.00112674507886749,0.00176261539771857,0.00204142191655558,0.00173909001209399,0.00509947129371926,0.00198311397662807,0.00257586642215816,0.00260112740402453,0.00256056658034722,0.00247967142102641,0.002058071929329,0.00278387793527699,0.00246501900863482,0.00377841981924367,0.00237980128982098,0.00151905531009865,0.00153914716946819,0.0029533548855933,0.00204868971477095,0.00212285745658809,0.00202937874669621,0.5,0.00262228485457718,0.0024197222594688,0.00310449117889791,0.00333471658760671,0.00224970327837799,0.00203077954726024,0.00344022710138682,0.0023099576276306,0.00203066172292498,0.00197142260847389,0.00430567388227933,0.00232540683769265,0.00205049513469376,0.00244193532567996,0.00205659832294836,0.00163230156702134,0.00273236686237462,0.00188556820371844,0.00255957436878012,0.00379971788128786,0.00451436268916463,0.00202021873560069
"TT0036",0.00109301545986788,0.00198752366027045,0.00383243838047132,0.00141401591398419,0.00257861967315764,0.00114773778198628,0.00299683601906942,0.00132498572617528,0.00342295847461326,0.00193330410333291,0.00286505676987722,0.00198051459593141,0.00145699537761717,0.0015692349983443,0.00103739185071708,0.00100013004174775,0.00159472428457318,0.00228643493534796,0.00353706033510053,0.00211515161379615,0.00205637030518948,0.00211872509478166,0.00113154523801195,0.00310550369090755,0.00254508250198841,0.00324606577743283,0.00350631273058501,0.00362818082569328,0.00223686533832366,0.00114987920432591,0.00106172031381042,0.00282967662479714,0.00111152925273369,0.00143254713829551,0.00105450915930255,0.00157191435610387,0.00286432313857244,0.00301711079703813,0.00380675006544323,0.00300595559805558,0.00315822701577668,0.00199920416969396,0.00369534943128745,0.00202932598127645,0.00124314954871153,0.00204546495201566,0.00377787395408619,0.00288479894788515,0.00172508806211785,0.00194780534351247,0.00208554117515265,0.00203765581334057,0.00200642179246247,0.00388291062281393,0.00200061126499488,0.00327555717284008,0.00105366563789555,0.00341223117200854,0.00373516565760997,0.00205639110858532,0.0013715235572539,0.00230186116950456,0.0022249903019178,0.00177502867708619,0.00103930317394565,0.00371444223950205,0.00165655115815445,0.0014322642096609,0.00118660622059842,0.00184289939272611,0.00234053256208368,0.00222974977483846,0.00232745343939794,0.00103874143753274,0.00156336740434972,0.0034997754191016,0.00150603846310774,0.00163213384870256,0.00317924758949572,0.00306333281535779,0.00113532496205747,0.00157088440427703,0.00115613549595657,0.00112363590826756,0.00374232800770879,0.00203308559598402,0.0036793884824775,0.00316064418669478,0.00302333167150054,0.00290360554543423,0.00358539936910398,0.00275401636348823,0.0027462143280683,0.00138977456544945,0.00140074120222821,0.00204320106526347,0.00171761883817196,0.00205342391099517,0.00281163926723951,0.00234309930922336,0.00300163796869147,0.00194845311681169,0.00110949251762453,0.00169016878994663,0.00193022104663994,0.00238077338463321,0.00355802940647789,0.00201238077561321,0.00137205551588637,0.00352619985956775,0.00352797027123965,0.00131702523350558,0.00289634655195315,0.001423672361684,0.00158214782138636,0.0014328186994168,0.00103886239077974,0.00139829663052996,0.00107542447366671,0.00110432516650354,0.00146383919876856,0.00327761708928396,0.00194926966957743,0.00144799329526763,0.00199126530116619,0.00218005930420724,0.00357141724462332,0.00371009622398006,0.00142474263503043,0.00304321326991481,0.00244281001228628,0.00272021774063124,0.00205253659309965,0.0022802116557698,0.00203125231178806,0.00202843487676242,0.00344198537791443,0.00293436425260587,0.00302877193635683,0.00365399402079637,0.00317288472219983,0.00196028377596544,0.00204677879726132,0.00199053433568652,0.00396975008644244,0.00141645761546771,0.00211140595959279,0.00182095537835469,0.00201084803605377,0.00105708546823351,0.00121485248852459,0.00266883362029329,0.00201403973128308,0.00258730127801047,0.00302230844502871,0.00105093038363662,0.00222855594558655,0.0029016790879949,0.00283004327164197,0.00339440352482147,0.00320968069059608,0.00295297569448332,0.00194268489639983,0.00378131380511487,0.00324205017696031,0.00335313108223683,0.00106810657886785,0.00104711483140192,0.00147899459861029,0.00150511962829373,0.00228201114136654,0.00221487156947957,0.00135270575986993,0.00107086439861156,0.0024953252636925,0.00203213482023747,0.00317391516779422,0.00247999097610877,0.00195985255790374,0.00318666225899798,0.00394236563517892,0.00390415826238668,0.00368309321446351,0.00205147678160436,0.00394479401303748,0.00377144589494703,0.00169181793330006,0.0035204617889353,0.00156727275792125,0.00152050437869069,0.00370628734999072,0.00203949599990933,0.00212468175226971,0.00204573525286855,0.00262228485457718,0.5,0.00363289882997544,0.00276211383057697,0.00344316963820631,0.00225391246009602,0.00202105250804992,0.00337972996088356,0.00331527544805289,0.00333356283215872,0.00195810556161424,0.00305176943866138,0.00342453481572309,0.00203793562539057,0.00385129550524669,0.00205063598725118,0.00167578446684784,0.00406415662408024,0.00314283801110073,0.00385632653492662,0.00151707248652029,0.00190204182331238,0.00200371378145237
"TT0035",0.00147998465809107,0.0019894053087955,0.00344818817968126,0.0010652757964121,0.0020398888911049,0.00104636372467477,0.00333294742012085,0.00169414396562769,0.00408245648479388,0.00193507680064911,0.00425713147004307,0.00158402348906581,0.00145892066743779,0.00157254178174832,0.00140848548488539,0.00100091192861188,0.00159988338848882,0.00229706831540678,0.00316775764497316,0.00211780781641647,0.00206854089135253,0.002121063158487,0.00102807093600259,0.00279979801728614,0.0025577558052982,0.00376794251093461,0.00414464910806167,0.00399748605781483,0.00224283806823759,0.00154230493173126,0.00107166802920106,0.00349971487315646,0.00149926563347695,0.00143544399224593,0.001055867649578,0.00157632953535448,0.0035307277971363,0.00331216080284233,0.0034357568143676,0.00334297634009885,0.00281500880844684,0.00200761320609036,0.00332202728563211,0.00202417579675596,0.00106271230527063,0.00205734106759057,0.00340644097694546,0.00263366388128597,0.00166161874211268,0.00195772030530454,0.00193627380673238,0.00204914294633452,0.00201292940646819,0.00397847738033627,0.00199943486023386,0.00253006705380077,0.00105670090682844,0.00298274597263163,0.00432386136726745,0.00206856297587608,0.00106249180306301,0.00222712236924335,0.00215366430460066,0.00146155864320413,0.00138838203275197,0.00334326327260639,0.00185953756961348,0.00110043576472187,0.00104686341837131,0.00177164797014322,0.00211371117313515,0.00223150115316481,0.00226341244424457,0.0010194638905384,0.001564176875387,0.00278461352065207,0.00151259049421362,0.00245308208269613,0.00279383938822827,0.0033687182678423,0.00152801595643271,0.00157456356899916,0.001551795533027,0.00150944220328805,0.00414127410079237,0.00204489353696781,0.00330480339571623,0.00290303228288124,0.00273228989526398,0.00393362392062929,0.00421844026774407,0.00324747084286718,0.0033410793713727,0.00139303878355785,0.00104357067449385,0.00205530609164601,0.00165931187591245,0.00206591348136684,0.00258661634153296,0.00222357182300518,0.00272513001898089,0.00194066180490757,0.00149558204511926,0.00130211160072511,0.00191576354751681,0.00230147900109385,0.00318850815054491,0.00212773918091904,0.00128741024850534,0.00340591836710582,0.00414791081897923,0.00134991618154723,0.00238316760100268,0.00105863347697174,0.00158822336756773,0.0014424543765468,0.00103820474182966,0.00103905606592196,0.00146424875930108,0.00149088560678947,0.00146531685163535,0.00369957746075589,0.00195387129316555,0.0014534454120229,0.00161687375854162,0.00212542036689311,0.00416636132846947,0.00431497765171311,0.00105603326293713,0.00359490851418412,0.00213202302700584,0.00220228267798095,0.00206473243753455,0.00169827483454509,0.0020429024985437,0.00204008309993793,0.00402978681730771,0.0025357389387848,0.00261558787192633,0.00328154815245062,0.00255170444819125,0.00194413590236468,0.00205893711666748,0.00199655691349128,0.00360727899822965,0.00141988532145473,0.00205785631784977,0.00172721835408788,0.00201853607656338,0.00102755724762178,0.00158238706188161,0.00216966979446815,0.00202244830133426,0.00197400307601386,0.00272967533270126,0.00105595880246753,0.00223553661646739,0.00390959537572278,0.00351982619232223,0.00323660340376552,0.0029845455190133,0.00326764914009489,0.00164037344740004,0.00341419286849792,0.00249906841294645,0.00400797050078896,0.00144464444121399,0.00105238892375085,0.00180410530291197,0.00150954650496119,0.00243696834003047,0.00216399647941845,0.00127455765476012,0.00104745182261166,0.00354797850634501,0.00204335243066656,0.00279619191274579,0.00233117928114115,0.00195884520539276,0.00360859166064369,0.0036987437084554,0.00364549931444311,0.0037705175570561,0.00206401550144832,0.00358033238567188,0.00380512756898897,0.00124714885958136,0.00412428401491505,0.00129779221241157,0.0015229443315146,0.00333355728401113,0.00205068240598422,0.00212273814198744,0.00203679937754319,0.0024197222594688,0.00363289882997544,0.5,0.00239956179016932,0.00308161858320992,0.00226275566596969,0.00203243708682799,0.00301948126981921,0.00256376496723214,0.00365462682876277,0.00196361832794494,0.00276051185694177,0.00408429870121136,0.00204536768746883,0.00308033994144156,0.00206286425759218,0.00166391071745213,0.00370812454141263,0.00377339961805568,0.00417046493657544,0.00124825201661786,0.00180397107386481,0.00201103249693926
"DU0079",0.00178523244675793,0.00151212685224446,0.00304143353911999,0.00172044579461528,0.00385385948774816,0.00161147920085249,0.0022671728336982,0.00169491617909922,0.00165587353179966,0.00151713737301573,0.00241968016971957,0.00162837002002346,0.0022225773079095,0.00164813809309736,0.00229154422344115,0.00200995592271939,0.00157821932076286,0.00107835555342508,0.00324188323669115,0.00124270206550068,0.0011752742403793,0.00123942946458927,0.00122095344907395,0.00343276198268592,0.00458983041671259,0.00310353758344345,0.00208803850285391,0.00246233285115312,0.00104949566585132,0.00213307540580935,0.00151800346710381,0.0027450715270295,0.0021547243389441,0.00229769373370347,0.00219181150175623,0.00163742630853799,0.00281478599942171,0.00232767340352519,0.00279154703501248,0.00227405545148429,0.00391701574376423,0.00114987571349977,0.00289257968551239,0.00155143625979439,0.0012514593756901,0.00117113161290633,0.00284513250370087,0.00311573816655619,0.00288870732503099,0.00153167401613298,0.00296224093339122,0.0011680889978966,0.00115157549443054,0.00224049466089874,0.00152280916063596,0.00362220724120342,0.00161132444784817,0.0029416632348629,0.002087457485927,0.00117527338794154,0.00127727945695068,0.00222430673299556,0.00215911173991768,0.00265188554149499,0.00225651971635198,0.00292326512452735,0.0036412328784468,0.00167336284541016,0.00135344535663617,0.00262604341276842,0.00410790518944409,0.00470542622026752,0.00214315127417699,0.00120940949383911,0.0022855042405664,0.00357289801122286,0.00218526392460831,0.00198596319510578,0.00403599657849464,0.00309044905543244,0.00217508222743855,0.0016452258393263,0.00167106995572696,0.00217531060713878,0.00248422828973811,0.0011661462522534,0.00291166304734563,0.00272038222888521,0.00333883864958402,0.00233241538068651,0.00196002096613082,0.00208274206445426,0.00297611707753503,0.00230068142901794,0.00226795146419385,0.00116930254626477,0.00294219198553442,0.00117355694924106,0.00297682000973648,0.00274574979301545,0.00327933363082319,0.00150641147215797,0.00215990000492544,0.00274655440330824,0.00150748646863523,0.00230357402679425,0.0030715603834768,0.00430428021166471,0.00287790389381033,0.00340837794144083,0.00229051272838048,0.00233793561494391,0.00295174461617245,0.00172716231770599,0.00162744022348372,0.00236311086931566,0.00225552305316371,0.0022610587761244,0.00221137088126525,0.00219494988030867,0.00219922096497309,0.00313985107137593,0.00149914573874595,0.00227756172372542,0.00174262506996627,0.00391631384776008,0.001727841439752,0.00206896659463413,0.0021715533807048,0.00287951319887579,0.00437586210656145,0.00339443204486447,0.00117352081489529,0.00366155349365418,0.00116531282081399,0.00116412694704564,0.00230975623957834,0.00318061469799981,0.00339621935581617,0.00291202636912249,0.00313633073315299,0.00150098723155777,0.00117104177544388,0.00114576047795464,0.00252334174832205,0.00221177206007943,0.00166300423700253,0.00333041282234732,0.00115688182164018,0.0015967243683432,0.00227692851704634,0.00319874652126084,0.00115741006735655,0.00408893836026871,0.00334242535290497,0.00165082863329196,0.00109818773641821,0.00258856534842336,0.00225024313156626,0.00328981068824934,0.00301810796887579,0.00278496698954111,0.00317171749084945,0.00271987955002633,0.00390806093183796,0.00162167101179218,0.00232272459799232,0.00171751919435248,0.00255325340906546,0.00219178947340672,0.0032157043098623,0.00172129742516638,0.00270552111750061,0.00151011960483588,0.00271182425093161,0.00116581442201984,0.0029211382260951,0.00243657124187419,0.00151024701540224,0.00275131670056665,0.00233792729328627,0.00268483338937453,0.00209883248816601,0.00117298223010271,0.0025908640679296,0.00253665053282468,0.00319587136655145,0.00195360788581644,0.00179159688791145,0.0021523915679732,0.00285870607643195,0.00116821032144064,0.00153226575819982,0.0015409837096726,0.00310449117889791,0.00276211383057697,0.00239956179016932,0.5,0.00335022254589558,0.00107473398550099,0.00116073621731379,0.00347013580710416,0.00334370809672317,0.00318461607171726,0.00150851080456852,0.00335529738724653,0.00165686483923585,0.0011667194758779,0.0031685705338901,0.00117279378225002,0.00170944650274159,0.00249472902237522,0.00306060248219733,0.00218683900168773,0.00226751612553218,0.00284419219037775,0.00115389092011319
"TT0033",0.00109589964372133,0.00203919284269768,0.00375863694420445,0.00107720812388363,0.00343276676119039,0.00109600087171785,0.00203969213812749,0.00170622381475542,0.00273912644911509,0.00197895537979075,0.00305317162478513,0.0016020853090703,0.001080619741732,0.00158745872016383,0.00104177003320294,0.000929215567313109,0.00162592559019997,0.00237997379557832,0.00434286792190017,0.0021697771478167,0.00212996383536453,0.00217554585335612,0.00108835505592135,0.00406280682991918,0.00390501041929376,0.00223731202465421,0.00295969523311829,0.00305417801526078,0.00232814457809672,0.00155490641871306,0.00104642969451982,0.0016785628429189,0.00150736103233217,0.00106712283282981,0.00104932459331894,0.00158862684808211,0.00170101701928115,0.00204418405934684,0.0039161250646952,0.00205568099877521,0.00410201454514034,0.00206185813487791,0.00399847239970337,0.00205338124424005,0.00110436173651217,0.0021181027084681,0.00397178264676073,0.00375160390256504,0.00157074734771815,0.00199650340140959,0.0026666458173021,0.00211070302257807,0.00207346027980376,0.0033435487632674,0.0020533533135042,0.00329395895656325,0.00105751877409261,0.00248149387931514,0.0031938325202244,0.0021299487943228,0.00107029183754142,0.00290359974886326,0.00251229303235324,0.00227505838892683,0.00103997647885057,0.00404416135014139,0.0022812804294343,0.00110289622773615,0.00110741031485012,0.00216041575006087,0.00267838676413972,0.00317044659430095,0.00269477223269146,0.00107026045499559,0.00119965008833406,0.00260521149554238,0.00151687039613267,0.00244600961648462,0.00306055394043127,0.00206828187258288,0.00153692641277801,0.00158825893377675,0.00156476188884605,0.00152245934875848,0.00318239431851929,0.00210570163720026,0.00401599151345102,0.00258406389401851,0.00395693326422282,0.00220123524479491,0.00304631340024407,0.00211572239545398,0.00214307319923751,0.00098985890793561,0.00103668533168447,0.00211524969740923,0.00160977295328318,0.00212588915918137,0.00363039834206463,0.00299667939846701,0.00391796400155895,0.00198083369393059,0.00111893393419797,0.00199664570422969,0.00195058325705492,0.00301811066321526,0.00415614389216242,0.00284777358596485,0.00192357519975545,0.00251369503764568,0.00297561788745671,0.00146411153465411,0.00299748074487781,0.00107052687048562,0.0016016634020338,0.00107123506332942,0.00103768855714444,0.00103335660264622,0.00107703352010586,0.00111140460270305,0.0010795083286611,0.00227989920410366,0.00198959839343698,0.00108222864467438,0.00161997183863046,0.00300293428213697,0.00280166598070712,0.00316822453520528,0.00105936998998571,0.00240546204301078,0.00294917331796406,0.00334550016089635,0.00212533639106909,0.00284786164744509,0.00210392945111343,0.00210138055724491,0.00292650923733582,0.00285735971229092,0.00299505190113211,0.0040076481646401,0.00288411145269979,0.00198313955129012,0.00211892626538692,0.00205547244916472,0.00363058226221738,0.00105138890160382,0.00218016581861403,0.00200555794198629,0.00208210846866299,0.00109996049667284,0.00119266050097251,0.00322834467677972,0.00208470683430745,0.00334121362193354,0.00395671049038045,0.00105038755960473,0.00231594585624383,0.00268104050226743,0.00167341064308102,0.00244399276521708,0.00256832019080642,0.00230253135013295,0.00277170872302987,0.00381953112771529,0.00288602430127647,0.00269912779431766,0.00107756748906736,0.00104141898977745,0.00219094372870306,0.00151818092958682,0.00340049209887339,0.00249402123244836,0.00186912675504819,0.00111156251616992,0.00173440978806015,0.00210499092410181,0.00257514707816382,0.00309023864827546,0.00200560383790903,0.00336638812355689,0.00341898259576025,0.00334457988199354,0.00320318379228647,0.00212390913710646,0.00370916518581241,0.00319098255087971,0.00165195429781942,0.00299407004799477,0.00143968364399017,0.00153121188419075,0.00396264799926774,0.00211210258189499,0.00218833797910064,0.00207398262771935,0.00333471658760671,0.00344316963820631,0.00308161858320992,0.00335022254589558,0.5,0.00234536650900769,0.00209380575283317,0.0043689648012496,0.00291403815667636,0.00270965225787317,0.00200276179237897,0.00398915475883362,0.00274182411900833,0.00210869774881662,0.00336344040221957,0.00212285865615034,0.00165990492135564,0.00362206823588694,0.00213271133087712,0.00330992708865301,0.00167712995933125,0.00248969507641448,0.00207450432370069
"TT0032",0.00101846971763134,0.00225546339508118,0.00231554928585337,0.000943981953532859,0.000909905245997856,0.000844135650538074,0.00097988398053865,0.00725640546696681,0.00242377260300945,0.0021771088570516,0.00225557085995518,0.00130173243505888,0.00104090197086544,0.00122970149463294,0.000958594035249019,0.00241490974485108,0.00138779564331455,0.0346849556766255,0.0023735998541181,0.00366614443419417,0.00236319623426854,0.0035315994231961,0.000837994291883177,0.00238871858966026,0.0013209899921481,0.00110222658842582,0.00232733642211853,0.001761595396304,0.0382038695077006,0.00112414339541524,0.000974223843193785,0.00104728024028225,0.00108070729618974,0.000989258559851444,0.000927269694861929,0.00129848462922482,0.00104144827424908,0.000984380590949025,0.00237790328872269,0.000971092394809635,0.00223125109694216,0.00229235709485127,0.00234620222729329,0.00409468952774097,0.000885287524056033,0.00234742073373202,0.002383558426259,0.00237417334391236,0.00104139830618155,0.00217711400082779,0.00134968432528717,0.00233912317774452,0.00229804743908394,0.00234605472615754,0.00226495940145475,0.00102946737000855,0.000858671450999645,0.000964103890404791,0.00236906594580612,0.00236329642888809,0.000922614327424694,0.00230527627283721,0.00225462618059013,0.000859153508435884,0.000940955731909226,0.00237647268975798,0.00104402109985013,0.00101748585113682,0.000847685742366386,0.00132397244631999,0.00101203150869681,0.000982431361787414,0.00239305348106294,0.000879639283792449,0.00254448496118386,0.00097239332206045,0.00115940947098418,0.00230059164215378,0.00110297317070435,0.000966666956850561,0.0011094518656587,0.00122862999452409,0.00113056494289503,0.00109313474452285,0.00230103606854521,0.00233199428340285,0.00234796170583105,0.000940937331182113,0.00235396636301647,0.00107326634010421,0.00234056911035237,0.000881724767168441,0.000896348351098369,0.00250130691220009,0.000943490326119838,0.00234560455068342,0.00103077761383137,0.00235862935876112,0.00239560227979975,0.002232626514049,0.002398782352281,0.00218608866804043,0.00107753803470366,0.000943174876322027,0.00211516316828827,0.00239416978384983,0.00232684905995655,0.00111048275834408,0.000942007556481448,0.00109528788595851,0.00229715298050782,0.000842167663251619,0.000904686390220472,0.000954116601673352,0.00124632503078788,0.0010295565651441,0.000924329039786703,0.000933576231718079,0.00101434605045582,0.00107361861292232,0.00101295680765804,0.00118879482224636,0.00219377780729816,0.00103918279355909,0.00630278127774275,0.000953283619385486,0.00239649442055644,0.00235871158537981,0.000950224764041869,0.00107074412708372,0.00101429949767339,0.000897381541865673,0.00235869352896278,0.000964562366158166,0.0023304963157996,0.00232317892243413,0.00220085336358932,0.000918367138579662,0.00100615007677586,0.00233376056924623,0.000972453109232787,0.00217883880368347,0.00234970233724501,0.00227294635482309,0.00234436062068951,0.000982061773832422,0.00216216270219245,0.00105808389413032,0.0023075478579286,0.000840034467601437,0.00727575560803667,0.000890757863602646,0.00231205017008483,0.000945480275612492,0.00234588366005211,0.000890068196911075,0.0386778865931835,0.00128635294237756,0.00105164762172492,0.00118920326241627,0.00096432052244409,0.000977108074827925,0.000890641256278256,0.00232860534981519,0.000992906395160219,0.00242706428434902,0.00104674208552704,0.000919865576583058,0.00179512582553688,0.00115524374704912,0.00221986829353404,0.00231768904663398,0.000919535917035613,0.000892870989231223,0.00112474213938014,0.0023323414910921,0.000919205260639625,0.00229749352517088,0.00220733377654857,0.00177515388678451,0.00230150479962326,0.00220330905328244,0.00239025890531112,0.0023565819015225,0.00236341459749749,0.00221203411583629,0.0009217330971909,0.00227266074305543,0.00107679387719622,0.00114017723577632,0.00234735484023425,0.0023382480588692,0.0191713594459977,0.00345177369561917,0.00224970327837799,0.00225391246009602,0.00226275566596969,0.00107473398550099,0.00234536650900769,0.5,0.00231929372600281,0.00234522164796038,0.00100041038215292,0.00109113046752455,0.00220478188524006,0.00239380070916702,0.00242994483835629,0.00233955350620235,0.00141379194489927,0.00235244126765372,0.00251516916062521,0.00238156685489028,0.00101673676987374,0.00239138515608685,0.000907183878020542,0.00119257173419711,0.00229596259187304
"TT0030",0.00320392227622312,0.00392313364314384,0.00207752377908878,0.0031109619487241,0.00102495576205482,0.00294005190952112,0.00109714428510831,0.00173980050257168,0.00215340406250181,0.0038495256293427,0.00207058312092476,0.00353454650378758,0.00312201638504682,0.00356822203385267,0.00309548367086665,0.00106590776996893,0.00355060793727771,0.00235155687033276,0.00211186860363161,0.00216933184004217,0.0040367444111887,0.00217795214165465,0.00290345194889305,0.00212366079222718,0.00163970596300487,0.00118570037611157,0.00207454276390336,0.00195725915009039,0.00230539877512611,0.00355986142210081,0.00334658040920572,0.00118308114157763,0.00313634192780485,0.00309015400070884,0.00310989726256952,0.00354748380011282,0.00117628871713047,0.00110459154589046,0.00211372243812214,0.00110567102563425,0.00201595795061898,0.00394671204906655,0.00209637221573509,0.00206041650220977,0.00301401138493279,0.00401534618069635,0.00211726513751534,0.0021172695292149,0.00118190517624715,0.00388162146038481,0.00167092018611865,0.00400834859898878,0.00396488517994369,0.00209478918365501,0.0039348977130009,0.00113536579423235,0.0030062787146166,0.00110896746697541,0.00211262092601339,0.0040367277109915,0.00316438392453305,0.00207282577629743,0.00203960169311951,0.00100133559183342,0.00310482175884994,0.00211639214769297,0.00113344639521636,0.00326334777007997,0.00294333686307593,0.00165392973017036,0.00113244893280102,0.00112513367957537,0.00213747327900782,0.00303323620611421,0.00127820852735186,0.00112170639418946,0.00313800083169821,0.00210231126847492,0.00118216926820929,0.00112871127506425,0.00356132899569704,0.00356373832180702,0.00356089833925777,0.00353380634426969,0.00206779945403587,0.00400005621789644,0.00209539486080285,0.00109764028605375,0.00209906408282077,0.00113565457937046,0.00209188817122938,0.00105168969718656,0.00109323623049741,0.00112061865456916,0.00306977325747406,0.00401488493794472,0.00116710525466775,0.00402844789068772,0.00212898778439227,0.00202382877352603,0.00213143834760372,0.00384203472573795,0.00313693208974965,0.00107883109082449,0.00381432216554837,0.00213585912517615,0.00207957522488388,0.00118380177646817,0.00111336928536471,0.00117585077990598,0.00207003274705641,0.0011125210204051,0.0010624327391644,0.00310950047084751,0.00356482986941783,0.00310903946205393,0.003134646837014,0.00307674698376136,0.00316079313655932,0.00315205928892467,0.00311012535781908,0.00120694590584668,0.00386625872834557,0.00310843955141741,0.00165281807369987,0.0010954461911261,0.00213515492907632,0.0021069717782654,0.0030835620683058,0.00115792809251596,0.00111931146673536,0.00101928585848869,0.00402845297057099,0.00107887994603986,0.00399903859523685,0.00399281999717773,0.00199323937710479,0.00107168927918755,0.00112627102273392,0.00208722219637368,0.00111278137354541,0.00384224792161075,0.00401885210909897,0.00393621289574118,0.00209645859390623,0.00311251031415494,0.00200499678600756,0.00116201882493597,0.00397723976246806,0.00294956859331337,0.00125476623331124,0.0010848536897113,0.00398336662056871,0.00105999512147286,0.00209328522289463,0.00310510396340363,0.00229261966626425,0.00163478968782965,0.00120835038057638,0.00119835986960144,0.001093677123704,0.00111173428645427,0.00112507929619474,0.00208213788394917,0.0011264526468385,0.00215984552483808,0.00313347382870702,0.00312237541669313,0.00168961828619706,0.00313062942462277,0.00200030762142281,0.00208550196983688,0.00110039814405985,0.00308661309089836,0.00122458827542659,0.00400155895428934,0.00107011025948903,0.00206513383226697,0.00387450580099381,0.00198851826284788,0.00206280923881354,0.00198947309594218,0.0021247385039785,0.00402562953491284,0.00210625757777253,0.00198966593586239,0.00109268353491458,0.00204044497383482,0.00117352105810346,0.0035176003919821,0.00209758971466201,0.00401126463552243,0.00218883131385873,0.00208727167773457,0.00203077954726024,0.00202105250804992,0.00203243708682799,0.00116073621731379,0.00209380575283317,0.00231929372600281,0.5,0.00209708760468396,0.00110506055671744,0.00117067975757494,0.00387284426428069,0.00212622799768867,0.00215997051214691,0.0040148462570147,0.00166002677092738,0.0040236360659494,0.00169476789711022,0.00211833557328911,0.00112450907131979,0.00212789382760506,0.00108885751300718,0.00162087958676904,0.00396310807900584
"TT0039",0.00110133998535749,0.00204498025912529,0.00369643568656857,0.00108284739787355,0.00355203329692931,0.00110349879578784,0.00178136899870286,0.00170691047883179,0.00269620860708225,0.00198425999567729,0.00260383770883205,0.00160590516947812,0.00108668300957423,0.00159185514714799,0.00104838865260603,0.000933827916847812,0.0020185845589243,0.00237984824160921,0.00428452686234702,0.00216976045124274,0.00213342415239756,0.00217530559558917,0.00109854369349701,0.0041823469054838,0.00402160861046502,0.00217581014628018,0.00270687020847223,0.00299310338422215,0.0023312607758294,0.00156027066613486,0.00105379350911779,0.00163962956619169,0.0015130783078635,0.00107323546831614,0.0010541315868279,0.00159287747696954,0.00166059150836101,0.00198789102135456,0.00385205822758437,0.00199712709407487,0.00421803919964479,0.00206500043763931,0.00393740092926326,0.00205485231301861,0.00111262456827103,0.00212134981593212,0.00390759769438053,0.00386628305209774,0.00162508596807819,0.00200014527060863,0.00276089285189498,0.00211452911322143,0.002079985272526,0.00327882259792059,0.00205865750113346,0.00322474984797311,0.00106259576877932,0.00241501004172612,0.00313300534612059,0.00213339758338777,0.00107488141442547,0.00298384881390829,0.00256357129245278,0.00235858901557934,0.00104583360306373,0.00398106868349859,0.00237439526168251,0.0011071618310261,0.00111552705947598,0.00222040057043526,0.00275862734408751,0.00329597999991799,0.00275371976929382,0.00108364071538412,0.00120188396310762,0.00253911144323263,0.0011353734341117,0.0024511027364202,0.00299723088862793,0.00200594210301926,0.00154212440525168,0.00159265391477489,0.00156997665825669,0.00152873557106075,0.00312320650541141,0.00210929805097032,0.00395633536294176,0.00252363574287113,0.00407292463629,0.00213340571030767,0.00298437132496123,0.00206212312014734,0.00208395190827917,0.000993524038199381,0.0010448526033487,0.00211864999351797,0.00166956723662603,0.00212922396885327,0.00374231373726402,0.00308543878866727,0.00403638715787315,0.00198427740604672,0.00150847107661457,0.00208753091894619,0.00195673464016681,0.00310323941236855,0.00409792738846842,0.00335536505421312,0.00201345742414498,0.00244951584400802,0.00291855704860456,0.00148421325032129,0.00293845416132349,0.00107756895321702,0.00160600790176803,0.00107761136242896,0.00104480005313324,0.00103933603244524,0.00108286348302081,0.00150140818491109,0.00108499174494693,0.00221734464168481,0.0019954870901373,0.00108827341965713,0.00162073458675723,0.00310723955869508,0.0027620897693965,0.00311164201213719,0.00106735917367188,0.00234159140660146,0.00307373780519129,0.00329430650117219,0.0021288480240408,0.00297276159554517,0.00210748534926776,0.00210209795233559,0.0028708957083014,0.00279414955801214,0.00292770436054079,0.0039490680955384,0.00281704133368857,0.00198652177079185,0.00212250904281033,0.00206111084287707,0.00357083129774159,0.00105743463823239,0.0021904013692883,0.00209453115501806,0.00209035394151758,0.00110818690763457,0.00119456966563095,0.0031759212932924,0.00209361782655653,0.00346802566190737,0.00407254777322492,0.00105677493752752,0.00231617465317053,0.00222967311981203,0.00163262955638438,0.00275783797102217,0.00250098641102792,0.0022371738963498,0.0028890709816506,0.00375330644705802,0.00282190536550537,0.00266123364632248,0.00108392851463379,0.00104608473117811,0.002250606936007,0.00113668441575223,0.00350918360266639,0.00254359568051417,0.00195539868821162,0.00112095241858463,0.00208505547611993,0.00210893641385782,0.00251265742323416,0.00318426466611403,0.00200996661092847,0.00330541481225523,0.00335880030853457,0.00328437313959514,0.00314631658005063,0.00212729949071317,0.00364480676452373,0.00313073531756372,0.00193048270108591,0.00293672273186285,0.00145368802035856,0.00114793388779215,0.00390514754232007,0.00211533765167113,0.00218920141365158,0.00207709441037756,0.00344022710138682,0.00337972996088356,0.00301948126981921,0.00347013580710416,0.0043689648012496,0.00234522164796038,0.00209708760468396,0.5,0.00284965600846867,0.00226732919539191,0.00200827816835409,0.00410822607247611,0.00270171419241137,0.00211672619094738,0.00329816343190096,0.00212625187085829,0.00165923526033647,0.00355712758939915,0.0020693791302784,0.00324722668858168,0.00195418577934199,0.00218515256004656,0.00208132036397718
"TT0038",0.00223103575131213,0.00109029268782437,0.00324129465429269,0.00244428124999626,0.00352351650664738,0.00164688998601591,0.00376365734215107,0.00151850551018574,0.00228546739984778,0.00107074634282326,0.00255674233371243,0.00153904375729187,0.00166522018167551,0.00115227236180625,0.00164058945976973,0.00241331469039377,0.00150182415407982,0.00102574440998913,0.00300302184269373,0.00111744760777026,0.00111935295626318,0.00111522033817907,0.00259221045866226,0.0025108237336614,0.00294458270245624,0.00319679460076965,0.00241122152319764,0.00297699576639665,0.000990857358202306,0.00155391895198067,0.00152723541061449,0.00284824153595077,0.00156358226179494,0.00164564003544942,0.00214142205040926,0.00150198367384473,0.00287732939792274,0.00372698525617758,0.00327050689413516,0.00376826422977684,0.00264127810378824,0.00109578459504074,0.00317065554566575,0.0014102414185566,0.00252671622466067,0.00111604332308271,0.00323991798779057,0.00224811228595376,0.00256444145217301,0.00109635193679913,0.00182659486582122,0.00111263936340668,0.00109924793987326,0.00280207868113691,0.00109948201501391,0.00404484043906736,0.00144254609726771,0.0035818915489876,0.00262940231490142,0.00111935221925032,0.00223810968332737,0.00151597009429059,0.00176810735798923,0.0034118940747956,0.00211607778451834,0.00317824769871439,0.00246631559488621,0.00177511840425528,0.00285073497134373,0.00194726855063406,0.00283161131934649,0.00365567306472667,0.00149855679830778,0.00266939382786052,0.00157014462121172,0.0041953600604978,0.00156166854161157,0.0015117140362387,0.00371775305942664,0.00366833627297161,0.00117818434756249,0.00115193637945166,0.00154349312987591,0.00118611866054589,0.00265988423273479,0.00111080728801065,0.00315448499393937,0.00438551342750667,0.00243084162805044,0.00327476856081178,0.00248663425259587,0.00427435711180394,0.00275775758089069,0.00190497412673544,0.00167305100530532,0.00111488265566747,0.00252970011389401,0.00111895390031812,0.00214381350611273,0.00192215289668016,0.00237778118140773,0.00142877066295103,0.00119188466389884,0.00227324256725926,0.00142427627027772,0.00156329240647618,0.00304236544667919,0.00241844838607736,0.00261813611340449,0.00352766527465727,0.00243857510649011,0.00212841355237335,0.00492059086551641,0.00233250577216536,0.00114147583917105,0.00162893146493885,0.00217043240020583,0.00213198852066266,0.00168626971443842,0.0012021913919426,0.00165593459726287,0.00316369703169834,0.00107682554614356,0.00162929897964957,0.0015575400625,0.00310697721956532,0.00242565483818906,0.00260928244158554,0.00234834999768599,0.00393961625580218,0.00353813940984086,0.00432492853841652,0.00111833498970758,0.00349425541161164,0.00110987675811893,0.0011083333986615,0.00241342922735532,0.00392250176932778,0.00464542978536651,0.00313658268142145,0.00404433138638198,0.00141938182341969,0.00111668226679174,0.00109321128663418,0.00310096605853348,0.00168062386123381,0.0014345987020513,0.00211391644061214,0.00110188289041309,0.00270945088135378,0.00164521071158016,0.00458659112986548,0.00110264064164732,0.00390885978889739,0.00243347808450938,0.0015610320434399,0.00101006453076831,0.00314567499247232,0.00340272917088049,0.00330405224832854,0.00373116740678973,0.00338540999769747,0.004252669241896,0.00326013360578279,0.00392016513655829,0.00222096721868815,0.00160715409904477,0.00170800094528107,0.00188964196949575,0.00157783959038988,0.00241393826831829,0.00139875978631593,0.00186610301525399,0.00234433664087627,0.00278471243836142,0.00111011369468049,0.00415750309084512,0.00176907857573037,0.00108059473172602,0.00329102372812013,0.00290308150379625,0.00323341248663414,0.00258728247072839,0.00111812411854562,0.00316787149816589,0.00307408507732285,0.0027478499810931,0.0024501257253059,0.00248351473387062,0.00162161318404074,0.00318430228811825,0.0011127464155422,0.0010712150958819,0.00108773954344424,0.0023099576276306,0.00331527544805289,0.00256376496723214,0.00334370809672317,0.00291403815667636,0.00100041038215292,0.00110506055671744,0.00284965600846867,0.5,0.00329592902196876,0.00108318434028072,0.00244254386967278,0.0022857970753082,0.00111271240703401,0.00368301004844872,0.0011183590094634,0.0015441621191759,0.00307615273984714,0.00372522398567027,0.00274516177693305,0.00215553989799925,0.00206522369004272,0.00109906906054766
"DU0025",0.00173614243999586,0.00153184328453074,0.00311423526910592,0.00167338479130993,0.00242423348933231,0.00128225154750936,0.00373863105886713,0.00172473595972394,0.00304619074346001,0.00150549071918446,0.00370927557825318,0.0020870605786594,0.00216770628700486,0.00166356369262393,0.00167124416155899,0.00188158740091146,0.00161506350771388,0.0011078438890664,0.00240935046515876,0.00129236337634704,0.00118594634087349,0.00129034109403601,0.00134626558011324,0.0020068899666992,0.0027778377589104,0.00441923874521951,0.00354093925085379,0.0037125391467414,0.00107240429941518,0.00168790634272757,0.00147899995911082,0.00406930792690251,0.00211862076204556,0.00214096727004781,0.0016057796038429,0.00164065589082811,0.00410133813439311,0.00422686439410519,0.00268982139289975,0.00374395743339365,0.00247056691308324,0.00153792571787225,0.00296533931065795,0.00160366224297193,0.00145181112907865,0.00118249483818478,0.00265577767539289,0.00183261561358104,0.00200857713259192,0.00154541533036496,0.00205267352498894,0.00117825344602578,0.0015431161656904,0.00327130291745041,0.00154172483601468,0.00316539777992325,0.00132016786695797,0.00364242615093766,0.00336128358912332,0.00118594548226431,0.00157286741623806,0.00180764771122245,0.00175520789464036,0.00186985266249558,0.00164275533473654,0.00259179716565056,0.00260870514266041,0.00163389928364505,0.00139006095313011,0.00237954987080225,0.00286111044827588,0.00257536738255307,0.00143525216522484,0.00136109289615605,0.0021877123915642,0.00350731078471552,0.00212642655708418,0.00206713358437689,0.0035836333794477,0.00383910628594127,0.00211542464374044,0.00166051355669687,0.00211478517268396,0.00211753518375444,0.00374704419283876,0.00117663588323732,0.00294686229407234,0.00343068079213547,0.00233101890978266,0.0039819600377551,0.00323735250491663,0.00348287220876786,0.00334225465000347,0.00223047948204159,0.0016733671627525,0.00118144287124574,0.00245131399912559,0.00118616610915758,0.00177312984610401,0.00183310502173391,0.00191917776896771,0.00151616966975891,0.0021155367329731,0.00183047454480796,0.00152674611761168,0.0014712464680136,0.0028305759540444,0.00283053169998161,0.00191107208561233,0.00427399050664842,0.00356127512030662,0.00201058177275493,0.00288134590432365,0.00166457419436408,0.00164183857093548,0.0021247256958788,0.00161304435572136,0.00166469427525913,0.00172389775435362,0.00213793973941257,0.00219064897288933,0.00438411367910777,0.0015183049782185,0.00214226731309606,0.00218733379309474,0.00242145782944671,0.00363205706734922,0.00333935070576294,0.0021513810343917,0.00400848836949281,0.00294127231936986,0.00266664524937235,0.00118512866587987,0.00224862173140053,0.00117577013451704,0.00117424158420417,0.00349144776776872,0.003054599490162,0.0033232960963707,0.00254964817772832,0.00311820838600179,0.00151507798236147,0.00118324231820923,0.00153385829747896,0.00288958857338199,0.0016918744085411,0.00163429785859429,0.00251299434653776,0.00116336845718196,0.00136827219035945,0.00227168719625486,0.00261201700770874,0.00116531093129247,0.00249876855130304,0.00195075881581127,0.00146134434219467,0.00110529728233181,0.00436582519447309,0.00362943741440229,0.00398311006551825,0.00363027109814686,0.00393573288542019,0.00207025699604056,0.00268805974908449,0.00323564347673389,0.00296939811105604,0.00211421598693559,0.00156264123671989,0.00187153629994875,0.00213002652036554,0.00209430462441583,0.00174583652230721,0.00163971977167944,0.00145745547147033,0.00404804217249975,0.00117556927191727,0.00337349132878791,0.00192699075051307,0.00151432171025174,0.00337533699351684,0.00337474114640741,0.00336719741061192,0.00301762595641832,0.00118526414831517,0.00285054170787506,0.00352763771186665,0.00238434675953829,0.00354554257218056,0.00170655789978974,0.0022236943566935,0.00259853812560189,0.00117881374707551,0.00119276564172115,0.00159651278328482,0.00203066172292498,0.00333356283215872,0.00365462682876277,0.00318461607171726,0.00270965225787317,0.00109113046752455,0.00117067975757494,0.00226732919539191,0.00329592902196876,0.5,0.00152436234154917,0.00196130829943522,0.00304602100212381,0.00117541262522356,0.00323125675262044,0.00118504797382726,0.00221347851339634,0.00297608932616592,0.00434546128580113,0.00344696424310726,0.00163978394917482,0.00245948101856312,0.00116072079148895
"DU0024",0.00354066935368977,0.00383110233774688,0.00199889853852246,0.00306781613888116,0.00100096855012038,0.00289794286551377,0.00107337200680142,0.00170709681354606,0.00206163924452384,0.00377627610281263,0.00163604901480597,0.00348009158682229,0.0034518810215908,0.00351336012228166,0.00341833914487711,0.00111218623723057,0.00388010522144366,0.00223613801020251,0.00201773228997784,0.00208052704916092,0.00392300734364592,0.0020881777821551,0.00296290283017617,0.0020311364550357,0.00160399781429062,0.00153782101197242,0.00199988155373343,0.00191575000639635,0.0021961216063672,0.00350565645266029,0.00330374496175757,0.00154194646606061,0.00347283899195323,0.00341465262535574,0.00306741144327683,0.00349170201380878,0.00153035276092989,0.00108296812620207,0.00201947537760529,0.00108362589167691,0.00197034682477332,0.00384641983926282,0.00201096234298965,0.00201645523138871,0.00297224865639183,0.00390216768751295,0.00202294523638225,0.00202601857097402,0.00155451735708802,0.00381651883437542,0.0016356434775275,0.0038950642848067,0.00386166109134083,0.00200358247100452,0.00384027165451844,0.00141323923936427,0.00296374264861657,0.00108516776578017,0.00201841921624742,0.00392302147660987,0.00344503993181852,0.00199018741159264,0.00198092369045183,0.000979286712927324,0.00306236037122809,0.00202206575308615,0.00148834081560884,0.00355401996407634,0.00290140773514068,0.00162119415398396,0.00147025210818486,0.00145192290894263,0.00204602074376547,0.00299172810161378,0.00161814261966468,0.0010976090433,0.00347567498295412,0.00206816914030469,0.00153031818388695,0.00110460795445484,0.00350786979520241,0.00350875844602625,0.00351078487446058,0.00348153268006246,0.00199169912571962,0.00388732307196078,0.00200896715059405,0.00107384267371844,0.00200903003350475,0.00111178229802696,0.00200225464147609,0.0010280686774331,0.0010685127245602,0.00150218643424191,0.00302954548510763,0.00390178245885219,0.00154171026017751,0.00391490954881038,0.00203657489826054,0.00196688701193518,0.00203887719796338,0.00377658983631584,0.00347236865800887,0.0010585704958751,0.0037540472558054,0.0020438775773436,0.00199433666416971,0.0015440328921927,0.00109534069932558,0.00153355617124504,0.0019961742283399,0.00111949638083407,0.00103890697209813,0.00342045214571631,0.00350858112180107,0.00343804079216264,0.00309425780984358,0.00303420149905249,0.0034956867469788,0.00348874556991644,0.00344706139029027,0.0015593917470413,0.00381370349304903,0.00343830580027373,0.00162648547707215,0.00107317758507668,0.00205130631152166,0.00201792005046603,0.00304315970677691,0.00151070892213302,0.00146967470596789,0.000995849117923486,0.00391480665713373,0.00105750524040144,0.00388600838491988,0.00388249738596098,0.0019424342873445,0.00104883867993518,0.00110423218044504,0.00200033426648348,0.00134893898401028,0.00376801962585451,0.00390559999363792,0.00383625713389608,0.00200831854162669,0.00343594257905058,0.00194741344094285,0.00152647729994135,0.00387020974732094,0.00290806142563207,0.00161421977004932,0.00114084535047745,0.00387535394125221,0.00103838964781371,0.0020044232555524,0.00306353159323018,0.0021807377568586,0.00159771393872944,0.00156373379474643,0.00154544459741441,0.00106988084278312,0.00108789307048281,0.00110278318450231,0.00199402014141993,0.00110232322623021,0.00206629375320788,0.00346363830068545,0.00307978065403625,0.00165239555913854,0.0034682615006944,0.00195579549616737,0.00201439773369123,0.00107965384665141,0.00304479677051687,0.00158747731683132,0.00388859565930292,0.00104784658184016,0.00199096404170784,0.00378817389834486,0.00195970588198709,0.0019800943343874,0.0019402395833683,0.00203109900886995,0.00391208012842428,0.00201223262508987,0.00193277472416149,0.00107544653900135,0.0019747248245772,0.00114420717751669,0.00347366236296279,0.00200850704747017,0.00389848787184052,0.0020979398250345,0.00202415694206444,0.00197142260847389,0.00195810556161424,0.00196361832794494,0.00150851080456852,0.00200276179237897,0.00220478188524006,0.00387284426428069,0.00200827816835409,0.00108318434028072,0.00152436234154917,0.5,0.00203388607249779,0.0020659842717964,0.00390688163383212,0.00162075650274198,0.00391037955326892,0.00166239791569102,0.00202419036863893,0.00146676735361556,0.00203357987556249,0.00106933064193921,0.0015901350720089,0.00385759285325308
"DU0027",0.00111031336926138,0.00206904975073753,0.00333172665695764,0.00109693749605277,0.00330769921607798,0.00110136844109497,0.00159381611464149,0.00172689453650081,0.00256611161777761,0.00201137799130909,0.0026015134676171,0.00122533889140765,0.00109750443079962,0.00120367475574083,0.00105869252645267,0.000949916491392655,0.00164910241848863,0.00242852886785049,0.00390001169310981,0.00220094854128099,0.00216432660511784,0.00220597027933933,0.00110289378011003,0.00486287321714933,0.00327516453403653,0.00188056706767199,0.00255128971305487,0.00272125213026072,0.00237487887219555,0.00117448565034358,0.00104909253545854,0.00148865452655318,0.00113662444394341,0.00108325096506054,0.00105617719019457,0.00120653920081574,0.00150287900609173,0.00159727152923241,0.00348011962516977,0.0015919727317184,0.0042550382418726,0.00209244423627902,0.00355486630554852,0.0020791989202838,0.00111220147931291,0.00215164399026522,0.00353164660491268,0.00478882650558624,0.00238273368750942,0.0020318391423081,0.00315376867897247,0.00214419140867747,0.00210379510708923,0.00298074421240871,0.00208480422933346,0.00276845418120208,0.00105949443960271,0.00205640376801384,0.00286641694243773,0.00216431379917245,0.00106571747644298,0.00370415662917002,0.00335658391480862,0.00293277565895453,0.00104957015620795,0.00360110555800836,0.00310902329219059,0.00111094818546173,0.00112010313943049,0.00269235414551441,0.00325577457108151,0.0036761078128529,0.00363831755873359,0.0010925808598843,0.0012186248663202,0.00216211086226746,0.00113926070997223,0.00250560531667936,0.00258873602380086,0.00157785250164114,0.00115894145386079,0.00120303596112556,0.00118573065735545,0.00115421638192815,0.00284559527539968,0.00213830955299576,0.00357338750911367,0.00219147944680759,0.00493498920636224,0.00168516359889504,0.00260740157491444,0.0017826757048996,0.00179407007687193,0.001013365482899,0.00104728203239314,0.00214853843230609,0.00250781483100136,0.00215910410519477,0.00465906028893211,0.00385999368176116,0.00496210777158395,0.00201082352084306,0.00113312761096011,0.00282991180547969,0.0019803815700929,0.0038505852888634,0.00371101304930908,0.00389621845654381,0.00274594931353814,0.00210992023225284,0.00255155913695152,0.00162342717899538,0.00253272101062465,0.00108586288220676,0.00121681585121792,0.00108917717028856,0.00104309140593363,0.00104721116975177,0.00109317919842556,0.00112286270949351,0.00109752801451137,0.00191234436692841,0.00201747285008305,0.00109763202174085,0.00125124921278182,0.00345272883781163,0.00261110572801077,0.0028439425421379,0.00107623323709822,0.00201749347076363,0.00400215518878064,0.00288735312552307,0.00215935211036723,0.00392331156205372,0.00213725767336687,0.00213142998717079,0.00263527728463555,0.00238603145856427,0.00249824338794603,0.00356679433081472,0.0023981541598075,0.00201343691952479,0.00215239544671959,0.00208449183454756,0.0032229776449779,0.00106424497648032,0.00227438108589191,0.00284040617791164,0.0021159123905682,0.00111946030605529,0.00121161692313565,0.00277880632831008,0.00211880358700374,0.00365394987896441,0.00491466083100339,0.00105627924676125,0.00236317340693683,0.0019478473859584,0.00147621029222801,0.00205347305484073,0.00212422815533439,0.00190989226151985,0.00377234408999096,0.00338903831716995,0.00241883459272209,0.00254055126556306,0.00109875151132213,0.00104816056130213,0.0031084644626082,0.00114175804645627,0.00439823618321525,0.003248480802193,0.00266282609102812,0.00114519526927997,0.00153672288491078,0.00213884740006081,0.00213903403859473,0.00397310051532104,0.00204032727992449,0.00298640042021602,0.00303920035550949,0.00296587159403884,0.00288853209481243,0.00215768294004296,0.00329399737645098,0.00283855432192679,0.00262563348083003,0.00269827578411403,0.00152984118633607,0.00115946335098508,0.00352490549888358,0.00214488254489357,0.00222566503557945,0.00209851599366257,0.00430567388227933,0.00305176943866138,0.00276051185694177,0.00335529738724653,0.00398915475883362,0.00239380070916702,0.00212622799768867,0.00410822607247611,0.00244254386967278,0.00196130829943522,0.00203388607249779,0.5,0.00257192484714192,0.00214282829330225,0.00292095699443367,0.00215633517390134,0.00128488445205436,0.00321885972224607,0.00178756638389718,0.00296196631185006,0.00264688306486531,0.00293026330274487,0.00210694303912848
"DU0026",0.00116288704170686,0.00210702583181272,0.00325892725796256,0.00111265973958783,0.00162402412149767,0.0010699549716489,0.00427292158411985,0.00177197458691917,0.00642909418030875,0.00203547544757203,0.00447396785511633,0.00166128599906961,0.00115377577883523,0.00165674065436972,0.00110195530893467,0.000985259393736189,0.00167972951451254,0.00246588486653201,0.00280555078056461,0.00224341859928744,0.0021994314281188,0.00224798148671912,0.00104712711508644,0.00258973616153078,0.00218430691268389,0.00318785529326781,0.00493055312330134,0.00382863335769163,0.00240773924139339,0.00121970160058014,0.00116809662789131,0.00554744877950973,0.00118237675785686,0.00113147577077944,0.00109852334454844,0.0016590748432796,0.00538133496787405,0.00393538811925219,0.00325579787312788,0.004044722064908,0.00252264354446653,0.00212443109269666,0.00314394553674824,0.00212373408560489,0.00109625118410604,0.00218673969468765,0.00322868597175765,0.00249714907603451,0.00127469602504462,0.00206057135941033,0.00186966297277076,0.00217856037065809,0.0021376101353455,0.00380272794378136,0.00211730641422376,0.00223512997364075,0.00107685356573896,0.00269658587602216,0.00419588525906087,0.00219941833263819,0.00110799491916329,0.00225443033871234,0.0021907737171767,0.00129624270458959,0.00109674984760112,0.00316602543641994,0.00135325320226667,0.00114966732708103,0.00107030340430375,0.00135808346192549,0.00149036500083741,0.00155262722958426,0.00231500511898831,0.00103781306123963,0.00126931199451283,0.00250528885256044,0.00119550153241182,0.00250527577260757,0.00217212308210835,0.00366260752806831,0.00120741220803626,0.00165745666473532,0.00162994113977177,0.00118734133897668,0.00398722414180146,0.00217265447383977,0.00312500316338214,0.00259509976623818,0.00253751258439114,0.00431274434819973,0.00461746911398603,0.00323313894668821,0.00310787215782349,0.00104646711841485,0.0010945222481784,0.00218489664572253,0.00125696286091967,0.00219609907845224,0.0024832474482443,0.00221552448759391,0.00255666014300845,0.00204251598032502,0.00117952805832107,0.00124182689607206,0.00201636124636612,0.00233530391304253,0.00300903141620024,0.00152793749481799,0.00123493926054164,0.0027654405272417,0.00467451431353703,0.00131762813907215,0.00210368070684324,0.00110938766274077,0.00167236627075871,0.00112852103619792,0.00108892854358812,0.00108836487882626,0.00115468825022273,0.00116984936478682,0.0011538392529148,0.00310364229444343,0.0020568368209952,0.00114362688103845,0.00129628113932026,0.00152427548228657,0.00425201414090495,0.00421352850790664,0.00110893674574155,0.00296933898288327,0.00150174632459102,0.00172713585883532,0.00219512858041454,0.0014552512888761,0.00217172395234696,0.00216507383436632,0.00402262747139631,0.00223922796398803,0.00232659560414216,0.00310364612735503,0.00227555640648587,0.00204673868251472,0.00218889522535993,0.00211735976129993,0.00341703817421455,0.00111741031549318,0.00213750246558152,0.00130489661467611,0.00214522057016222,0.00103885292994942,0.00126107459371809,0.00169658002891482,0.00215036644006408,0.00159940858952274,0.00253222649938871,0.0010888731992326,0.00239794396919266,0.00340208797322025,0.00567465293454014,0.00263145868485677,0.00269296095036651,0.00300823016773026,0.00136976463960375,0.00322854986063059,0.00223028038904698,0.00643928391812938,0.00112951093235632,0.00109368085450054,0.00180893721097516,0.00118722494516295,0.00232212596608717,0.00222041863523683,0.00121136952527631,0.00107030971613279,0.0053831571624205,0.00217265343534674,0.00250143076104607,0.00230161554323287,0.0020649953746371,0.00340102043239665,0.00351420473397124,0.00344081770010947,0.00367933830803869,0.00219414127843468,0.00339265560901866,0.00361835438246847,0.00120901480715157,0.00421863413717416,0.00131890788128599,0.00119691243276741,0.00315924018961474,0.00217917162353096,0.0022567292617999,0.00214417548084296,0.00232540683769265,0.00342453481572309,0.00408429870121136,0.00165686483923585,0.00274182411900833,0.00242994483835629,0.00215997051214691,0.00270171419241137,0.0022857970753082,0.00304602100212381,0.0020659842717964,0.00257192484714192,0.5,0.00217435743320624,0.00284549221971669,0.00219264180256689,0.00135843552621231,0.00351901368656333,0.00352636024864235,0.00401291037183827,0.00119841980540218,0.00136809242900445,0.00213594763166741
"DU0021",0.00322575484847254,0.00395758986290037,0.00209744716391478,0.00313219043743599,0.00103011929501569,0.00295998541614217,0.00110031381276497,0.00134316504308468,0.00216714483737902,0.00388067133132859,0.00168906050803368,0.00356084383272955,0.00314335669879329,0.00359475269696323,0.00311656685947258,0.00107472248098151,0.00397189014831039,0.00237342818607049,0.00212799855619077,0.00217574188857001,0.0040673115812262,0.00218450522169504,0.00292409401077929,0.00213998103430289,0.00125062452941066,0.00119029074149231,0.00208935488812837,0.00197208737290582,0.00233041299225255,0.00318710900091492,0.00337191947336272,0.00118736828909695,0.00315801582587185,0.0031113423249651,0.00313107739622881,0.00357388086988607,0.00118047199734013,0.00110999461429494,0.00212946553791449,0.00111095185368666,0.00203553174252835,0.0039780301322192,0.00211642338072172,0.00207033980479851,0.00303576453602322,0.00404588875275591,0.00213315258181647,0.00213260460134801,0.00118789940259552,0.00391262036413061,0.00168298621216922,0.00403866057511692,0.00399935978096169,0.00210849725872149,0.00396929935416755,0.00114079997324779,0.00302681270716893,0.00111364346261448,0.0021265605326931,0.0040673106762084,0.00318632982554623,0.00208749827587893,0.00205671497793939,0.00100837029430162,0.00312595880450766,0.00213235889761682,0.00113787961703569,0.00328626831034906,0.00296428155576404,0.00166518330080036,0.00112878855481104,0.00113142917454919,0.00215328810153552,0.00305597476423716,0.00127559192168502,0.00112701401072987,0.00315969029856881,0.00170421763806392,0.00118860605620103,0.00113187396567178,0.00319034183660263,0.0035901558121616,0.00318587757900238,0.00316755475137515,0.00208629428905717,0.00402959880493983,0.00211544589136601,0.00110418276649037,0.00211416496077155,0.00113894048890415,0.00210435691323214,0.00105647856451324,0.00109742289521167,0.00112982488020294,0.00309301252511493,0.00404541041356882,0.00117276003952217,0.0040589509858528,0.00214501998576925,0.00204144254162261,0.0021478147212136,0.00387276983234672,0.00315860297413335,0.00108437305356499,0.00384767685968653,0.00215189740467544,0.0020992483070883,0.00119034183523673,0.00112095072277704,0.00118102558056594,0.00208795167855657,0.00111003377136326,0.00106936440440036,0.00313095650406878,0.00359142892470833,0.00313036241905271,0.00315835908176536,0.00309775673577255,0.00318243243486617,0.00317382167237394,0.00313140659728831,0.00121204860012285,0.0039003414826824,0.00312972736018406,0.0016504573326452,0.00110180782764015,0.00215384649158019,0.0021249191117003,0.00310693780196793,0.00116223739143938,0.00112556700279557,0.00102561222318553,0.00405894273717324,0.00108465399626176,0.00402927949831479,0.00402225815647795,0.00200537165214707,0.00107846305492176,0.00113351356334678,0.00210663726162627,0.00111642837320797,0.0038737395354378,0.00404939975841063,0.0039702313920959,0.00211591623231121,0.00313394344754277,0.00202825157996509,0.00116812558090514,0.00401119826563308,0.00297040789485374,0.00124656983813513,0.00109231887203395,0.00401726363883758,0.00106662696375953,0.0021085230072038,0.00312786366870706,0.00231115391803577,0.00124686711715588,0.00121290863948355,0.00120235532533907,0.00109811474693884,0.00111549379161659,0.00113360288329021,0.00209696860336718,0.00113209751393212,0.00217387038281296,0.00315508386233487,0.00314370921655232,0.00129243148972907,0.0031522386649025,0.0016362756360883,0.00210532197330668,0.00110588937816162,0.00310946606210391,0.00122886850739871,0.00403185862784622,0.00107658399654205,0.00208503639484551,0.00390584788875807,0.00200445759556965,0.00208188423796374,0.00200812540351699,0.00213240716661993,0.00405612094933643,0.00212169696136822,0.00200581219625023,0.00110038468119045,0.00205353834922288,0.00118609333754367,0.00314832510055704,0.00211759696949426,0.00404134826692344,0.00220039524240958,0.00209701999813543,0.00205049513469376,0.00203793562539057,0.00204536768746883,0.0011667194758779,0.00210869774881662,0.00233955350620235,0.0040148462570147,0.00211672619094738,0.00111271240703401,0.00117541262522356,0.00390688163383212,0.00214282829330225,0.00217435743320624,0.5,0.00167175595764903,0.00405422534718601,0.00131639886831332,0.00213380785909035,0.00112539728827526,0.00214241888490272,0.00109545736095493,0.00163204077602713,0.00399713520464751
"DU0020",0.00157403875003798,0.00163197296599388,0.004133052049993,0.00150515387594043,0.00287369251027786,0.001110458291614,0.00284654249959603,0.00221325334591738,0.00284390202273573,0.00160144783629408,0.00351215907566537,0.00210188174599891,0.00155853209405755,0.00209785827225105,0.00150467185021285,0.00144184519379521,0.00208986151992979,0.00179022750223302,0.00345596785789583,0.00178921245551272,0.00128602418712184,0.0017925513502195,0.00110496231453954,0.00298502283683055,0.00331582568952716,0.00312631634245572,0.00294072778066309,0.00352542161555181,0.00174358299749546,0.00163391611417411,0.00135951055533133,0.002729201401228,0.00158920702659883,0.00154011221064544,0.00145690736427911,0.00208088533744374,0.00275739933731599,0.00288664177138276,0.00372058992026278,0.00286247846455144,0.00308450436349804,0.00164178782379777,0.00361421582220408,0.00172762208252522,0.00112772189517591,0.00167797874052662,0.00369178041664164,0.00273002877622353,0.00189406337577513,0.00204006971124563,0.00273861106634743,0.00167259103926768,0.00164775780512471,0.00332833955041677,0.00164191973692248,0.00364809241382651,0.00109949721822476,0.00297727669763417,0.00316692499710827,0.0012860216838167,0.00112294814049946,0.0020238474090467,0.00232438987301197,0.00193296827711777,0.00148629442444819,0.00323817693684918,0.0022975349836046,0.00150279116112709,0.00120970154886145,0.00244103081379876,0.00267777008618171,0.00293931529607629,0.00203057410357655,0.0010966129433782,0.00171291512293055,0.00346183776821747,0.00204042111349593,0.00248650163620342,0.00357801526525007,0.00293214026830995,0.00207056256730691,0.00209288963364593,0.00206584013316652,0.00160091936017222,0.00356994695113725,0.00166890040643122,0.0035989474997225,0.00320044766426641,0.00290002278465468,0.00303070905946657,0.00301892519078159,0.00252138815641151,0.00258150982634556,0.00156009580328471,0.00149843900058049,0.00167649708457156,0.00190704356423658,0.00128500236054099,0.00263680851908391,0.00246526456885887,0.00246245373576639,0.00200129995979763,0.00158597544774258,0.00183878016274671,0.00200870250556391,0.00169357528070163,0.00348223587528745,0.00271012010239817,0.00152186140465804,0.00342942188084069,0.00296458414197129,0.00149089871569883,0.00311674982974852,0.0015075544288935,0.0020971836634608,0.00155930422915526,0.00147934645198674,0.00148912196478537,0.00155520201072917,0.00158102483732375,0.00156582134719846,0.00316895417754078,0.00161376715070817,0.00155493944206072,0.00215677240101909,0.00247980597397829,0.00297683086828434,0.00314316390617323,0.0015200172286704,0.00331012338054259,0.00277852098632456,0.00302274578854476,0.00128445761175928,0.00255602832032925,0.00166775477763617,0.00166528451445278,0.00293444563954686,0.00326706533597741,0.00339817193204889,0.0031907382071347,0.00327850500065739,0.00200148230239623,0.00167923810801246,0.00163611399094341,0.0036129808053207,0.00152365442268139,0.00214611467617111,0.00201074566484142,0.00126080095797612,0.00111465364657941,0.00173981794491178,0.00290036746976832,0.00126238142717616,0.00268067462883321,0.00290034431415951,0.00110468959273621,0.00173113560643487,0.00316740323254521,0.00272311401241338,0.00332173631395491,0.00339512440370841,0.00280004064858127,0.00220686993420693,0.00369964502389889,0.00363010141170463,0.00277909009908664,0.00155233682247349,0.00110540747511932,0.00243314139033863,0.00160676512491929,0.0025043259371734,0.0019130401961947,0.00148308098040345,0.00113284821906986,0.00277988208175434,0.00166858403346611,0.00303982685047155,0.00226096132217073,0.0016127704406055,0.00383171335669185,0.00340918910955354,0.00376123514269213,0.00276897752022787,0.00128398354182807,0.00368349536056861,0.00360305715943999,0.00186665460285789,0.0029785908993215,0.00142334128423151,0.00163059571686004,0.00362647831299899,0.00167345286969037,0.0013692796520356,0.00173638627284064,0.00244193532567996,0.00385129550524669,0.00308033994144156,0.0031685705338901,0.00336344040221957,0.00141379194489927,0.00166002677092738,0.00329816343190096,0.00368301004844872,0.00323125675262044,0.00162075650274198,0.00292095699443367,0.00284549221971669,0.00167175595764903,0.5,0.00168188008296119,0.00217382788041273,0.00360024050778382,0.00301603372323436,0.00288935766760244,0.00162220684421128,0.00209005675558771,0.00125698317405948
"DU0023",0.0032260444981495,0.00396102321567217,0.00210754829212148,0.0031327771198101,0.00103641930942145,0.002960786295207,0.00111095644983927,0.00133431876387159,0.00218494672607111,0.00388600293518395,0.00210018348416176,0.00316886563407582,0.00314389378195515,0.00319746719664079,0.00311689229859905,0.00107766123805544,0.00358101848433632,0.00238724191357076,0.00214275946232759,0.00218482939967788,0.00407706970445379,0.00219314743226007,0.00292410316076746,0.00215364913901552,0.00125733829401544,0.00120026540665012,0.00210477232376188,0.00198532888199828,0.00233835603483252,0.00318818418173056,0.00336995962069234,0.00119741443616674,0.00315885828292513,0.00311185034107752,0.00313116165219196,0.00317872242057481,0.00119057460538767,0.00111830727736828,0.00214539067028389,0.00111950441763722,0.00204380681289346,0.00398456513224311,0.00212652008994323,0.0020710974858973,0.00303525901596288,0.00405490917329933,0.00214917506372228,0.00214478286593016,0.00118977816507981,0.0039184168666974,0.00127982483784719,0.00404784791351759,0.00400285642468142,0.00212521349473272,0.00397280606060134,0.00114854997497293,0.00302747677483344,0.00112238100519843,0.00214477747249826,0.00407710306605227,0.00318641666518881,0.00209680880648327,0.00206354188642254,0.00101126559125075,0.00312614637390034,0.00214803006993043,0.00114353239973476,0.00328618025795351,0.00296427643324465,0.00126394584349454,0.00114464998002298,0.00113633494638205,0.00216322072447413,0.00305478717188239,0.00127600412554651,0.00113504070377479,0.00316064750955647,0.00213293243766719,0.00119596475092231,0.00114236515236682,0.00319131778374192,0.00319209082497279,0.00318703914627911,0.00316844406655432,0.00209813549314336,0.00403865837520044,0.00212540766745676,0.00111156734045772,0.00212726573587496,0.00114958822880732,0.00212257088694189,0.00106543835983538,0.00110730411272468,0.0011330812927481,0.00309103276359124,0.00405491378409973,0.00117448595084472,0.00406867122954295,0.00215799909604313,0.00204779761541874,0.0021615025102018,0.0038783063200409,0.0031594215604781,0.00108549727939623,0.00385084307169979,0.00216204412837775,0.00210937910046279,0.00119521561965158,0.00111986119348677,0.00119005294059474,0.00210053306860177,0.00112566288154376,0.00107558839393227,0.00313099913439745,0.00319380822047623,0.00313085049305601,0.00315622542331024,0.00309798577189685,0.00318283684793213,0.00317456415106964,0.00313202853857212,0.00122183603111794,0.00390342043744657,0.00313032152716186,0.00125910158147956,0.00110685738683324,0.00216674288478951,0.00213762091051324,0.0031047979939468,0.00117198564591791,0.00113028393466508,0.00103147947350336,0.0040686255852601,0.00108931600352986,0.00403820725883711,0.00403122826183468,0.00202241329979525,0.00108486600746807,0.0011394031782042,0.00211701730716123,0.00112636619578943,0.0038791810136743,0.00405870932784213,0.00397389858942409,0.00212686599084869,0.00313419971039919,0.00203434666577215,0.00116944170129451,0.00401537252565979,0.0029703917883281,0.00123668713521937,0.00109778554590249,0.00402150969640725,0.00107143192170388,0.00212148560123119,0.00312669586871046,0.00232264601003938,0.00165629815841195,0.00122291085540381,0.00121320936720145,0.00110719031658447,0.00112507819004804,0.00113671950360731,0.00211238975068178,0.00113948886327893,0.00219181898487351,0.00315554814287651,0.00314380745667644,0.00170566804170702,0.00315317767952847,0.00202591296131277,0.00211038946244524,0.00110708268802446,0.00310829526547573,0.0012396814454128,0.00404070595345565,0.00108348471435146,0.00208962998592955,0.00391142183271515,0.00201680652947508,0.0020928806600704,0.00201842795309462,0.00215757282921369,0.00406581611078596,0.00213746594432195,0.00201892982269157,0.00109904331708385,0.00207077757798084,0.0011890967967877,0.00314922487931497,0.00212818589656499,0.00405001568126808,0.00220276447010687,0.00210025030038662,0.00205659832294836,0.00205063598725118,0.00206286425759218,0.00117279378225002,0.00212285865615034,0.00235244126765372,0.0040236360659494,0.00212625187085829,0.0011183590094634,0.00118504797382726,0.00391037955326892,0.00215633517390134,0.00219264180256689,0.00405422534718601,0.00168188008296119,0.5,0.00131786394015157,0.00215044469733776,0.0011381469802729,0.00216061356625729,0.00109574925974913,0.00123395269982381,0.00400094966032584
"DU0022",0.00169120680490345,0.00167952403049722,0.0016664353013644,0.00155513139040842,0.00108918123482063,0.00107867933208579,0.0015507839206977,0.0111992515760994,0.00135989967332357,0.0016529485282397,0.0016861320495719,0.00219792461556044,0.00175918311805989,0.00223655910664392,0.00169171998697829,0.00180044974441427,0.0021101370181113,0.00200233351501839,0.00128656328231513,0.0242733940439034,0.00132306284213619,0.0254232991644459,0.00106177637827523,0.0012846407033429,0.00217738891545413,0.00220481189662207,0.00172312151376232,0.00206073585380839,0.00242076868448739,0.00224052606474188,0.00150097570002794,0.00224235242297153,0.00222863444815424,0.00217063189439305,0.00149147618442492,0.002190576655468,0.00222741808919631,0.00158747042066972,0.00129884111139422,0.00151999809827861,0.00162479140503169,0.00169683873504649,0.00167032800573807,0.0199424515382988,0.00123758511225117,0.00131792468575558,0.00130002824359308,0.00127896980149972,0.00180938151634786,0.00163243389828834,0.00175230137868664,0.0013137627349663,0.00168754067445411,0.00168989857006465,0.00168324898402613,0.00149364773083529,0.00120294424578826,0.00142567879803964,0.00131802613634893,0.00132305673171345,0.00146224071871587,0.0016764147649967,0.00167482241796388,0.00101259942991302,0.001597487888326,0.00129222289666735,0.00165638591078475,0.00161796729656097,0.00107933512901906,0.00222993923591218,0.00165879951767285,0.00155375802012732,0.00132490166849204,0.00115227873539978,0.0248306221639636,0.00150139965149348,0.00222473671998551,0.00219746727221111,0.00218010714214124,0.00156136884128168,0.00223501204938595,0.00222667141965934,0.00217403679051832,0.00221462003053196,0.00168704512569834,0.00170056323002694,0.00167018612967324,0.00116734524151693,0.0016565916264778,0.00156525240627674,0.00169894522875579,0.00108766343384204,0.00101368100764609,0.00224132899663629,0.0016522042225296,0.00131687897835408,0.00177728738970628,0.00132314441433941,0.00129089561568112,0.0016472689951255,0.00128506975528674,0.00166864497581356,0.00222356344619888,0.00139803891322647,0.00203744035973365,0.00131973184235331,0.00165543478389149,0.00173549009793579,0.00146848595281947,0.00221712604900298,0.00169515062297201,0.00143178971004069,0.00113450341834687,0.00163320839118245,0.00220743885823403,0.00174588297391384,0.00153713789683805,0.00158849902712636,0.00176439131995796,0.00222657804717051,0.00221069713648505,0.00222415452604069,0.00166259730902282,0.00218902569225617,0.012132246123352,0.00138644886466674,0.00173890070917322,0.00170402980145179,0.00162735370614304,0.00169186591351036,0.00166081851142301,0.00106413260987795,0.00132311423057534,0.00134670228916841,0.00130970212846989,0.00130764827125216,0.00165342245415296,0.00122367953215284,0.00151689491194948,0.00166189756971088,0.00138051975993709,0.00164756374411047,0.00131894097577219,0.00168326555174891,0.00167953717517464,0.00173026253625067,0.00158098877650035,0.00220626262146272,0.00169035436888756,0.00109587988812001,0.0109119189714124,0.00107675061887023,0.00169268574766588,0.00123395205798479,0.00126817542811069,0.00129626995961977,0.00300878804445714,0.00213913114056623,0.00179290012557784,0.00220380046253147,0.00141277216414726,0.00148264455222232,0.000925078994485259,0.00166296316342466,0.00160180187775487,0.00136124143597267,0.00177042312842787,0.00144110410549016,0.0017352725149884,0.00221084787283791,0.00157878759791217,0.0016913204552378,0.00120197849431632,0.00123821756884267,0.00227356744773735,0.0013106449399596,0.00127798867800807,0.00166771202575551,0.00165796879083235,0.00165831849283044,0.00166237829613471,0.00163768544099768,0.0013352829876756,0.00132208537230496,0.00129842330069056,0.001663615611753,0.0015358869354423,0.00167849088402006,0.00134908854469747,0.00223425440012656,0.00166965820220352,0.0013116940471717,0.00621437250394418,0.0249554554871948,0.00163230156702134,0.00167578446684784,0.00166391071745213,0.00170944650274159,0.00165990492135564,0.00251516916062521,0.00169476789711022,0.00165923526033647,0.0015441621191759,0.00221347851339634,0.00166239791569102,0.00128488445205436,0.00135843552621231,0.00131639886831332,0.00217382788041273,0.00131786394015157,0.5,0.00131073541644006,0.00169087083946854,0.00132421912287321,0.00123790200547091,0.00221972618337581,0.00169404055270346
"DU0029",0.00110961337277006,0.00206265694951411,0.00399593074058095,0.00108263168204706,0.00253235495922812,0.00107608099020386,0.00267584459553388,0.00171728186112057,0.00351395931631376,0.00199602292253674,0.00368993107570472,0.00123048726474112,0.00109697181093074,0.00121255265896359,0.00105313815850263,0.000955734045636478,0.00164337866099765,0.00241849749360813,0.00372261094140924,0.00219640126847487,0.00215644705657874,0.00220099815701108,0.0010688784075622,0.00327513377929969,0.00265582990786988,0.00288576338672277,0.0035811811072162,0.00367716914104133,0.00236188983594146,0.0011745293174682,0.0010714053517156,0.00245543056677398,0.00113357538571375,0.00108243570053764,0.00106414667325817,0.0012173184976485,0.00249452926905585,0.00267130487376596,0.00399690518039202,0.00269370711294954,0.00329657359023001,0.00208351992960975,0.00387602505569212,0.00207619757609741,0.00109030787806569,0.00214457014371165,0.00396793312963159,0.00304062591149907,0.00135544571272611,0.00201553705666843,0.00175921079264937,0.00213676548826942,0.00209668100871956,0.00398585595851661,0.00207568119058072,0.00307932436796342,0.00107110129007594,0.00314675181553075,0.0038369971076981,0.00215644955899675,0.00108286284949725,0.00240877576585508,0.00229000069065328,0.00173062249748512,0.00105476766581299,0.00390355168328695,0.00173215829864302,0.00111519609132232,0.00108313232950248,0.00149766884329036,0.00209667487701577,0.00231996407325672,0.00244222045811903,0.00105918135090941,0.00121011243640874,0.00325458058341731,0.00114792327893818,0.00251596507807945,0.00292046141528721,0.00272652133077691,0.00115852868012475,0.00121353759723031,0.00118194768522357,0.0011463819896472,0.0038167545567008,0.0021308937295201,0.00386085201071916,0.0031943714137445,0.00318604888407345,0.00291742048784977,0.00367720521067918,0.00268938719177724,0.00276757738727685,0.00101689510341453,0.00105290486927063,0.00214272902665035,0.00136066022852147,0.00215332517607267,0.00296532801532023,0.00241245924752394,0.00316610796263743,0.00200099310041344,0.00113127635032397,0.00143815816568781,0.00197328958382758,0.00250022629693425,0.00373635948835816,0.00209542950248855,0.00140434847005886,0.00316841196237359,0.00359794665759393,0.00140486181253761,0.00289104392521772,0.0010718737703232,0.00122739053392773,0.00108425526721567,0.00104994482460345,0.00104802537093798,0.00109238206720379,0.00112469263753346,0.00109548723217287,0.00292589780042261,0.00201309147140581,0.00109608887306086,0.00125567527513373,0.00226325664717987,0.00365304949396651,0.00380713185452071,0.00106711335200308,0.00306974951659953,0.00214803007244957,0.00271224773521705,0.00215245993212558,0.00206528397356258,0.0021298075344037,0.00212347608970861,0.00351885422649458,0.00304447096366097,0.0031457411393062,0.00383552442628037,0.00305577591382945,0.00200432468659669,0.00214638434047279,0.00207712222548255,0.00415651237240946,0.00106802486081254,0.00216134740418496,0.00146791317775557,0.00210433497350548,0.00107569638841046,0.00120151487292148,0.00267469887423457,0.00210843292541047,0.00244557668591731,0.00318401037942193,0.00106469870141928,0.00235065695923926,0.00293160564188777,0.00245955140539603,0.00306976850962732,0.00323513736441555,0.00297319923887794,0.0020241562907806,0.00396338222368457,0.0029970869324038,0.00344572077963841,0.00108588998845929,0.00105857418841888,0.00152502594672766,0.00114703279640847,0.00276448895321063,0.00230376790338028,0.00138452748880165,0.00109076370463846,0.00251306766218068,0.00213089091834515,0.00320461863262621,0.00259633851568814,0.00202401922150359,0.00398388388611228,0.00404336634101565,0.00396507974475277,0.00382117717673812,0.00215134682118946,0.00413587137984402,0.00381341403511678,0.00135833242689569,0.00360003574450501,0.00137952065627269,0.00115612136132067,0.00389107363298426,0.00213737882105282,0.00221129239078901,0.00209557620694713,0.00273236686237462,0.00406415662408024,0.00370812454141263,0.00249472902237522,0.00362206823588694,0.00238156685489028,0.00211833557328911,0.00355712758939915,0.00307615273984714,0.00297608932616592,0.00202419036863893,0.00321885972224607,0.00351901368656333,0.00213380785909035,0.00360024050778382,0.00215044469733776,0.00131073541644006,0.5,0.00278095144266632,0.00396137595436647,0.00137091726356581,0.00155039065627913,0.00209570200716292
"TT0053",0.00227458078085792,0.00110839229440242,0.00253823242135385,0.00219845292643125,0.00329985930504516,0.00171440414474383,0.00500124131655494,0.0016343879287327,0.00352636770777745,0.00109072349767415,0.00414755149223056,0.00159847717370934,0.00223036998687789,0.00160280897063753,0.00216639553167327,0.00191530763576719,0.00115154801595717,0.00103177611068594,0.00220753110999001,0.0012003295800068,0.00113901102046688,0.00119805755093242,0.00207132853014197,0.00182766521717534,0.0021788950299794,0.00450993881768531,0.00361830695220854,0.00362104694426957,0.000995469044311041,0.00163828976523824,0.00157393728659908,0.00467718007787085,0.00166202430379239,0.00217196405220814,0.00170421897710665,0.00158075500013425,0.00468603617522721,0.00501093644652889,0.00248987369880684,0.00497728432460083,0.00227556138918629,0.00111233918437792,0.00238214542035866,0.00150843974344478,0.00219365995288049,0.00113572981682697,0.00245563798966331,0.00167584223048239,0.00254836217594112,0.00149138297249356,0.00192578717621594,0.00113141451035406,0.00111305931245042,0.00309792397628474,0.00111308582037215,0.00310959423898705,0.00140616621565465,0.00359145934625672,0.00347049489492238,0.00113901041036662,0.00175783025202167,0.00134099990286884,0.00166768966875636,0.00260417552301461,0.0017352060779836,0.00239063087963599,0.00248561618631918,0.00172145127618046,0.00212480465156026,0.00181615709676787,0.00277223101573252,0.00294853460010442,0.00134677158341425,0.00126026086808795,0.00173323231712027,0.00387666608838601,0.0016603542275488,0.00156805116182767,0.00298942959129539,0.00491699877180548,0.00164992962160118,0.00159935751472229,0.00163298803654812,0.0016544094250687,0.0036755622690647,0.00113009545421402,0.00236392605424421,0.00328281506292726,0.00177747408900888,0.00465056258322877,0.00368252745606875,0.00461915505328638,0.00359135451288911,0.00176353730917603,0.00219513732024192,0.00113476985056065,0.00247840784856589,0.00113942104880874,0.0016245392102396,0.00173179305316839,0.00175136841227448,0.00146917505424599,0.00166440225456305,0.00204661124946235,0.00147372120465011,0.00137643367574847,0.00225196391703859,0.00227286726481906,0.0019393093484121,0.00412631569288979,0.00363308065741711,0.00203172804019302,0.00350083541514269,0.00253561577070121,0.00158165259151147,0.0021531752121592,0.00170861577332339,0.00222544748197383,0.00224606552435705,0.00168228993323748,0.00222112851474159,0.0039124661481338,0.00109745933549424,0.00215552970561111,0.00169329376737057,0.00237955759287226,0.00334002499240285,0.00349106238272832,0.00235313401629568,0.00444777991393874,0.00301407114276738,0.00334678340879956,0.00113814332962211,0.00291149144930568,0.00112929572462731,0.00112782158109136,0.0033477218582934,0.00306555460923795,0.00320706582698347,0.00234700794142519,0.00316578968051762,0.00146794391508474,0.00113645331172046,0.00110706402904664,0.00269102976845556,0.00223009921545219,0.00162493903659041,0.0025171180568625,0.00111391936068289,0.0015266101083932,0.00224368263594377,0.00272966750642266,0.00111618954043643,0.0026026234055698,0.00177773797960087,0.00153242880610828,0.0010307353109393,0.00411140363522546,0.0047646169875078,0.00339145439037032,0.00366667304301203,0.00390650477654576,0.00180371388501264,0.00249117134153198,0.00360600510835879,0.00345195458098281,0.00170180553510145,0.00166409082434962,0.00136481569441287,0.00166348448492472,0.00156197028180825,0.00125935109030337,0.00166451255242952,0.00124929214094986,0.00411772636237443,0.00112888748115672,0.00336965644061064,0.00143007402543749,0.00146512889071369,0.00279949644033631,0.00281622940036847,0.00316971747000623,0.00285396106506474,0.00113848669165894,0.00265269382482567,0.0033615861173153,0.00259262615228842,0.00350823500083188,0.0019714770361979,0.00169457649873842,0.00239707095225091,0.00113213759687882,0.00111584196458726,0.00149913440474968,0.00188556820371844,0.00314283801110073,0.00377339961805568,0.00306060248219733,0.00213271133087712,0.00101673676987374,0.00112450907131979,0.0020693791302784,0.00372522398567027,0.00434546128580113,0.00146676735361556,0.00178756638389718,0.00352636024864235,0.00112539728827526,0.00301603372323436,0.0011381469802729,0.00169087083946854,0.00278095144266632,0.5,0.00328462189224583,0.00249276870100484,0.00241482394694727,0.00111132779392076
"TT0052",0.00112441870171172,0.00207265883117144,0.00368700454499932,0.00108829704269674,0.002200343169827,0.00107269369967972,0.00319053653100453,0.00132308780644165,0.00400804479107228,0.00200407925644114,0.00417880496113537,0.00124014890937633,0.00111337686321669,0.00122130201534814,0.00106750681645424,0.000967360912428405,0.00125821299767367,0.00242908087519584,0.00340495267694441,0.00220689332652586,0.0021667110519692,0.0022113460112069,0.00105735981668171,0.00300631934110207,0.00233659368701923,0.00336880820555272,0.00406913426059915,0.00375723271812004,0.00237104977627127,0.00118611954057037,0.00108785240796967,0.00296917877341538,0.00114619040794104,0.0010962480829143,0.00107620764560468,0.00122776230501468,0.00300789131579244,0.00317566523340505,0.00368277645505834,0.00320423700191244,0.00300579438145404,0.00209295632890933,0.00356101713048881,0.00208435309917026,0.00108841371394399,0.0021544408509944,0.00365254057773689,0.00281804668071845,0.00131834067708279,0.00202516269605787,0.00163056420757726,0.00214631248961791,0.00210597910167821,0.0042257985936966,0.0020850486212257,0.00271871071701426,0.00108049760159414,0.00316788661941149,0.00430663585396331,0.00216677093233859,0.00108615030637988,0.00234405062730308,0.0022446216278587,0.00155695457237828,0.00106700703317006,0.00358714418939428,0.00157574270895404,0.00112397088457358,0.00107519717622114,0.00144133162429348,0.0018797577765053,0.00202819115098787,0.0023864008999421,0.00104825750306254,0.00122458860530375,0.00296724811643886,0.00116090909374886,0.00254224726328844,0.00259993728661433,0.00323574703021952,0.00117182673333613,0.00122265751586201,0.00119436093586438,0.00115807367129421,0.00427405093312077,0.0021407006818504,0.00354500978788543,0.00309708926815144,0.00292964902283321,0.00348424969503884,0.00416222029149727,0.00313793009374249,0.00323411188230416,0.00102966503989905,0.00106445822764359,0.00215268841680331,0.00131580319374893,0.00216373148905144,0.00276463871645466,0.00233015705376261,0.00292156838666773,0.00200990688751727,0.00114365241104001,0.00135849050913281,0.0019831620878945,0.00243086409376581,0.00342170974035597,0.00186559702473529,0.00133845134188881,0.00321351696426265,0.004081582208775,0.00138027580073457,0.00255852403935516,0.001079783603854,0.00123771787896164,0.00109811008749644,0.0010583844919958,0.00105967030119064,0.00110991383751261,0.00113757284389098,0.00111231522476495,0.00339984338660829,0.00202318803225546,0.00110882873510001,0.00125580176742246,0.00199379341707501,0.00418493361682003,0.00427694661142329,0.00107684080003068,0.00340532904647659,0.00189264303354233,0.00237250367716928,0.00216277743772924,0.00181880198717786,0.00213956452559569,0.00213323359641379,0.00396827771727021,0.00271666159314528,0.00280184557389663,0.00352004687657961,0.00273238736319703,0.00201355254555486,0.00215637717353461,0.00208644023738445,0.00385639442074982,0.00108116801687899,0.00215199155069831,0.00140258346602695,0.00211297989586237,0.00105936927755005,0.00120640071200625,0.0023389738376414,0.00211759459649821,0.00212718932805589,0.00292651425711003,0.00107680494357931,0.00235884027161112,0.0038157409785784,0.00298518649978636,0.00304321012728766,0.00317530508987992,0.00344837214340136,0.00176755334368588,0.00365344302595525,0.00267535100151469,0.00393356991915204,0.00109715072761769,0.0010722197454092,0.00146982492069631,0.00115853404156279,0.00257969305356572,0.00226509015169948,0.00132433174672301,0.00107781785524079,0.0030177092216643,0.00214024242625563,0.0029813199523925,0.00246786644468526,0.00203318031197678,0.00345251955518342,0.00394025626256765,0.00386744833760104,0.00399063590945594,0.00216190387631085,0.00383086664308536,0.00402320188899012,0.00129535730555734,0.00405991103851597,0.00135680664438185,0.00116891007743795,0.0035761118160771,0.00214697840720141,0.0022135851365642,0.00210568630482466,0.00255957436878012,0.00385632653492662,0.00417046493657544,0.00218683900168773,0.00330992708865301,0.00239138515608685,0.00212789382760506,0.00324722668858168,0.00274516177693305,0.00344696424310726,0.00203357987556249,0.00296196631185006,0.00401291037183827,0.00214241888490272,0.00288935766760244,0.00216061356625729,0.00132421912287321,0.00396137595436647,0.00328462189224583,0.5,0.00129932008730686,0.00148125163742902,0.00210426829020605
"AL0003",0.00128340349683927,0.00107510284291399,0.00141307518082476,0.00164603285242901,0.00516581487950572,0.00352300894301733,0.00310083880443692,0.00101022177977105,0.00120222693122595,0.00108161940415471,0.00126053514350789,0.00133537901805191,0.00143810978433831,0.00133042739035938,0.00124727611897826,0.00428564935743335,0.00128014107061421,0.000949032374888354,0.00163296684844052,0.00097538124657963,0.00109959046646866,0.000980524609191329,0.00692903236080161,0.00251379264239353,0.00207756296076579,0.00170266874671491,0.00120126044159081,0.00143577857066964,0.000910235086409681,0.00116214416698563,0.00197874750820558,0.0015379245544576,0.00136497215639058,0.00144611205240578,0.00148214199987101,0.0012817703804669,0.00154082538966273,0.00289612698340306,0.00144857487381475,0.00312360724427975,0.00213196569890404,0.00107783463920809,0.00147665616872079,0.000946654462327557,0.00418288327230247,0.00109735499803738,0.00146401576900573,0.00308783157296425,0.00729812779264996,0.00110164726012452,0.00524449211557413,0.00109188743169426,0.00108145908262214,0.00130760491858677,0.00108567538214141,0.00253993131092149,0.00214729498761074,0.00180336399518945,0.00127465176318856,0.00109958947122377,0.00263757464789398,0.00608649851430825,0.00673635200265069,0.00618392863075248,0.00127585694889461,0.0014886795711983,0.00363648685823669,0.00158127993232818,0.00384219673918861,0.00706093513682902,0.00236613279258032,0.00260374429266236,0.00693845237135576,0.00832964849615348,0.00131754550376393,0.00178872031669919,0.00116039517472334,0.00145792037161008,0.00159064977965129,0.00175387215763443,0.00116557134496124,0.00129546765562418,0.00116801007875169,0.00148145374166184,0.00127663444170998,0.0010927730471293,0.00148535131646476,0.00236509234467987,0.00259867230487968,0.00170620418640204,0.00121410798201749,0.00561551507649107,0.00155638442788669,0.00215559393253964,0.00151270985686135,0.00109228187143079,0.00731621171558661,0.00109448262643288,0.00347223615045503,0.0053157607231311,0.00280307452950753,0.0012000929244775,0.00135980263990698,0.0086598686315771,0.00126631560091666,0.00603102316096978,0.00154065158985045,0.00319645932764117,0.0069431830722309,0.00173575163935536,0.00120430362692987,0.00210805549023502,0.00448226927695974,0.0026652742474171,0.0012782735307168,0.00140617769023111,0.00146086066549431,0.00151723305590815,0.0014581368212839,0.00119248416738875,0.0014903390883261,0.00152637630685341,0.00124372775125746,0.00136414674234056,0.00124771590714062,0.00249624926632846,0.0012262350840946,0.00127433485696,0.00176904979199026,0.00151124296433472,0.00406372178866878,0.00447631427420041,0.00109717438054437,0.00537162831513122,0.00109140263598528,0.00109216748825466,0.00123145171042126,0.0030470089212907,0.00199712540978011,0.00148155112319743,0.00321137927301872,0.00122128529114579,0.00109396995690999,0.00107649397345064,0.00137540921733223,0.00168504854302493,0.00182297169875295,0.00681370774346121,0.00108617460092515,0.0025938547536001,0.00110747733071357,0.00527538133659509,0.00108636643176903,0.00448179749420334,0.00258705529779233,0.00134373375481083,0.000908997987227075,0.00138753294893562,0.00160159269928111,0.00161178013291766,0.00270682159516935,0.00154195016560399,0.00371438471080662,0.0014243806899965,0.00180123146121104,0.00118994684177687,0.00143967159473696,0.00133658641524893,0.00698799612874678,0.00117433769171668,0.00359208953733322,0.00616715290865501,0.00775226033613914,0.00176331141543923,0.00156492416687283,0.00109219912183935,0.00357216144106513,0.00497418891715015,0.00108720892889553,0.00151426271960875,0.00132582958931823,0.00146672140283205,0.00126456722510744,0.00109636807891083,0.00139653180545079,0.00147186602810841,0.00833290415584896,0.00123951965774057,0.00377484754051802,0.00137476994906074,0.00146402950635537,0.00109497882657775,0.000931037340949935,0.00109938990781152,0.00379971788128786,0.00151707248652029,0.00124825201661786,0.00226751612553218,0.00167712995933125,0.000907183878020542,0.00108885751300718,0.00195418577934199,0.00215553989799925,0.00163978394917482,0.00106933064193921,0.00264688306486531,0.00119841980540218,0.00109545736095493,0.00162220684421128,0.00109574925974913,0.00123790200547091,0.00137091726356581,0.00249276870100484,0.00129932008730686,0.5,0.00654842977319257,0.00108542930371154
"AL0002",0.00172885756519997,0.00159761010942395,0.0019809777085958,0.00165590197313179,0.00271401634432189,0.0014611324250992,0.00183565800136686,0.0017651939219786,0.00177575920977728,0.00159137282981952,0.00183544134227188,0.00215727568601142,0.00171587353433634,0.00171719041921113,0.00165439954469921,0.00160139484586554,0.00168509621082868,0.00122614719008353,0.00242455091194419,0.00132594044326363,0.0012381997526839,0.00169327673677242,0.00148610180719261,0.00278594392998341,0.00272234208813287,0.00244555825057584,0.00175471929877431,0.00184828599520209,0.00151553166055943,0.00215012436764572,0.00118692351600311,0.00184973745065279,0.00214652280519882,0.00169277476476348,0.00158042984726761,0.00170307888209396,0.00184481741268567,0.00232720735181317,0.00162811216732567,0.00180449011620829,0.00275368308721885,0.00160553399668916,0.0020491418233751,0.00164015463397376,0.00156908450721292,0.00163612178555159,0.00164443564391732,0.00379634181783348,0.00624137125388811,0.00163377347474523,0.00602214681680304,0.00122978162110134,0.0016095443112239,0.0018780737525472,0.00161150001522572,0.00211303148528683,0.00117791751367723,0.00184565546803037,0.00145337325124255,0.00123819745106467,0.00158720238718929,0.00646258895932768,0.00599774868009078,0.00390807798424037,0.00161317977313382,0.0016713020709161,0.00429452027211737,0.00161997637138396,0.00154788555758055,0.00696545092660391,0.00275265722123741,0.00307044512564233,0.00596753847451075,0.00120569333806379,0.00178821263269806,0.00193659934315428,0.00214318924808102,0.00187297011425212,0.00213127740043526,0.00179179438667842,0.00214614578192684,0.00171025258664953,0.00217671074948609,0.00215740331742225,0.00184265415266725,0.00162796084870122,0.00205858671632446,0.00171601962393589,0.00327064577744828,0.00176010490091732,0.00176931668700018,0.00171291371863978,0.00141212154310389,0.00172187728416964,0.00163704201598995,0.00123019216726547,0.00646140495573415,0.00123354111012727,0.00380278750520864,0.0058649051552839,0.0030975775139261,0.00158265060071955,0.00214079749257818,0.00684078582234887,0.00159103584469859,0.00624354752700086,0.00229519201782598,0.00388319784734902,0.00674897253581268,0.00252402994907502,0.00175357328500205,0.00209932215251695,0.00195702339120147,0.00171533222036923,0.0017014949164778,0.001691279620523,0.00157797133906186,0.00165667082542444,0.00170589801184248,0.00170752726755263,0.00219635497061093,0.00237915428113461,0.00157897882354061,0.00169068681809356,0.00223014999004024,0.00245899805007589,0.00179887781291373,0.00184485460517812,0.00220076791187272,0.00201243914859355,0.00406996013695876,0.00237116191051593,0.00123556188432367,0.00398269106780107,0.00122831970643843,0.00162632491515275,0.00177657893314856,0.00183968921127959,0.00165248666348889,0.00166057976327322,0.00194755777133072,0.0015823175902397,0.00123205892227059,0.0015997488940316,0.00194323346361252,0.00166619833394816,0.00186444169036759,0.00740977138780877,0.00122070387742603,0.00142434750775175,0.00184834976159712,0.00222222086416444,0.00122131870160958,0.0029405690472515,0.00325665480970114,0.00119676242951971,0.00119152527692426,0.00243307048529963,0.00182340926701629,0.00239369401587883,0.00190365263288993,0.00180724540005599,0.00324942965453837,0.00199033271160768,0.00204721751994006,0.00135846362743876,0.00169942624651712,0.00121066687834598,0.0064012836858278,0.00215283524016039,0.00429586116804827,0.00560776350873996,0.00623214121201487,0.00120157901584041,0.00184886679694246,0.00122913917663125,0.00181280388183619,0.00568625486292922,0.00160076474504436,0.00192863320676859,0.00187763090843067,0.00186660686287865,0.00145591107509741,0.00123470220575121,0.00157415371435785,0.00183083043647841,0.0070584292879996,0.00179647285648397,0.00193840714430396,0.00221511522541434,0.00164174502707878,0.00163235154204279,0.00123750676229171,0.00164361295024573,0.00451436268916463,0.00190204182331238,0.00180397107386481,0.00284419219037775,0.00248969507641448,0.00119257173419711,0.00162087958676904,0.00218515256004656,0.00206522369004272,0.00245948101856312,0.0015901350720089,0.00293026330274487,0.00136809242900445,0.00163204077602713,0.00209005675558771,0.00123395269982381,0.00221972618337581,0.00155039065627913,0.00241482394694727,0.00148125163742902,0.00654842977319257,0.5,0.00161206122750178
"AL0004",0.00319550129138365,0.00390773348522952,0.00206248065287646,0.00310268832823625,0.00101791954587305,0.00293202019318202,0.00108641956625716,0.00173096263597524,0.00213134716982919,0.0038350707623703,0.00127318546799005,0.00352247096109701,0.00311351459882988,0.00355679940413563,0.0030874197033063,0.00113111370654713,0.00392436353152816,0.00232931121973075,0.00209032543280653,0.00215834574408253,0.00401393860060311,0.00216648776983323,0.00289606152834807,0.00210423991263654,0.00163003520360879,0.00155562759238179,0.00205495645019443,0.00193946948473351,0.0022884239983853,0.00354878238403764,0.00334022394518775,0.00117312558334511,0.00351375988055734,0.00308179317059301,0.00310227273645165,0.00353556075945641,0.0011663841539404,0.00109637502653515,0.00209168263511751,0.00109690124063896,0.00200279702888604,0.00392871600343323,0.00208188617389742,0.00205452368403479,0.00300670445639986,0.0039927868541333,0.00209523860611447,0.00209904759974016,0.0011767453021737,0.00386405123538997,0.00166306174189388,0.00398572159631511,0.00394934441911995,0.00207393881406714,0.00391986221539401,0.00112713221300616,0.00299856359436636,0.0011004733273648,0.00208874200363362,0.00401391691318273,0.00315636613418747,0.00205673654542827,0.00202586187483394,0.000997098403691308,0.00309692684355782,0.00209462733709628,0.0015073969003353,0.00325493375414891,0.00293564562767309,0.00164613440896702,0.00111647332143992,0.00112017743535392,0.00211862765224265,0.00302696322155463,0.001645035190391,0.00111350390208054,0.00351554587721748,0.00168091951335566,0.00154955101155388,0.00111814234614011,0.00355041832573849,0.003552190886205,0.00354951871357241,0.00352311701805358,0.00205151564410285,0.00397776199302605,0.0020800786430394,0.00109007722410148,0.00208167638687663,0.00112549491749746,0.00206990304333482,0.00104240741933137,0.00110100388737967,0.00152344071066959,0.00306407009053492,0.00399225714411341,0.00116229187550909,0.00400573060188585,0.00211044583973888,0.00201050095142792,0.00211230697375419,0.00382616904327061,0.00351317352606787,0.00107444824055797,0.00343232681788748,0.00211706060876343,0.00206521064812255,0.00156680200467642,0.00111171144160237,0.0011663954235775,0.0020527533248571,0.00111758888806906,0.00105559601201804,0.00310152528153085,0.00355275038882801,0.0031006499321443,0.00312906702851828,0.00306879568280197,0.00315236716339782,0.00352911808505698,0.00310154506764877,0.00157857023898223,0.00385104304911552,0.00309996173800347,0.00164630958244082,0.00109046436329486,0.00211832047429217,0.00208818213220847,0.00307785906875454,0.00114823911010995,0.00111455809698977,0.00101250699863963,0.00400567063592817,0.00107438769336683,0.00397645480964947,0.00397232362215169,0.00197446579100497,0.00106524128168226,0.00112042045583594,0.00207486193034659,0.00110279333938608,0.00382478880155668,0.00399619949437331,0.00392110591987933,0.00207928536636211,0.00310437401897595,0.00199185169148416,0.00115727644749558,0.00396267198961576,0.00294240145944498,0.00124997201183192,0.00107859109844408,0.00396717088367734,0.00105475245442684,0.00207616080233894,0.00309887262420893,0.00226977517189147,0.00123016754993947,0.00119822117388593,0.00156324844703106,0.00108508317963149,0.00110256932678132,0.0011466909988605,0.00206226988974402,0.00111859042914633,0.00213629696363195,0.00350241016567829,0.00311483355349277,0.00168060371914243,0.00350805642551919,0.00198801347286795,0.00207415541075169,0.00125263739588944,0.00308015845583245,0.00160537773134534,0.00397906746128962,0.00106342403493252,0.00205429010473522,0.00385956682424235,0.00197162489840861,0.0020473852397852,0.0019743173031342,0.00209404084896376,0.00400286218231594,0.00208399747895103,0.00197223413454484,0.00109099647965462,0.00201928769530051,0.00116712144030689,0.00311764941587624,0.00208109046805321,0.00398881741029366,0.0021749244574213,0.00208425107908141,0.00202021873560069,0.00200371378145237,0.00201103249693926,0.00115389092011319,0.00207450432370069,0.00229596259187304,0.00396310807900584,0.00208132036397718,0.00109906906054766,0.00116072079148895,0.00385759285325308,0.00210694303912848,0.00213594763166741,0.00399713520464751,0.00125698317405948,0.00400094966032584,0.00169404055270346,0.00209570200716292,0.00111132779392076,0.00210426829020605,0.00108542930371154,0.00161206122750178,0.5
